0.6398783711770628  2.8339290637546797 6.307736498686422 pid13bb
2.6987579349410384  3.894089874330491 10.48693768360202 pid142f
3.11947814059075  3.5021707673844857 10.123819675359721 pid141e
4.6701836785117585  2.3006264286821945 9.271436535876148 pid13f1
6.18044387048047  3.5822153085850847 13.344874487650639 pid13c5
6.52479560224426  1.7275097452021861 9.979815092648632 pid1444
7.440139187125845  3.1996597595689047 13.839458706263654 pid1424
7.54194784901292  4.166032568512678 15.874012986038277 pid143d
7.951732863920141  1.104163524465124 10.16005991285039 pid13dc
8.720943441298596  2.136350673990755 12.993644789280106 pid13f0
9.234052099471679  1.2334913641547876 11.701034827781253 pid1411
9.282987557713223  3.2191048285280903 15.721197214769404 pid13f5
9.344509841024642  3.0481582050441105 15.440826251112863 pid143b
10.559091428553657  3.091030883749736 16.74115319605313 pid1434
13.334073338723698  4.876209049809929 23.086491438343558 pid1429
14.798080135715345  2.3663198169000945 19.530719769515535 pid13dd
15.010798065713747  2.797553977181666 20.60590602007708 pid141c
15.872989618857705  2.972159171293768 21.81730796144524 pid13ca
19.605047697203727  2.1868668009297694 23.978781299063264 pid13ba
19.84433577939859  1.752628365055645 23.349592509509883 pid1438
20.705306444350327  2.4270808402039576 25.559468124758244 pid13c2
21.839488636140377  1.20700411818604 24.253496872512457 pid13f6
24.15388136043945  2.7055913595518004 29.56506407954305 pid13be
25.083558082217934  2.1397607222237363 29.363079526665405 pid13ee
26.241469681392825  1.8431403142342044 29.927750309861235 pid13f3
27.88598642199743  4.119694947633043 36.125376317263516 pid13fe
28.742526216229834  4.437371371227021 37.61726895868388 pid13d3
29.66589506673928  1.0806654934318667 31.827226053603013 pid13d4
30.36717251407962  2.3840317505050557 35.13523601508973 pid13d7
31.74262721195515  1.9097120398786518 35.56205129171245 pid1407
33.00993339611162  2.4875523232653953 37.98503804264241 pid13e8
33.348532252583134  2.6984527774448455 38.745437807472825 pid1415
36.081988081693765  1.86058352284011 39.803155127373984 pid1437
38.82067103507009  3.935274360675189 46.691219756420466 pid13c9
40.24114086030112  1.366053736741145 42.97324833378341 pid13f7
41.5634834232899  4.992660084140079 51.54880359157006 pid1423
42.231524843411556  1.2885253285266942 44.80857550046495 pid1403
42.99153521699773  1.7217875251891965 46.435110267376125 pid13c1
43.31045950029363  2.6980498960661956 48.70655929242602 pid144e
44.575706435673695  3.228287562029932 51.03228155973356 pid13e1
45.856367245933896  2.0972596933402703 50.050886632614436 pid140c
45.98512143394166  2.543789438063865 51.072700310069386 pid13e2
46.30232027789976  1.8300611021764435 49.96244248225265 pid1436
48.04899593298021  4.336067263900645 56.7211304607815 pid13f8
49.443322941305546  2.17178485683442 53.78689265497439 pid143c
49.556265525141406  2.9896334953016077 55.53553251574462 pid141d
50.43223118244005  4.873069141525613 60.17836946549127 pid13ff
50.56395094989588  1.352898329297636 53.26974760849116 pid13c7
51.723834850352965  3.337429728290381 58.39869430693373 pid13f9
52.466923548380784  3.612028330181661 59.69098020874411 pid13c4
57.413940784577306  4.90900611177965 67.2319530081366 pid142b
57.90868986193111  2.2454558541596232 62.399601570250354 pid140b
58.589820618912036  2.6327509869605135 63.85532259283306 pid143e
58.82139370024506  3.016290731252633 64.85397516275033 pid13de
59.62146156212372  1.8834987258545288 63.38845901383278 pid13fb
61.08380621761361  3.1812425443310257 67.44629130627567 pid13e6
61.90562519201536  1.7637643212240977 65.43315383446355 pid144d
62.161845473473406  1.5697497386255184 65.30134495072444 pid1417
63.939625528832266  4.915784678961807 73.77119488675588 pid1401
67.99990012741402  3.2109219531659337 74.4217440337459 pid13d0
68.62108135897951  3.4039847451913285 75.42905084936217 pid1402
73.17999933030627  1.1807580631148493 75.54151545653598 pid13e7
77.97717540355836  4.72894596372051 87.43506733099939 pid1431
78.1762249805771  3.538850296700101 85.25392557397731 pid1441
78.48524725714454  3.08232361216327 84.64989448147108 pid13da
78.99236020180074  2.8296855928382643 84.65173138747727 pid13ea
80.21058952459181  4.0723989904512266 88.35538750549426 pid13cb
81.0925575189102  3.95606317716189 89.00468387323397 pid141a
82.81440550840074  4.154058776372301 91.12252306114534 pid1413
82.92012193362854  4.198220902314018 91.31656373825658 pid13c6
84.21408600836264  2.2221649079088484 88.65841582418034 pid13fc
85.91090924142708  1.9550372515073526 89.82098374444178 pid1445
86.48708813224361  2.760073257919666 92.00723464808294 pid13e5
92.32023581846448  4.76174659302481 101.8437290045141 pid13e9
93.64911324409091  2.1132829488248452 97.8756791417406 pid13f2
94.42628157534261  1.6728450580654446 97.77197169147351 pid144c
95.25697647659459  1.3376483867010989 97.93227324999678 pid1432
95.80680272555774  2.764165824554705 101.33513437466715 pid13db
98.08084053500333  4.759705183191361 107.60025090138606 pid1428
98.94977124909926  1.0741829006553871 101.09813705041003 pid1433
99.36720051370025  2.856240370443664 105.07968125458758 pid140d
100.25896674145538  3.4065780323537282 107.07212280616284 pid1404
107.02011418703295  4.03023444024132 115.08058306751559 pid13d9
108.53126785729887  1.1933973757915353 110.91806260888194 pid13d2
108.76760873046952  1.2497077607892866 111.26702425204809 pid1409
109.33338846467409  3.789167557703903 116.9117235800819 pid13c8
109.4735636318615  1.6214025159815733 112.71636866382464 pid144b
112.84367748792474  2.361615740502899 117.56690896893053 pid142a
113.0797392259843  3.02352065422553 119.12678053443535 pid1440
113.9198506951437  3.761514890473718 121.44288047609113 pid144f
118.19356837884268  1.482047422613832 121.15766322407035 pid13d1
121.956536901599  1.6358730128138261 125.22828292722664 pid1426
121.9725088208409  4.065139227289544 130.10278727541998 pid142c
122.75150533957934  3.6419264828939206 130.03535830536717 pid13df
124.05776039199768  2.5825173888955306 129.22279516978872 pid142e
124.31656777693232  2.3846247124115 129.0858172017553 pid1425
126.35814656030445  1.8001864964962166 129.95851955329687 pid1449
126.90330008371748  1.2023844710052054 129.3080690257279 pid1418
127.40971377053344  2.7816037093132118 132.97292118915988 pid13d5
129.0753410968857  4.266280940481968 137.60790297784962 pid1422
132.24792802363987  3.422890228696138 139.09370848103214 pid1421
134.08651660889223  1.790512296520507 137.66754120193323 pid13e3
134.2128764282516  2.096963136504638 138.4068027012609 pid1439
134.47916403507355  1.8422164082023635 138.16359685147827 pid1419
135.72016272880128  1.7085320088775835 139.13722674655645 pid143a
136.10797429864925  4.696495919426222 145.5009661375017 pid1448
136.4595652931332  4.621003331807437 145.70157195674807 pid13bd
137.95066918290652  1.2041981844261844 140.3590655517589 pid13fa
140.52303775415706  4.3123047166308695 149.14764718741878 pid141b
140.59356867144817  4.333812916237681 149.26119450392352 pid1427
142.5001914449142  1.7120217338513246 145.92423491261687 pid1406
144.65473245071547  3.8288343350645553 152.31240112084458 pid143f
146.6924851265032  1.8120267881592058 150.3165387028216 pid1446
148.14854829254398  2.526909066661608 153.20236642586718 pid141f
148.55571047443718  2.2009288700981506 152.95756821463348 pid13ed
151.19188119687135  4.5023484670608 160.19657813099295 pid140a
151.9366635276006  4.149815940392865 160.23629540838633 pid13e4
152.4937275405275  3.6596331792735564 159.8129938990746 pid1405
152.68432411902157  2.387582938146499 157.45948999531456 pid1442
153.13226155044993  3.732167944053431 160.59659743855678 pid140e
153.28396364502876  2.9139884280184694 159.1119405010657 pid1412
153.76899818979638  3.216031016605887 160.20106022300814 pid13d6
153.84467735566074  1.9928412660092825 157.8303598876793 pid13cf
155.0043654909564  4.451949240410997 163.90826397177838 pid13bc
155.30098505924482  1.205950650388258 157.71288636002134 pid13ec
157.06988649803677  3.84322093395958 164.75632836595594 pid13ce
158.41890255547906  1.8582366289726 162.13537581342428 pid13c0
159.03881959456606  3.799464974670733 166.63774954390752 pid1416
159.33375911866747  2.2668235732612 163.86740626518989 pid142d
161.42398286733103  1.5768213451626183 164.57762555765626 pid1443
162.0063636961128  2.0666825010802796 166.13972869827336 pid1408
162.44342509660964  3.6110791831457325 169.6655834629011 pid1410
162.74356690163089  2.0007660860083654 166.74509907364762 pid13ef
164.94440933821778  2.4173134295982845 169.77903619741434 pid13cd
165.36481600832357  3.6715728245189228 172.7079616573614 pid1414
167.27102100641133  2.330718014943509 171.93245703629836 pid1430
167.54316628951514  4.987790507789956 177.51874730509505 pid13d8
167.72408083057834  3.240309872625007 174.20470057582835 pid13cc
167.95273816400615  4.921185463202056 177.79510909041025 pid1447
169.35039668084312  3.808496607714254 176.96738989627164 pid144a
169.94355816088654  3.8977036894211414 177.7389655397288 pid13eb
171.23253272884097  4.326555809216456 179.88564434727388 pid13e0
171.5997882003836  1.170297845748411 173.94038389188043 pid13fd
172.81397332896992  1.515882192940559 175.84573771485105 pid1435
172.8369250358989  2.2331632617748842 177.30325155944868 pid13c3
173.42320102291032  4.505064914152089 182.4333308512145 pid140f
176.38286221429993  3.332208340233463 183.04727889476686 pid13f4
177.15271801420874  1.180298966122089 179.51331594645293 pid1400
177.57402089838902  1.7509152638727978 181.07585142613462 pid13bf
177.88114909281413  4.197962291954061 186.27707367672224 pid1420
