4.830367167032929  1.5567807517052732 84.83036716703293 pid3f8
5.007120589636255  1.3888461687091356 85.00712058963626 pid40f
12.615358235261597  1.836819210754925 92.6153582352616 pid3ff
13.336847131235146  1.6237474970312287 93.33684713123515 pid405
15.090421644593393  1.9547757963888137 95.09042164459339 pid3f9
16.65468322724124  0.7451308053734476 96.65468322724124 pid3e8
17.345568707019783  1.6115373415129182 97.34556870701978 pid3f0
32.684921555078986  0.6632770843203648 112.68492155507899 pid40b
33.95553162305452  1.445665071467661 113.95553162305453 pid403
34.90827604807815  1.0869236502976947 114.90827604807815 pid411
35.47390189903428  0.5148647291721371 115.47390189903427 pid40c
36.900168068546996  1.6188309992577077 116.900168068547 pid3e9
40.21839818253185  0.8944153628792746 120.21839818253184 pid412
46.215090035851844  0.7176856245201392 126.21509003585184 pid3f1
46.570403499836594  1.380827478423189 126.5704034998366 pid40e
48.099870435318984  1.5099175540855194 128.099870435319 pid3f2
48.81158019666682  1.5996772074262275 128.81158019666682 pid415
48.88058744576538  1.2083037388029285 128.88058744576537 pid418
55.95127117632634  0.8159722581317133 135.95127117632634 pid3fe
58.03825158855307  0.8821558139962611 138.03825158855307 pid3fd
58.581564589387526  1.1019927294488576 138.58156458938754 pid3ea
60.428984628320585  0.6573241044088114 140.4289846283206 pid417
61.18446278454762  1.8730120580791554 141.18446278454763 pid414
62.978095876597905  1.6532842435058563 142.9780958765979 pid402
69.89166225736044  0.5194113041084568 149.89166225736045 pid401
70.56853676106074  1.7590723201244214 150.56853676106073 pid3f4
75.21209655183796  1.769629498809102 155.21209655183796 pid416
76.92778462775803  1.2169466444748014 156.92778462775803 pid400
78.3142822421695  1.4084964785095175 158.3142822421695 pid3fa
81.28521089989835  1.205657487091429 161.28521089989835 pid3f3
81.99805551827596  1.233792353462643 161.99805551827598 pid3eb
82.38428905963346  1.1185321879313639 162.38428905963346 pid3f6
85.28155829819151  1.4726216982014388 165.2815582981915 pid409
93.81002042625795  0.917427570158364 173.81002042625795 pid406
94.40864665131626  1.8695466386788802 174.40864665131625 pid3f7
98.32468126944431  0.514324234828959 178.3246812694443 pid408
102.32117301860747  1.3579510948766897 182.32117301860745 pid407
103.61701352080617  1.285697782697613 183.61701352080615 pid419
104.1494620217792  1.6738619849184464 184.1494620217792 pid40a
106.95864047707347  1.5009272761190022 186.95864047707346 pid3fc
108.2221702508776  0.886926599806894 188.22217025087758 pid3fb
114.69524861543663  0.615483355348033 194.69524861543664 pid3ef
115.33355150227688  1.1207481452482413 195.33355150227686 pid3ed
115.70078186387391  1.0413629511949 195.7007818638739 pid413
115.77951327812852  1.1989615657130857 195.77951327812852 pid40d
115.87420788643321  1.562583025957327 195.87420788643323 pid404
121.26777447821722  0.7991986468773518 201.26777447821723 pid3ee
123.84723637970883  1.834332222003959 203.84723637970882 pid410
127.90169567539212  1.7291568203960694 207.90169567539212 pid3f5
148.34292663066302  1.1245020934910017 228.34292663066302 pid3ec
