1.3176940470344989  1.2090355005702316 3.735765048174962 pid126d
1.4811704846326013  2.3968982394164478 6.274966963465497 pid1273
1.5153205450756957  2.9581720897225154 7.431664724520727 pid1235
1.5963581451246212  3.3987689003432435 8.393895945811108 pid1289
2.1095441269304405  3.8884094277602834 9.886362982451008 pid1204
4.6140704749639365  2.8718763957145557 10.357823266393048 pid1270
5.261761983902808  3.4975885174732 12.25693901884921 pid1264
7.089830848212449  4.809398766217617 16.70862838064768 pid1233
7.853915833017511  3.374741257216344 14.603398347450199 pid125f
7.895011523454974  2.3715921379017075 12.638195799258389 pid124a
8.78570793351157  2.2514803117309787 13.288668556973528 pid127f
12.61505749733806  3.9840400095400197 20.5831375164181 pid11fb
13.094995321884642  1.2940611279959904 15.683117577876622 pid126a
13.431628012842848  4.177058530742409 21.785745074327664 pid1234
14.044219900990935  3.141509704736965 20.327239310464865 pid1208
14.672888240445491  3.784747935693607 22.242384111832706 pid1282
16.96855711288929  3.4688366413571794 23.90623039560365 pid1279
17.685786761659294  4.739784395897765 27.165355553454823 pid1249
17.922908640461436  1.570995351651089 21.064899343763614 pid1281
19.30651578026008  2.065605974090667 23.437727728441416 pid1237
19.800337253910495  2.1760545314443744 24.152446316799242 pid121b
20.971294620343198  4.846138088368285 30.663570797079768 pid1216
23.308348913710223  1.8702791545155337 27.048907222741292 pid122e
24.365008971046255  4.7858990395123655 33.93680705007098 pid1219
25.049417076115876  3.0836380408389976 31.21669315779387 pid127a
27.70637815899799  1.8406811207448133 31.387740400487615 pid1225
27.83316208558326  4.778590585287562 37.39034325615839 pid1271
28.323658927833634  4.945185222676066 38.21402937318577 pid126c
30.410061049629714  2.10979292316085 34.62964689595142 pid123e
32.94304907980785  2.839978263714875 38.6230056072376 pid11f9
34.33965432763028  1.2638255132023852 36.86730535403505 pid1224
35.54324840712722  3.879919716754197 43.30308784063562 pid128c
35.6849069536503  1.6988984408524268 39.082703835355154 pid125d
37.525638251783995  1.8392434164909095 41.20412508476581 pid126b
41.422644276443314  1.2573339044720795 43.937312085387475 pid1269
42.78372454135448  3.244063829887343 49.271852201129164 pid1254
43.63597020542941  2.992275856833234 49.62052191909588 pid1274
44.864452027839285  1.2874122024727255 47.43927643278474 pid1222
46.847211446428936  4.487481004952663 55.82217345633426 pid123f
50.44069170791715  4.473925752874575 59.3885432136663 pid1226
50.99270795956152  3.694455734048881 58.38161942765928 pid1206
52.86422166496988  2.791338738743858 58.446899142457596 pid126e
52.97935077415172  1.6078885099003761 56.19512779395247 pid1227
53.393659380381685  3.5642407118013195 60.52214080398432 pid123c
54.03091614044559  1.2912527661991668 56.61342167284393 pid127c
55.653083063887976  4.660613443926129 64.97430995174024 pid122b
57.70140472028006  3.99095566564396 65.68331605156799 pid1267
57.92710901476913  2.65458233972428 63.23627369421769 pid1287
58.84968324893095  3.1911741178485027 65.23203148462795 pid121d
59.631574076409635  4.245494834797758 68.12256374600516 pid120d
61.85001292303762  2.392425512510385 66.63486394805838 pid1265
62.505305350739285  3.970053480917181 70.44541231257365 pid1239
68.58418132830873  2.4350884186842974 73.45435816567732 pid1272
70.1341346765808  3.3219408298819983 76.77801633634479 pid1228
72.31267444107172  2.4917180606319644 77.29611056233566 pid125a
72.81433036097017  3.2354040320541264 79.28513842507843 pid124d
73.40674819816108  2.0847394048372188 77.57622700783551 pid1230
76.64201988063255  1.523887248725321 79.68979437808319 pid1201
77.9996823678107  3.371405708477955 84.74249378476662 pid1275
80.21699421555273  2.6482212409597548 85.51343669747224 pid1203
80.86830348156664  3.3802831918069214 87.62886986518049 pid1213
80.93516256094105  4.607360758961033 90.14988407886312 pid1215
82.3307012207872  2.2937969551795043 86.91829513114621 pid1217
83.57161716704351  4.212544421420596 91.9967060098847 pid123a
85.38221063338133  1.8648313865813426 89.11187340654402 pid1288
86.45103212618474  1.5580293754881005 89.56709087716095 pid1209
87.0652936008147  4.671323375466528 96.40794035174775 pid1280
87.56755181449097  3.863659456262841 95.29487072701664 pid1261
88.10522921017117  4.9695485094491 98.04432622906937 pid11fe
88.29243683221458  1.3949371110750093 91.0823110543646 pid127b
90.01088639085066  1.552881592496345 93.11664957584335 pid127e
90.33713835352073  1.2987660346484744 92.93467042281767 pid1220
91.96163030132521  2.245655321564207 96.45294094445363 pid122c
92.55147608809781  2.6522432713792505 97.85596263085631 pid1200
94.01201417213085  4.282684678992276 102.5773835301154 pid1257
94.85900373838952  2.841612116868302 100.54222797212613 pid120a
95.01477597593458  3.678856010406392 102.37248799674737 pid1223
96.88158402602939  1.8207109451023715 100.52300591623413 pid1243
97.40125075242842  3.4804971470288395 104.36224504648611 pid1205
100.03448120842212  4.81880739884423 109.67209600611058 pid124e
100.26612895846947  4.353289101576804 108.97270716162308 pid125b
100.33964198461588  3.2484071045282814 106.83645619367245 pid122a
102.70084048678262  4.857213675626209 112.41526783803505 pid128d
102.94341987317327  4.695147436898758 112.33371474697078 pid1221
104.43144434983171  2.200830788465219 108.83310592676214 pid1284
104.76491458417861  2.552431699482433 109.86977798314348 pid1285
104.77236580917067  1.788865930325958 108.35009766982259 pid124c
107.78998783715943  4.378249014034585 116.5464858652286 pid128a
107.84325933565384  1.7792107158530004 111.40168076735984 pid125e
113.22707629236783  3.3070091919917326 119.84109467635129 pid1240
113.35547022160064  4.623484959353187 122.60244014030701 pid1277
114.15750455022336  4.2755514806982164 122.7086075116198 pid1248
116.61240301603755  1.331964556844564 119.27633212972667 pid1266
116.83485569204491  2.8579139408441416 122.5506835737332 pid1232
118.83369428052295  3.977599098542762 126.78889247760847 pid123b
120.06157215354733  1.2326321050961302 122.52683636373959 pid1211
121.42488968956765  4.4149627283385176 130.25481514624468 pid121c
122.47814594909136  3.701474781602286 129.88109551229593 pid1252
124.85733102340717  1.8649869869702713 128.5873049973477 pid11f8
125.71989181005681  3.2501691351071114 132.22023008027102 pid125c
125.9630195653534  3.439603933500605 132.8422274323546 pid1250
129.86711693363853  2.806289485287451 135.47969590421343 pid1268
130.52589077820497  1.8267586524838482 134.17940808317266 pid124b
131.28267537458075  4.9195053917853695 141.12168615815148 pid11fd
131.86244303653095  4.578218802033614 141.01888064059818 pid120b
134.4506150404502  1.1798910615945895 136.81039716363938 pid1258
135.03327412581925  2.7459818452868103 140.52523781639286 pid1263
136.13447362392955  2.9680101094366615 142.07049384280288 pid1202
136.39825605856578  3.5537853389482468 143.50582673646227 pid123d
137.1051176818296  3.4637697862852908 144.0326572544002 pid1260
138.6075835190085  2.971301887312935 144.55018729363437 pid1236
139.0344543446572  1.9783715346961137 142.99119741404942 pid1210
139.3733231040635  4.92349661067461 149.2203163254127 pid1241
139.51651802605585  2.9813193745298703 145.4791567751156 pid11fa
140.19423159430195  4.039077611709287 148.27238681772053 pid121a
140.3001372857397  3.9733211310431322 148.24677954782598 pid1255
140.77590457581604  1.8497656295240579 144.47543583486416 pid1276
142.99162167617894  4.670713703197709 152.33304908257435 pid11ff
144.09466526469782  1.7790387050354335 147.6527426747687 pid1259
147.85181814593597  3.3198086278101506 154.49143540155626 pid1251
150.82289920660676  1.8883456817842177 154.5995905701752 pid1212
152.0102191253143  3.0002938781673603 158.01080688164902 pid1207
154.71564574871482  2.519715246014227 159.75507624074328 pid124f
154.98574763850678  2.78531194290847 160.5563715243237 pid1283
156.4082793728701  4.812600298084528 166.03347996903918 pid120c
157.8005647803911  4.495370180053241 166.7913051404976 pid122d
158.42506756244487  4.750296094843463 167.9256597521318 pid126f
158.914321272254  1.457919769684465 161.83016081162293 pid121e
159.53794486806424  4.573635878954949 168.68521662597414 pid1218
162.59184247615192  3.008569944912194 168.60898236597632 pid1256
162.91895952906592  1.8844374428057677 166.68783441467744 pid1214
162.9677302674094  2.419451035020656 167.8066323374507 pid1238
163.31833115454108  2.5836838543039398 168.48569886314897 pid11fc
163.61486895889607  1.736338891002584 167.08754674090125 pid1253
163.62100046902248  3.4279319187189485 170.47686430646039 pid1246
164.3588366459375  1.9312532225262973 168.22134309099008 pid1244
166.2785330039952  2.550260792144887 171.37905458828496 pid1242
167.2432503743074  2.98882318682098 173.22089674794935 pid121f
167.34449830804934  4.716643118814944 176.77778454567922 pid1278
170.74006668235597  3.4910034581329628 177.7220735986219 pid120e
174.4470888448254  2.5462596390315344 179.53960812288847 pid122f
175.19142134595123  4.677626292928052 184.54667393180733 pid1245
175.5135738811373  3.858571085737232 183.23071605261174 pid1229
175.89901364687432  1.953082494354447 179.80517863558322 pid127d
176.31897761111958  1.7774287993479283 179.87383520981544 pid1247
176.65339091798853  4.65035411034063 185.9540991386698 pid128b
176.66114037753184  4.19108913618317 185.04331864989817 pid120f
178.22412025093865  3.1640958085417856 184.55231186802223 pid1262
179.1960401431388  2.2254299953514844 183.64690013384177 pid1286
179.3240207059679  3.6676281503124915 186.6592770065929 pid1231
