1.5872635892741793  0.900451156685222 3.3881659026446234 pid75e
1.7946945962428407  2.2618264728735675 6.318347541989976 pid753
2.7892172540076476  2.4583107345123545 7.705838723032357 pid749
6.440194678069011  1.7835139657326766 10.007222609534363 pid740
6.933379188440691  1.9686154657879338 10.870610120016558 pid75b
8.751333281839624  2.0183281305549015 12.787989542949427 pid765
10.617022041816416  1.6973679922293234 14.011758026275063 pid743
10.72628749432919  0.7895006570159234 12.305288808361038 pid766
11.191771472580648  1.3940286347204993 13.979828742021645 pid752
11.667167712584881  1.8575346555767105 15.382237023738302 pid764
14.717662541632205  1.9223859979275324 18.56243453748727 pid74e
17.10809848008099  1.8160575382324153 20.74021355654582 pid74f
20.32876157047013  2.271442452399239 24.87164647526861 pid74a
21.183897248952142  1.5969103695013667 24.377717987954874 pid74d
23.608735031713124  2.8504998402019783 29.30973471211708 pid744
26.82206811672242  2.4159683590989487 31.65400483492032 pid73e
28.91177727650601  0.4278012762669865 29.767379829039985 pid762
30.097666128618282  2.6433013071646463 35.384268742947576 pid75c
31.40167878358533  1.4924453957964876 34.38656957517831 pid758
33.47392230386821  0.5868173703752343 34.64755704461867 pid755
36.74089389061859  1.395601493451796 39.53209687752218 pid742
39.27051554117759  0.7067763630230863 40.68406826722376 pid750
53.702624294889446  2.9457797998283977 59.59418389454624 pid741
55.12931563188667  1.2091607390036414 57.547637109893955 pid763
56.64298994935386  0.7863605317779538 58.21571101290977 pid746
57.44150348415794  0.9154182245387871 59.272339933235514 pid73d
60.47208542448518  0.8772221312092021 62.22652968690358 pid768
62.84657534779407  2.2646513205224834 67.37587798883904 pid76a
63.63584914712375  0.5282471176395538 64.69234338240285 pid759
68.3722325929825  2.454244368742118 73.28072133046673 pid769
68.9541424993955  0.43296832263616314 69.82007914466783 pid747
69.47370739831591  0.45026816537155684 70.37424372905902 pid74b
70.43950391768067  2.728667281496329 75.89683848067332 pid75f
74.12489318415794  1.2884059791302729 76.70170514241849 pid745
74.59596702690688  2.993895418414829 80.58375786373654 pid767
75.82727061517068  1.864788630031787 79.55684787523425 pid756
77.21089414685086  2.590912683175484 82.39271951320183 pid73b
77.36733385278744  0.9735860480481526 79.31450594888375 pid757
79.29643192889377  1.4459420806041279 82.18831609010202 pid73a
83.9995351551077  2.3136705264305357 88.62687620796876 pid748
85.1062649260093  2.4297845588798794 89.96583404376906 pid754
87.13284746355913  0.6148163294613843 88.3624801224819 pid76b
88.50854344724523  2.622665130633221 93.75387370851168 pid760
88.59419416823403  0.5821549703685144 89.75850410897105 pid73c
91.42595374284895  2.218950930970953 95.86385560479086 pid73f
93.3735391507223  2.6274513635635826 98.62844187784945 pid751
93.83065598244039  1.3104182799078126 96.45149254225602 pid74c
95.0142378898726  1.870959113402154 98.7561561166769 pid761
95.74120018341499  2.43949403606073 100.62018825553645 pid75d
97.96701180196243  2.6293026991430004 103.22561720024842 pid75a
