0.3581539672787182  1.2088700757708501 2.7758941188204185 pide0d
0.533664498716313  1.898854349400898 4.33137319751811 pidde0
0.9805005673104161  1.5760983805313242 4.132697328373064 pide69
1.0617296791147646  0.8438513097165267 2.749432298547818 pidde8
1.763724008969092  2.8896326296267736 7.542989268222639 pidde1
2.142838458510332  2.5899114903963993 7.322661439303131 piddeb
3.0936548770016614  2.6239353184970113 8.341525513995684 pide30
4.40659610254972  2.6130596479322823 9.632715398414284 pide61
4.910093500339386  1.945658465817293 8.801410431973972 pide21
7.266259006309694  2.5002010279023734 12.26666106211444 pide19
7.961052369819055  2.140116941473724 12.241286252766503 pide70
8.506901585516847  0.9227838912491525 10.352469368015152 pide1f
9.03613847917758  0.5498881844088689 10.135914847995318 pide48
9.242674711968824  1.4700909441432524 12.18285660025533 pide63
10.776621704909306  0.44678750408881096 11.670196713086929 pide55
11.390423947273876  2.9296340687477156 17.249692084769308 pide24
12.074804524980088  2.476949565409107 17.028703655798303 pide3d
12.70913224376542  2.8818934791482467 18.472919202061913 pide3b
13.27803968124609  2.319030238484402 17.916100158214896 pide4d
13.734371638519749  1.6267810627745454 16.98793376406884 pide04
13.942808890390735  2.968616245457567 19.88004138130587 pide4b
14.123238635599177  1.6329390236332113 17.3891166828656 pide40
14.649041287729236  1.4383449206203505 17.525731128969937 piddf9
15.167999062771232  2.4879505331408716 20.143900129052973 pide32
16.949826886420517  1.2288377257225727 19.40750233786566 piddf8
17.05479430015768  2.2492076025281262 21.553209505213935 pide62
17.570570905321002  2.4918070550807285 22.55418501548246 pide23
17.58577674347932  2.4466350268593664 22.479046797198055 pide36
17.683907308682876  2.2005336103609854 22.084974529404846 piddff
18.14063053542657  1.8023910278542297 21.74541259113503 pide31
19.196246064768875  1.9561637102564378 23.108573485281752 piddf7
19.449850974333426  2.1233147617513164 23.69648049783606 pide65
19.721930275459066  0.43333619593277367 20.58860266732461 pide42
19.973370902714606  1.3650643273082133 22.703499557331032 pide67
20.286625158873782  0.908902266290185 22.104429691454154 pide13
20.646776446299818  0.9604847991454796 22.567746044590777 pide5b
20.860799287179542  2.6514463533258756 26.163691993831293 pide6b
22.176455263628014  1.7057707609160953 25.587996785460206 pide4e
22.79598420480181  1.1844380624657862 25.164860329733383 pide57
24.167701511254336  1.332347671069134 26.832396853392602 pide38
24.17969905855285  1.722733743023248 27.625166544599345 pidde4
24.80629060238364  2.747238099895764 30.30076680217517 pide0f
25.65864743818278  1.3892544795178865 28.43715639721855 pide68
27.181171914181522  1.561732600308667 30.304637114798858 pide72
28.61647195690572  2.508658085237731 33.63378812738118 pide00
29.0423277429244  1.7627809138382493 32.5678895706009 pide5c
29.763251734312735  0.7401371193981945 31.243525973109126 piddf4
30.14523882629222  0.5117771101295902 31.1687930465514 piddfe
30.504704954500728  0.4509495503671048 31.406604055234936 piddee
32.56287326195476  2.7310379584158886 38.02494917878654 pide5d
35.874831666207264  1.0077247540047631 37.89028117421679 pide49
37.342663988406464  1.9808600217353178 41.3043840318771 pide6e
37.84677469835797  1.2635969617661913 40.37396862189035 pide16
38.13743581412409  1.5887173127533405 41.314870439630766 pide6c
38.6728054155555  2.820272307934774 44.313350031425045 piddf6
39.45396607825088  2.397381217616029 44.24872851348294 pide11
40.67700898214125  0.9519097611686163 42.58082850447848 pidde9
40.79033673536503  2.9655787324465805 46.72149420025819 pide10
42.884359011801486  1.5489327831625315 45.98222457812655 pide02
44.07423034713411  1.201877986456922 46.477986320047954 pide3e
44.90618969375299  0.9167446030061367 46.739678899765266 pide2c
44.91987321666381  1.3775434749444229 47.67496016655266 pide64
45.32277407895408  1.8014048542317065 48.925583787417494 pide26
45.65288732391022  0.8992413660879217 47.45137005608606 pide2b
46.2329180741154  1.9835469911056323 50.20001205632667 pide46
46.319762041202594  2.4523699572486306 51.22450195569986 piddfb
46.443996036743854  1.2234073938903873 48.89081082452463 piddfd
46.48107000847741  2.768876025862965 52.01882206020334 piddf2
47.20607306430363  1.983160361852775 51.17239378800918 pide0b
47.36758437997559  1.2174843020136348 49.80255298400286 pide43
47.736522814950646  1.7140137868035081 51.164550388557664 piddef
49.0296938310928  2.5281929390982967 54.08607970928939 pide20
49.091515264739435  0.6249046615671917 50.34132458787382 pide22
49.19717129701356  2.4711109643323366 54.13939322567823 pide3c
49.278202875082044  2.7724403795640833 54.823083634210214 pide37
49.4191596955051  2.611335311932844 54.64183031937079 piddfc
50.44216554507289  2.924168613901264 56.29050277287541 pide50
50.60419020358927  1.8006955487615355 54.20558130111234 pide66
52.81210027025299  1.4366557632279138 55.68541179670882 pide6f
52.979211568103736  2.3424119343549075 57.66403543681355 pide58
53.3301261508154  2.2965619505931447 57.92325005200169 piddf0
53.8544895152681  2.3999753067380745 58.65444012874425 pide0a
54.896984517700176  2.7746917165535363 60.44636795080725 pide5e
55.246102615927974  2.1307286685348092 59.507559952997596 pide5f
56.01961466760681  1.8292969461940012 59.678208559994815 pide6d
56.29201044738734  2.3181840256148485 60.928378498617036 pide3f
56.322186235932556  1.312198806750281 58.94658384943312 pide05
56.4713199967252  1.971181754854196 60.41368350643359 pide08
58.35762134546574  2.7415527377876026 63.840726821040946 pide60
59.362873170450705  0.676846164618198 60.7165654996871 pide03
59.495127114871025  2.618955514953708 64.73303814477845 pide17
59.656911854534364  1.9593408967984596 63.57559364813128 pide06
60.67491801436178  2.5220257776700628 65.7189695697019 pidde3
60.75976168025063  1.0955377308763672 62.95083714200336 pide2a
61.20107796639594  1.5320179385959372 64.26511384358781 pide29
61.38051522010047  2.2034837688231486 65.78748275774677 pidded
61.56418077401399  2.944202710717107 67.4525861954482 piddde
62.45314161632167  0.42688958693351187 63.3069207901887 pide47
64.42512569151346  0.827147766719563 66.07942122495258 pide1e
64.67141237237149  2.571095942669341 69.81360425771017 pide41
64.74397654074572  1.7712823640515292 68.28654126884878 pide1a
65.01735770617341  0.739644398308485 66.49664650279038 pide1d
65.22269451456239  1.773570659990174 68.76983583454273 pide09
65.64901708339802  2.4960701530800367 70.64115738955809 pidde5
66.32207465328537  2.2261623346558093 70.77439932259699 pide73
66.63370262331732  0.7165561000994108 68.06681482351614 pide53
69.11483625316977  0.44322891333262543 70.00129407983502 pide39
69.19857132414334  1.8508576840733801 72.90028669229011 pide2f
70.04311071304997  1.499923132335756 73.04295697772149 pide3a
71.0014109095899  2.077644222464852 75.1566993545196 pide18
71.4989404591274  1.0645202196707761 73.62798089846895 pide52
73.58222296356959  1.8160443218384663 77.21431160724653 pidddf
75.26502884488384  1.3990707407559877 78.06317032639582 pide0e
76.17272846596424  2.414562458608725 81.0018533831817 pide44
76.48983502504085  2.3669486532820208 81.2237323316049 pide1b
77.6356677038934  2.0973051752507454 81.8302780543949 pide5a
78.15843333229053  2.8021319295312614 83.76269719135306 pidde2
78.91715846913156  1.5602852941229015 82.03772905737736 piddf5
79.99604323401147  1.1924243481878634 82.3808919303872 pide25
80.81850237813451  2.5569688439099725 85.93244006595445 pide07
81.18408392619979  1.532533104183135 84.24915013456607 pide4f
81.67023343588707  1.6953921146960895 85.06101766527925 pide0c
83.21328143783735  2.658746973331319 88.53077538449999 pide4c
84.1642507212077  2.3302164711607416 88.82468366352917 pide54
84.17207089985199  1.3406950267487048 86.8534609533494 pide71
84.2968218134861  2.625520744294533 89.54786330207517 pidde7
84.44811690656712  1.4529194623527628 87.35395583127264 pide27
85.14418361555754  0.9821403129792111 87.10846424151596 pide2e
85.23952553181411  0.6433523509002363 86.52623023361458 pide51
86.42860702511615  2.559297672762758 91.54720237064167 pide2d
87.8443988999792  2.77784690001049 93.40009270000017 pide01
88.28175389598957  1.806042631981748 91.89383915995306 pide4a
88.9710499435608  1.947235463508477 92.86552087057775 pide28
89.13120448889663  2.9126035429437156 94.95641157478406 pide12
89.13823347412267  2.8168896905251586 94.77201285517299 piddf1
89.80779572832706  1.4591779016006976 92.72615153152846 pide33
90.16538762070124  0.4731817887256676 91.11175119815258 pide14
90.66285247214385  2.7363075687779217 96.1354676096997 pide6a
92.61968622136682  2.0833103289310735 96.78630687922896 pide35
93.06705401366835  1.1112630811440636 95.28958017595649 pide1c
93.57071346391035  1.8314739798406952 97.23366142359174 piddfa
94.06696336113173  1.825292426207989 97.7175482135477 piddea
95.0561860000641  0.5548441575131251 96.16587431509035 pide34
95.24126001618971  2.3883375363729344 100.01793508893559 pide59
96.17945460984693  1.1291412800922598 98.43773717003145 piddec
96.63338597051066  1.8616719357391251 100.35672984198891 pide56
96.81640746750003  1.190558227755913 99.19752392301186 pide45
97.65088945719211  2.4972201249650388 102.64532970712219 pide15
98.55877872733898  1.728650190931393 102.01607910920175 pidde6
98.74414785017703  2.214366067489057 103.17287998515515 piddf3
