5.98525361410141  0.9159782288969335 85.98525361410141 pid9b7
6.422128103863639  1.6158899933290656 86.42212810386364 pid9a9
16.084262136335393  0.7083287500297383 96.0842621363354 pid9a6
16.67256231631044  0.6455582857374695 96.67256231631043 pid9c1
16.85801244687471  1.6327507508921575 96.85801244687471 pid9a4
18.337937087167905  1.8774583391463335 98.3379370871679 pid999
22.218387521353378  1.7864133617491524 102.21838752135338 pid9b9
24.00037996708325  1.2627333621120678 104.00037996708325 pid9b4
24.67720295897132  1.5853119778582454 104.67720295897132 pid9b6
25.0856132653356  1.2128969839007733 105.0856132653356 pid9ba
26.504931547347997  1.343305171868088 106.504931547348 pid992
26.51631394302769  0.7335915601470007 106.51631394302768 pid9a1
28.535914062694857  1.5317957143350154 108.53591406269486 pid9b8
29.1567622290522  1.8572194076681459 109.1567622290522 pid997
33.55506274706296  0.7267438331763727 113.55506274706296 pid9be
40.187760756675424  1.9061344226736388 120.18776075667543 pid9aa
40.74311566805093  1.8314585189353139 120.74311566805093 pid996
43.31901621999893  1.462914347274306 123.31901621999893 pid9bc
44.29889513471469  0.9230408457448154 124.29889513471468 pid993
52.20540781872957  0.9512712321241086 132.20540781872955 pid998
57.77736711718799  0.8886489401069826 137.777367117188 pid994
58.1685939012522  0.6539358105678197 138.1685939012522 pid99d
58.789051401760176  0.6540112667336361 138.78905140176016 pid995
59.989318829462746  0.9814219878726398 139.98931882946275 pid9af
61.86739051396416  0.6685198483859349 141.86739051396415 pid9bf
63.87391848760525  1.4599765657576467 143.87391848760524 pid9c3
66.9926213034413  0.5363556502186919 146.9926213034413 pid9a3
67.69615581418472  1.9854508018435089 147.69615581418472 pid9ad
72.42096964448211  0.792864571852916 152.4209696444821 pid99b
75.40030343978158  1.0797017507331288 155.40030343978157 pid9c2
76.2872751234614  0.7838894005375899 156.2872751234614 pid9bb
86.7350804016865  1.3873582512164644 166.7350804016865 pid9b1
88.26579099653227  1.4882267640421434 168.26579099653227 pid9b2
91.23472015563989  1.243019620847008 171.23472015563988 pid99f
102.5940250787123  0.5349333525809885 182.59402507871232 pid99c
105.03103346661109  1.7705362139462113 185.0310334666111 pid9a2
110.20594446202428  0.9762268408100743 190.20594446202426 pid9a7
111.89078345168402  1.0413894069235092 191.890783451684 pid9ac
112.00350880936945  1.198790223157236 192.00350880936946 pid9a5
112.63733779782096  0.9586719338064045 192.63733779782098 pid9b3
113.49562881437313  0.7522967349018913 193.49562881437313 pid9c0
113.95727937410219  1.724274310442671 193.9572793741022 pid9a8
116.43130519673224  1.5933204051092928 196.43130519673224 pid9ae
125.25496125593165  1.9905398898976854 205.25496125593165 pid9ab
128.28317719985498  1.4295846535144245 208.28317719985498 pid9bd
129.36504513044827  1.326836918827013 209.36504513044827 pid99a
136.96274632109075  1.5857372602630635 216.96274632109075 pid9b0
138.12429722455798  0.7473311038900803 218.12429722455798 pid9a0
146.76441553589098  1.8455825572975642 226.76441553589098 pid99e
149.38929982573953  1.0923478443548604 229.38929982573953 pid9b5
