0.1180271721737014  1.7856507601698552 80.1180271721737 pid737
4.460618551364787  1.813039309202472 84.46061855136479 pid70e
4.715864750772136  1.5638555465298902 84.71586475077214 pid718
10.247290382977114  1.0631186202678906 90.24729038297711 pid708
14.395419056282439  1.3685242143134362 94.39541905628244 pid72a
15.183226666750482  1.2118083957650931 95.18322666675049 pid732
22.43639200173757  0.5918651098666099 102.43639200173757 pid70a
27.545564360899427  1.867739986394811 107.54556436089942 pid720
31.449859757033444  1.0320987480032193 111.44985975703344 pid731
35.27658401055415  1.3558579259206571 115.27658401055416 pid728
44.88924402342796  1.848677310366148 124.88924402342796 pid724
45.035642219324274  0.8660815309288206 125.03564221932427 pid715
45.59563937527427  1.3210335516188385 125.59563937527426 pid70c
51.20736945990417  1.7426108344228521 131.20736945990416 pid71b
52.105380905205486  1.1802891433355907 132.1053809052055 pid71e
58.862730672043476  1.432440037759396 138.86273067204348 pid712
59.28458132035973  1.0349383583882399 139.28458132035973 pid72e
71.56375954252239  1.6179762849641717 151.5637595425224 pid71f
72.11839423597556  1.9194354837427772 152.11839423597556 pid716
73.56902301095604  1.4882151815916604 153.56902301095604 pid709
77.8417622006786  1.0058344946735875 157.8417622006786 pid730
80.2557435368146  1.5875316487718487 160.2557435368146 pid72d
81.49970023460644  0.6010171458193181 161.49970023460645 pid72b
83.72128032436369  1.2121184734472923 163.7212803243637 pid710
83.75312065734894  1.8629357483243245 163.75312065734894 pid713
84.34169758932761  0.6624344087530172 164.34169758932762 pid71c
89.40312774001583  1.03956501052099 169.40312774001583 pid739
90.23330269546189  1.8107614684608822 170.23330269546187 pid70b
91.48141993652268  0.7517439431477672 171.48141993652268 pid729
93.00419669945703  1.8284505506041422 173.00419669945703 pid71a
93.3784816963397  1.9172141179346363 173.3784816963397 pid734
95.90450222981731  0.7313063916283704 175.9045022298173 pid723
97.10592710603774  1.6560350742237469 177.10592710603774 pid721
101.64879603176647  1.818397462433085 181.64879603176647 pid719
101.68599583533216  0.6475687080099469 181.68599583533216 pid726
101.95843030398862  1.7432163240519223 181.95843030398862 pid725
105.28293674435442  1.860149848801938 185.2829367443544 pid722
105.59165952197517  1.5113208419404205 185.59165952197517 pid735
111.41369180891687  1.7358113748840802 191.41369180891687 pid72c
113.51080531159998  1.2200415426392297 193.5108053116 pid71d
113.97844493914945  0.5674702551727739 193.97844493914945 pid727
114.5487618847971  0.6290582929926218 194.5487618847971 pid70d
119.59737397108216  1.527833035596303 199.59737397108216 pid711
125.10798752566278  1.2091749160245628 205.1079875256628 pid717
137.3039231844297  1.3095564599815075 217.3039231844297 pid738
143.37641683362435  1.9320077641135625 223.37641683362435 pid733
145.9303924688178  1.7272033924477106 225.9303924688178 pid736
146.71460286273293  0.6622608320924265 226.71460286273293 pid70f
147.18939741160995  0.9593209480946413 227.18939741160995 pid72f
149.22485624948405  1.4784980311145988 229.22485624948405 pid714
