1.202703926242017  4.867690405700063 10.938084737642143 pid63c
1.6218908481442806  2.682459965824 6.986810779792281 pid63d
1.7419059848081497  4.080898176332047 9.903702337472243 pid631
1.7842890893118057  2.5308070609541153 6.845903211220037 pid62d
7.586534307078638  4.020040691245185 15.62661568956901 pid63e
8.164408029195119  3.2730747839170786 14.710557597029275 pid61f
9.249532432179866  3.936710476663236 17.12295338550634 pid621
13.8870278591204  3.9134286904095608 21.713885239939522 pid635
14.100524736376038  2.6204758083195565 19.34147635301515 pid63a
18.399086456545774  1.4507855783567973 21.300657613259368 pid63f
25.358343335083504  2.1269624579970383 29.61226825107758 pid62e
26.536940544347228  1.9077677636478274 30.352476071642883 pid61e
28.905684468870195  4.736075869201004 38.3778362072722 pid622
36.43054336293888  2.416922562022328 41.264388486983535 pid632
50.142747573599195  1.4977078460810134 53.13816326576122 pid618
54.9059495295877  4.485910136384377 63.877769802356454 pid62a
61.16472322553943  3.0534290079225084 67.27158124138445 pid620
63.43035315669388  1.669342384044373 66.76903792478262 pid624
64.46916494653156  1.0992542688240263 66.66767348417962 pid628
76.49849637373677  4.639358255656784 85.77721288505035 pid619
77.0790913547893  1.4478239164236566 79.97473918763662 pid616
78.83326664563431  1.2338108318872916 81.30088830940889 pid613
79.45730396004345  3.7347480574063603 86.92680007485617 pid638
79.81811708410335  4.0003600999545395 87.81883728401243 pid60f
81.56311511383029  3.647737696791374 88.85859050741304 pid60e
86.68879510758428  3.9670986412953795 94.62299239017504 pid625
94.4856335347336  4.746272328346157 103.97817819142591 pid639
109.3379587493096  4.7699101452154995 118.8777790397406 pid636
111.58078136346836  4.689942176219214 120.96066571590679 pid61a
114.44004727642091  1.7000786754385193 117.84020462729795 pid637
115.28889938592901  1.5676076808938793 118.42411474771677 pid630
119.42663669505127  1.1732434520357393 121.77312359912275 pid62b
122.32093870732386  2.4198406732218323 127.16062005376753 pid63b
123.34403107957355  1.992574098147824 127.32917927586921 pid615
129.72179459356187  4.11546505075866 137.95272469507918 pid611
134.8550148458115  3.452054742109381 141.75912433003026 pid61b
135.55687233002394  1.6439502876084409 138.84477290524083 pid612
136.17923783263063  3.7448115102156074 143.66886085306186 pid62f
137.59047735267177  2.448427429987621 142.487332212647 pid634
139.55839048237897  4.407351353413114 148.3730931892052 pid627
140.22300531516348  3.6505924016594666 147.5241901184824 pid614
140.46740048014487  2.5358440916258007 145.53908866339648 pid633
144.35176897491476  4.496885896608036 153.34554076813083 pid617
153.72987574259392  3.3907010147684398 160.5112777721308 pid629
157.51550933573728  4.94122393021423 167.39795719616575 pid62c
158.65582500210576  4.3796997224157455 167.41522444693726 pid61d
159.1791137250123  2.2251348873868384 163.62938349978597 pid623
160.55637537987536  2.598769103630755 165.75391358713688 pid61c
164.04367486371362  4.787085109448677 173.61784508261098 pid626
164.2117677686417  4.726192294957544 173.66415235855678 pid610
