4.421927646658535  2.181543500766555 8.785014648191645 pida8a
8.98792614517751  3.699591386985098 16.387108919147707 pidad1
9.109471585793859  3.6094242685170026 16.328320122827865 pidae5
12.216204418899181  3.668800599991337 19.553805618881857 pida9f
12.35513414914178  4.292144504789445 20.939423158720672 pidac7
14.758311403939594  2.248101250157458 19.25451390425451 pidac8
15.818622691795776  3.8806502313581657 23.57992315451211 pida5e
18.50573404955145  1.5419131390778276 21.589560327707105 pidabf
20.705074538694348  4.142424744832104 28.989924028358555 pida5b
20.92518993766603  4.964803300063994 30.854796537794016 pida88
24.374563235029385  3.857738642723154 32.090040520475696 pida7f
24.580578799171708  3.518337024927745 31.617252849027196 pidacb
24.69446459024438  1.2665125246321556 27.22748963950869 pidaee
26.46981270316141  4.116203818482947 34.702220340127305 pidaaf
27.284220489419088  3.8330282659666457 34.95027702135238 pidab6
31.008886064963104  3.9642185288647456 38.9373231226926 pidae8
32.52765865729569  2.375816490896497 37.27929163908868 pidadb
32.88443320975267  4.2896020660193805 41.46363734179143 pidac9
33.04491539649238  1.6411469659050093 36.327209328302395 pidab8
33.07528632892876  1.0964621019850518 35.26821053289886 pidaec
33.68830511531067  3.8840537310661536 41.456412577442975 pida83
33.93527180241897  3.4808217518641995 40.89691530614736 pidaa4
35.60343683681387  1.3163641879514838 38.23616521271684 pidacf
37.67097138588887  2.847245309414465 43.3654620047178 pidae1
38.80566049579132  3.9902011853310135 46.78606286645335 pidaca
39.593915499316005  3.9315362204678768 47.45698794025176 pidae9
39.811795660370386  1.216523957565268 42.24484357550092 pida84
42.134099821933965  4.009413515684576 50.152926853303114 pidaa3
42.44517373012993  2.3420912787101136 47.12935628755016 pida97
42.91167273132089  4.362063121255888 51.635798973832664 pidacc
44.16182770107288  4.114742743057075 52.39131318718703 pida63
44.34019490347827  3.580745704172416 51.5016863118231 pidae2
48.71484158272432  4.024265680044515 56.76337294281335 pida79
49.35267968020489  4.525118418776727 58.40291651775835 pidabc
51.11705003940912  3.362826518330493 57.84270307607011 pidaa7
52.16073431718728  2.1547134516990725 56.470161220585425 pidaa1
53.48490645007814  2.6997655150922717 58.88443748026268 pidad5
53.50332119246024  3.8793825137371534 61.262086219934545 pida62
54.97676645657529  2.5008109913188923 59.97838843921308 pida9b
55.2656018034911  3.8047247324975633 62.87505126848623 pida8b
56.110413847494954  4.2618364390330035 64.63408672556096 pida7a
56.417139258914894  1.912508136326169 60.242155531567235 pidadc
58.03899042359204  2.967508312128395 63.97400704784883 pidaeb
58.441996118733165  3.091210246432846 64.62441661159886 pida5a
59.89528714473177  2.144618238380433 64.18452362149263 pida81
59.90224145985444  2.8317085484698965 65.56565855679423 pidaa8
60.22071285435873  4.602313534120655 69.42533992260005 pida66
60.951578491151864  1.45914026730369 63.86985902575924 pida6c
61.195631023948195  3.895121295101554 68.9858736141513 pidabb
61.6085038174319  4.110224673477186 69.82895316438628 pida95
62.3380472311309  1.2011315614713203 64.74031035407354 pidad8
62.40320174032081  1.3768699866140288 65.15694171354886 pidabd
63.85873728906966  4.527047607475743 72.91283250402114 pida8d
64.08000043522152  1.6591896953655167 67.39837982595256 pidaea
64.34563174167812  3.5868191154634563 71.51926997260503 pida74
64.72814008351816  4.8657942759613295 74.45972863544081 pidadf
65.61350668562733  3.2298417497028526 72.07319018503303 pidaae
66.9993527166534  2.094119108923144 71.1875909344997 pidaa6
67.29414263945915  4.262045650345989 75.81823394015113 pida9e
67.4364457977461  3.3241210907221035 74.0846879791903 pidac2
67.69400160626724  1.6241819613255637 70.94236552891836 pidad4
68.90337125638801  2.143618562014774 73.19060838041756 pida6d
69.92433124634539  1.5433731035083516 73.01107745336209 pida73
70.19469489090676  4.730030250260189 79.65475539142713 pidae0
70.31132827347403  4.042809338728826 78.39694695093169 pidac4
70.42106766977359  4.777531805626205 79.976131281026 pida70
73.17272285899733  3.989676307462626 81.15207547392258 pida7e
73.39171194840513  3.064826587478923 79.52136512336298 pidad2
73.93829223303018  3.1769503518857403 80.29219293680167 pidad7
75.22187427524543  1.9188678022913708 79.05960987982817 pidab3
76.51218604305153  2.995363701533865 82.50291344611927 pida69
76.60472464697138  1.6548994578621947 79.91452356269576 pida80
77.85107325332001  2.065581650330427 81.98223655398087 pidad3
78.96928762855462  4.625247362200873 88.21978235295637 pida87
79.16803217494021  2.5595590887288058 84.28715035239782 pida6f
84.93467397861063  3.4056402897518563 91.74595455811435 pidab1
85.8684237041652  1.776515687477112 89.42145507911943 pidab9
87.3551718749796  1.3629608710283758 90.08109361703636 pida7d
90.96360693839392  2.554696201968987 96.0729993423319 pidaba
93.50293644074453  2.7544886584677806 99.01191375768009 pida94
95.41122418754722  2.3701480806029664 100.15152034875315 pidad0
97.15729476570237  4.694455228488049 106.54620522267848 pida75
97.15972988838463  3.421872887444849 104.00347566327433 pida82
97.8427451877194  1.4878313242121997 100.8184078361438 pida5f
100.16285677729506  4.977646897674331 110.11815057264373 pidab2
101.02211607429273  4.0655774148544115 109.15327090400154 pidab5
102.42790842992169  4.166810788376038 110.76153000667377 pidaad
105.19947251344293  3.6301668508287745 112.45980621510047 pidaa9
105.27380156852936  4.583863202923514 114.44152797437638 pidad6
105.66367733929948  4.63325175361712 114.93018084653372 pidacd
106.89581765540693  3.67055143905598 114.23692053351888 pidae6
106.97124802155065  3.519963554999645 114.01117513154995 pidada
109.23918191979632  1.569223638754326 112.37762919730497 pidaed
109.99070216995952  2.109606913155337 114.2099159962702 pidab4
110.12097525688105  3.7078329354848174 117.53664112785069 pida9a
112.1083328854405  2.9268234069065264 117.96197969925356 pidab7
115.78885968475818  2.7250392341363265 121.23893815303083 pida65
116.10962630515743  2.7709019934501904 121.65143029205781 pida71
116.21108294180051  1.1643331778537886 118.5397492975081 pidaa0
116.2870845349794  2.3727348577027625 121.03255425038492 pidac3
116.42340933281591  2.691189773425373 121.80578887966665 pidaa2
119.66242865258582  1.4813567954985265 122.62514224358287 pidac6
121.4610983254583  2.707958194932711 126.87701471532371 pida76
123.04665138716251  3.5502101724572075 130.14707173207694 pida77
124.50455985105042  4.050142245005505 132.60484434106144 pidade
127.17765152746003  1.6154523696109115 130.40855626668184 pida6e
128.23473776103128  3.8442693272101427 135.92327641545157 pida72
129.34457171031903  2.8521625653533103 135.04889684102565 pida78
130.31183705794808  2.0074393557370405 134.32671576942215 pida60
133.44425624512107  4.772924723057015 142.9901056912351 pida5d
133.93005458412802  1.8778138495466066 137.68568228322124 pida5c
135.31929884426808  2.682739878674128 140.68477860161633 pida98
135.36283871809454  3.6136480766400045 142.59013487137454 pidaef
138.19800788394014  2.1101061951520026 142.41822027424413 pida7b
139.2047413242331  3.9009399665370084 147.00662125730713 pidad9
140.26582661256688  1.7872880605931152 143.8404027337531 pida9d
141.22138436584217  3.8183091519148267 148.85800266967183 pida86
142.96246087661152  1.546024114308934 146.05450910522939 pida9c
144.13689693183937  4.1654317690598575 152.4677604699591 pidac5
145.0034317840551  3.865944423679069 152.73532063141323 pida8e
145.06723228374446  4.653348093294049 154.37392847033254 pidac0
146.74838934398227  1.5364675806045867 149.82132450519146 pida8c
148.490403690939  3.5755494487361594 155.6415025884113 pida6a
149.36824275532717  4.060651962715353 157.48954668075788 pida89
153.77063913572783  1.1421280322376952 156.05489520020322 pida99
154.0953888317253  4.955802072418386 164.00699297656206 pida93
154.28611487978034  3.326208713489927 160.9385323067602 pida96
154.3914961442817  1.1281163732482158 156.64772889077813 pida85
154.41541174813187  1.200906300490466 156.8172243491128 pidae7
155.8354173529978  3.0004758239531397 161.83636900090409 pida91
157.4514467341773  4.531767948755895 166.5149826316891 pidace
158.4650635657225  3.0483973434280163 164.56185825257853 pida92
158.55313392328952  2.4188771686746495 163.39088826063883 pida68
158.76580986822003  2.492049929705394 163.7499097276308 pida90
159.46172936889516  2.1743268420067348 163.81038305290863 pidaab
160.79559741401573  3.573848023008503 167.94329346003275 pidab0
161.18314955366282  2.5907745313398425 166.3646986163425 pida67
163.3021296083398  2.4726801314249744 168.24748987118977 pidadd
164.5593632356552  3.76533449500798 172.09003222567117 pida64
168.48483800212182  3.3931716803073084 175.27118136273643 pidae4
170.31914540068917  1.943662806133644 174.20647101295646 pida8f
171.1101855345122  1.8893777540430396 174.88894104259828 pidae3
171.51041786289247  1.6000428969509004 174.71050365679426 pidac1
172.69655675499766  1.0634981868123239 174.8235531286223 pidaa5
174.9260390453525  4.997784886513111 184.92160881837873 pida7c
175.40665441534864  1.8434748555638678 179.09360412647638 pida6b
175.6234150058563  3.978753435148873 183.58092187615404 pida61
177.6554921898354  2.6793123515739383 183.01411689298328 pidaac
178.99400191920742  3.7341737250870253 186.46234936938146 pidabe
179.74924487297133  3.1844634998618377 186.118171872695 pidaaa
