0.24663775158926815  1.963152723416181 80.24663775158926 pid3d78
1.5503231140853002  1.4026617818549478 81.5503231140853 pid3d0b
2.654978534020147  1.0914343969442688 82.65497853402015 pid3dc1
2.8664240479698124  0.6683072290812515 82.86642404796982 pid3d40
2.893457936969146  1.0975028555953763 82.89345793696914 pid3e56
3.5055414720860156  1.450680656616355 83.50554147208601 pid3cc7
3.7710070058346536  0.9186585452765135 83.77100700583465 pid3e57
3.8234109504975136  1.7717995778866156 83.82341095049752 pid3cef
3.8873010325142676  0.6651223361343536 83.88730103251427 pid3e2e
3.965385330050081  0.5310468269577353 83.96538533005008 pid3cde
4.304725887133737  0.744826952690704 84.30472588713374 pid3d43
4.309104268832254  1.6172507790892523 84.30910426883226 pid3cdc
5.227033550099702  1.9341442931118453 85.2270335500997 pid3e1b
5.306354162976534  0.8494990428692193 85.30635416297653 pid3e61
5.410492739939304  1.9383120635591473 85.4104927399393 pid3d92
5.637296368579786  0.8199808587409954 85.63729636857978 pid3d74
5.8472795622963645  1.4490885122900312 85.84727956229636 pid3e23
6.35863281934771  0.7917036860085599 86.3586328193477 pid3d0d
6.528128769799557  1.3171610299597767 86.52812876979955 pid3cdd
6.542321268822154  0.7411097888797392 86.54232126882215 pid3de5
6.887315731025245  1.534043894930939 86.88731573102524 pid3db0
7.008605325574996  1.682928358700659 87.00860532557499 pid3d39
7.080057323715561  1.0947363222694904 87.08005732371556 pid3e39
7.492541436709555  1.1822267471879313 87.49254143670956 pid3dff
8.299113420338466  1.7731023347255404 88.29911342033847 pid3ce6
8.47075491907665  1.1626778385522707 88.47075491907665 pid3e38
8.540307477759479  1.5349232793140228 88.54030747775948 pid3d26
8.651949939317143  0.9972159428083904 88.65194993931715 pid3e0e
8.69979155588757  1.1632851933218549 88.69979155588757 pid3d7a
8.899428190973024  0.885617075854455 88.89942819097303 pid3e12
8.966085013586621  0.9970765736829885 88.96608501358662 pid3cc8
9.3483753490888  0.8860650549107723 89.3483753490888 pid3ddb
9.472378662653885  1.0045663921309493 89.47237866265388 pid3dfb
9.63592260398255  1.7709464453183887 89.63592260398255 pid3e07
9.659452051726214  1.5546628209876372 89.65945205172622 pid3d11
9.73889353271305  1.6682339385265543 89.73889353271305 pid3ce0
9.951317062360493  0.7470034854585319 89.95131706236049 pid3e42
9.951389707729513  1.1940621527952735 89.95138970772952 pid3e2b
10.083520559949854  1.0184125132055544 90.08352055994985 pid3d60
10.728375144220658  0.9675786589874265 90.72837514422066 pid3cf0
11.501196262675467  0.5722161690287286 91.50119626267546 pid3e65
11.579970170845627  0.7699453495939925 91.57997017084563 pid3e16
12.590727051419448  0.9849864600874807 92.59072705141945 pid3ddd
12.603659078347013  0.9683845923299375 92.60365907834701 pid3dae
12.868618803177567  1.941561944341816 92.86861880317757 pid3d0a
13.503847715656402  1.8979107221708693 93.5038477156564 pid3e70
14.05058860419805  1.4635127173579756 94.05058860419805 pid3e25
14.095301267178867  1.4653922516928666 94.09530126717887 pid3cee
14.21239649985791  0.7586418354423021 94.2123964998579 pid3cf2
14.49109914979645  1.3091036627193235 94.49109914979645 pid3d08
14.504774218634097  1.348872916104431 94.5047742186341 pid3d5d
15.122656267299284  0.5055853918464341 95.12265626729928 pid3df0
15.635604625556548  1.255088323152177 95.63560462555655 pid3d75
16.191863256395887  1.7209398648922292 96.19186325639589 pid3d49
16.19469566306906  1.7789732292102183 96.19469566306906 pid3d8a
16.753107180144134  0.5945749137342172 96.75310718014413 pid3e03
17.198444599020306  1.8446345729844318 97.1984445990203 pid3da2
18.290774339933158  1.445655023012142 98.29077433993317 pid3cd9
18.372712245919498  1.2248810048380148 98.3727122459195 pid3dd9
18.439873919792028  1.4214887285788629 98.43987391979203 pid3e3e
18.69056856876088  1.7590574163958181 98.69056856876088 pid3d82
18.861967211703757  1.0178262528903574 98.86196721170376 pid3d84
19.23291975563613  0.5040842348883807 99.23291975563613 pid3d89
19.328858516851767  1.268234963575039 99.32885851685177 pid3da7
19.995966723724536  1.5661782937389488 99.99596672372454 pid3db1
20.062480937613934  1.8733702422540135 100.06248093761394 pid3d66
20.063816463777446  1.031447803820548 100.06381646377744 pid3e11
20.632862331324702  1.9711061084512564 100.6328623313247 pid3d14
20.953531941979374  1.0196902818629827 100.95353194197938 pid3dd7
22.173603832006588  1.8699190010772881 102.17360383200659 pid3e24
22.71413401492733  0.7873869018580406 102.71413401492732 pid3e44
23.04802053625416  0.9702416180830646 103.04802053625416 pid3d85
24.10389954188218  0.7042142872728566 104.10389954188219 pid3cec
24.113873283686093  1.9890935153913283 104.11387328368609 pid3cf1
24.466557474194317  1.1610431820926064 104.46655747419432 pid3e67
25.442773512655453  0.8723512609064505 105.44277351265545 pid3d9f
27.471872396833387  1.3998242731634138 107.47187239683339 pid3de7
27.827742702531953  1.850410848533003 107.82774270253195 pid3d5e
27.905245745936824  0.598721835915158 107.90524574593682 pid3d5f
27.96694389648153  0.9172543490148376 107.96694389648152 pid3d8f
28.10121405263176  1.2850920388965996 108.10121405263176 pid3cf8
28.56786520863715  0.7099106734231997 108.56786520863716 pid3dc7
28.738701594397714  1.1907984334021866 108.73870159439771 pid3cfa
28.788495446366497  1.3333007520651388 108.7884954463665 pid3d3b
29.015178133130366  1.3594376395739132 109.01517813313036 pid3e31
29.36351367865701  0.9298882478157129 109.36351367865701 pid3dc4
30.54041808610865  1.4003895195019784 110.54041808610864 pid3cc3
30.63252047466817  1.527734807191488 110.63252047466817 pid3dc9
30.643825676318077  1.0446078171673205 110.64382567631807 pid3d9b
30.72173166315888  0.7633897122682509 110.72173166315888 pid3dd6
31.105028238617283  1.734362118389685 111.10502823861728 pid3dac
31.40104144424345  1.6355193372941554 111.40104144424345 pid3e37
32.23429938065892  1.5896160651914597 112.23429938065891 pid3d45
32.92152191819701  0.6451965442192709 112.92152191819702 pid3de4
33.089126882436105  0.6251979066663822 113.0891268824361 pid3ddf
34.20577497042383  1.4914137686604927 114.20577497042383 pid3e6e
34.562972386582445  1.0883146291130497 114.56297238658244 pid3e3c
34.68329732477185  0.7100573943972475 114.68329732477184 pid3d1a
34.74367107590875  1.7473281947917418 114.74367107590875 pid3d0e
34.9649700092104  0.7971074969709393 114.96497000921039 pid3ccf
35.574907925698746  1.3093049302416602 115.57490792569874 pid3d67
35.646330077050635  0.5398195302677395 115.64633007705064 pid3d77
36.20972758954213  0.809422114735906 116.20972758954213 pid3e50
36.34047195116311  1.1612805732413591 116.34047195116311 pid3dd8
36.4472222741506  1.2649160120948801 116.44722227415059 pid3d86
36.494486796393616  1.894330876238732 116.49448679639362 pid3d95
37.073593720246066  1.7298400581321114 117.07359372024607 pid3d73
37.574881436046404  0.8507130689823513 117.57488143604641 pid3cf6
37.818051662310495  1.786960393458826 117.8180516623105 pid3e68
38.92087217501705  1.892725409235661 118.92087217501705 pid3d06
39.107465348572475  1.522490468079751 119.10746534857248 pid3d10
39.512061532380486  1.2956691082063454 119.51206153238049 pid3ccd
39.53046154290132  1.3172483007191205 119.53046154290132 pid3d34
39.66940093243216  1.7751319585788752 119.66940093243215 pid3d72
39.909005927457656  1.9558500927341722 119.90900592745766 pid3dad
40.20854202620852  0.5099927538143274 120.20854202620852 pid3e0d
40.49092060808294  1.981749692406982 120.49092060808294 pid3d62
41.259417608031654  1.8615499570759777 121.25941760803165 pid3e4b
41.68909336996528  1.7630264578536228 121.68909336996528 pid3d8e
42.01746845106001  1.3350135141820618 122.01746845106001 pid3ceb
42.11032473646744  1.4176245398757885 122.11032473646745 pid3e46
42.42915772116206  1.3924528820913755 122.42915772116206 pid3e0f
42.630372369784176  1.279870821117793 122.63037236978417 pid3cf7
42.74963638800979  0.8609803995335215 122.74963638800979 pid3d96
42.959450211392344  1.5650144508157724 122.95945021139235 pid3d4b
43.373571539408225  1.9233808036083035 123.37357153940823 pid3def
44.09169963087153  1.6335398205584495 124.09169963087153 pid3e35
44.296962291334744  1.3898603663720375 124.29696229133475 pid3cd6
44.65743831918001  1.8420537143286866 124.65743831918002 pid3d7e
44.84433303991025  1.5276315705253516 124.84433303991025 pid3dfe
46.31560631484151  0.8785029654200485 126.31560631484152 pid3e2a
46.580894130554796  1.971083059842758 126.5808941305548 pid3de9
46.88546152555252  0.997351396380583 126.88546152555253 pid3dec
46.96221266790078  1.3742150358446121 126.96221266790079 pid3e30
47.192499948588875  1.2341586526385655 127.19249994858887 pid3dce
47.461083473371026  0.5945408023304053 127.46108347337102 pid3e14
47.90201279696011  0.6282001723024233 127.90201279696011 pid3d6f
47.981177474860246  1.4855561854619426 127.98117747486025 pid3da4
48.128229342355006  1.9618156605944552 128.128229342355 pid3e7a
48.25662758144465  1.5916063870602586 128.25662758144466 pid3d79
48.39784459721183  0.7954052965171228 128.39784459721182 pid3d4c
48.42955290506279  1.1881232507657966 128.4295529050628 pid3dca
48.4704728583559  1.6704527749618232 128.4704728583559 pid3d6e
48.762090518794984  1.4339072358306701 128.762090518795 pid3cc5
48.8178645646961  1.8626218290623493 128.8178645646961 pid3d94
49.24585494942394  1.986126845438318 129.24585494942394 pid3e62
49.38157279856516  1.4094821104221056 129.38157279856517 pid3cdb
49.54927031485343  0.896994213387957 129.54927031485343 pid3d8c
50.03080450316371  1.62176453505173 130.03080450316372 pid3d7f
50.0738155955483  1.4532532702397023 130.0738155955483 pid3e71
50.325032644886946  0.6603759557873001 130.32503264488696 pid3da9
50.466888061165996  1.6145203497354932 130.466888061166 pid3e13
50.69460850630863  1.332754559229658 130.69460850630864 pid3d50
50.75259626555159  1.805756574951919 130.75259626555157 pid3d83
50.99346339436541  1.2696598777912214 130.99346339436542 pid3d17
51.017560204950705  0.5046183397100957 131.0175602049507 pid3dfc
51.220510235402635  1.2525993855020605 131.22051023540263 pid3dcd
51.495764344566844  1.1261649594546745 131.49576434456685 pid3ce3
52.43718307006872  1.4090722345062372 132.43718307006873 pid3e3d
52.698231507539816  0.7419703727929106 132.69823150753982 pid3df1
52.73769584404697  1.100144783257845 132.73769584404698 pid3d1e
52.779767317820856  1.1509992223472982 132.77976731782087 pid3d00
52.81357989377545  0.9887290077664821 132.81357989377545 pid3d4e
53.307985573698794  1.549497760629648 133.3079855736988 pid3d69
53.35805170523671  1.6441335706379594 133.3580517052367 pid3cc4
53.73500030024975  1.718482677980945 133.73500030024974 pid3e74
54.066384432012185  1.2315909287942324 134.06638443201217 pid3e45
54.62617731401634  1.563095469040828 134.62617731401633 pid3e6c
54.71951242169096  0.944103532476354 134.71951242169095 pid3dbd
54.945647762710884  0.544670409896105 134.94564776271088 pid3cd8
54.97460368599616  1.5383370304006405 134.97460368599616 pid3d99
55.1581439840824  0.6858410361379776 135.15814398408241 pid3d13
55.42790255726275  1.3973648840112345 135.42790255726274 pid3e4a
55.46902518636364  1.671178426393682 135.46902518636364 pid3dab
55.578762807754586  1.1705438542169908 135.57876280775457 pid3e2c
56.23711519846122  1.5194586492057445 136.23711519846123 pid3e21
56.763583618854824  1.1112425559220211 136.76358361885482 pid3d9c
56.941134075217626  0.987771479994709 136.94113407521763 pid3e6d
57.33752679147102  1.4684673071635133 137.33752679147102 pid3e1e
57.42574648851059  1.2535575282945677 137.42574648851058 pid3d0f
57.67070203639001  0.9684353286906144 137.67070203639003 pid3d2f
57.734967899662216  1.227865178436078 137.73496789966222 pid3dea
58.16498455587616  0.8230819067188867 138.16498455587617 pid3d04
58.66510909047587  1.1535170974640576 138.66510909047588 pid3e58
58.69187866336081  1.2220190173766179 138.6918786633608 pid3e2d
58.90143987116206  1.0784410786140488 138.90143987116207 pid3e4e
59.761387899510034  1.4233312253362003 139.76138789951003 pid3d54
60.01504849424246  1.347068014374512 140.01504849424245 pid3dd5
60.027403258747775  0.5358517445026565 140.02740325874777 pid3e01
60.18648052911196  0.9957195248649539 140.18648052911198 pid3d58
60.77998402557257  0.5351820624068873 140.77998402557256 pid3e15
61.300363018526966  1.5573573548938688 141.30036301852698 pid3d65
61.31553329814415  0.7929205697177398 141.31553329814415 pid3e5c
61.34193774677176  0.8251831987472509 141.34193774677175 pid3e54
61.66485154730392  0.8697622868347061 141.66485154730393 pid3e79
61.728579071695144  1.8660882533238925 141.72857907169515 pid3e7d
62.03304058404964  0.5104997304239576 142.03304058404964 pid3d36
62.41609062941571  1.6005229660881994 142.41609062941572 pid3e1d
62.442143438376874  1.9020921257234051 142.4421434383769 pid3df4
63.068723500832846  0.8394557620627985 143.06872350083285 pid3d61
63.40110488626749  0.5514944783849725 143.4011048862675 pid3cff
64.05389668858551  1.2512677166691208 144.0538966885855 pid3e63
64.86302150060894  0.7832509510185177 144.86302150060894 pid3d31
65.66335629826006  1.0246494288078085 145.66335629826006 pid3db8
66.00940903093608  1.4241758777440214 146.00940903093607 pid3d05
66.25536025940511  1.9246805417666037 146.2553602594051 pid3cfd
66.26677005040118  1.2956764740397357 146.2667700504012 pid3d7c
66.33125439216698  1.9136139607193954 146.33125439216698 pid3ced
68.08860077364345  1.956963962848368 148.08860077364346 pid3d37
68.23708352324516  0.890424985052786 148.23708352324516 pid3e02
68.98314464926594  1.37110794670287 148.98314464926594 pid3e00
69.1361385380289  0.568497671149559 149.1361385380289 pid3d01
69.29129542590461  1.113403072633254 149.2912954259046 pid3e2f
70.19572137311566  1.260120880928478 150.19572137311565 pid3d25
70.42979354856993  0.8133484469996697 150.42979354856993 pid3d55
71.1139547005847  0.8544880695847394 151.1139547005847 pid3e29
71.12282146040782  1.5965465496957387 151.1228214604078 pid3e6b
72.25348776722429  1.6779846177860516 152.25348776722427 pid3d33
72.26166929981979  1.2993808535289757 152.2616692998198 pid3d27
72.30191376757173  0.944816001720091 152.30191376757173 pid3e27
72.94797738527019  1.8757672630173212 152.94797738527018 pid3e6f
72.9595742593878  1.4046324117369624 152.9595742593878 pid3e28
73.17039701723182  0.8183279119083533 153.17039701723183 pid3dfa
74.23605780528398  0.7759832423850843 154.23605780528396 pid3e7e
74.25526838939233  1.392966981151511 154.2552683893923 pid3dd1
74.58753080483567  1.7875906031413378 154.58753080483567 pid3d5a
75.05643093123295  0.5949888561390244 155.05643093123297 pid3d4a
75.50773705391232  0.5024855776996897 155.5077370539123 pid3d7d
76.62510089380731  1.0308235591954982 156.6251008938073 pid3dd3
76.83857435607699  0.6729584998838174 156.838574356077 pid3e1a
77.4044896395635  1.5957515382304892 157.4044896395635 pid3df7
77.7593058266905  1.7873537680394875 157.75930582669048 pid3e20
78.0856742629514  1.8527943019487159 158.0856742629514 pid3d2d
78.23338682172215  1.4620061819234214 158.23338682172215 pid3dda
78.25748275776454  0.8339444296682333 158.25748275776454 pid3e72
78.36592193184944  0.6067938258062644 158.36592193184944 pid3d9e
78.38928751509361  1.4251838632524634 158.3892875150936 pid3e4c
79.18175509031366  0.7318040434305213 159.18175509031366 pid3d5b
79.34081703803935  0.7017587134522262 159.34081703803935 pid3e48
80.51245698412565  1.6494354274024134 160.51245698412566 pid3e5f
80.92882423462501  1.8613222131564544 160.928824234625 pid3d1c
81.0187139281649  1.9850728588357176 161.0187139281649 pid3cbf
81.0223705152332  0.8805762203584686 161.0223705152332 pid3ce9
81.64456288640835  1.4084049208884468 161.64456288640835 pid3d80
81.79564054960281  1.9210029981379946 161.7956405496028 pid3dbb
82.01423218046487  1.8427263005381074 162.0142321804649 pid3d93
82.43385332112038  0.6087712686896868 162.43385332112038 pid3d53
83.1635139933293  0.7848504318463619 163.1635139933293 pid3e3f
83.80569343617378  0.9669622232916211 163.80569343617378 pid3e6a
84.23513172097303  1.1531279933655434 164.23513172097302 pid3ddc
84.3516876970905  1.8046398964468682 164.35168769709048 pid3d70
84.49824883179845  1.6356885913813124 164.49824883179843 pid3e64
84.5945742580664  0.8627795709170777 164.59457425806642 pid3d19
84.70820910333065  1.7348948477093877 164.70820910333066 pid3e60
85.01705506587757  1.8187699215943627 165.01705506587757 pid3e36
85.29161280297599  0.7074476200731379 165.29161280297598 pid3cc9
85.41122397015204  1.0569694217428574 165.41122397015204 pid3de8
86.56849108761644  1.6738529773886175 166.56849108761645 pid3d71
86.64562911338348  1.2219234628776787 166.64562911338348 pid3dc3
86.67094247056718  1.8818757270291382 166.67094247056718 pid3d6d
87.17210722312544  1.2245049017152803 167.17210722312544 pid3e0c
87.29719710809114  0.6244646402228944 167.29719710809115 pid3d38
87.32454904446344  1.1632332047226521 167.32454904446342 pid3cd5
87.73726432390144  1.3771564741426734 167.73726432390146 pid3d90
87.99829254005346  1.4033522407979744 167.99829254005346 pid3db4
88.18424887956436  1.6816159647594633 168.18424887956436 pid3d8b
88.30177548440861  1.684878384968814 168.3017754844086 pid3d02
88.45008777483956  1.7671538656496184 168.45008777483957 pid3deb
88.93588987081219  1.7291580529320967 168.9358898708122 pid3cd3
88.9382659345769  1.677974603898451 168.93826593457692 pid3e18
89.06103871483971  0.7544171301282578 169.0610387148397 pid3e5e
89.09108490993593  1.1976519485410568 169.09108490993594 pid3d2b
90.16473897556243  1.5679920070547575 170.16473897556244 pid3e4f
90.71291758258486  0.649419319422504 170.71291758258485 pid3cc2
90.99970498816242  1.8724248530769096 170.99970498816242 pid3e69
91.04949611924461  0.8411236047867496 171.04949611924462 pid3d98
91.66048899921621  0.6327781848623106 171.66048899921623 pid3e09
92.19894209460755  1.4701478790732867 172.19894209460756 pid3d76
92.35042817099834  0.9645142361353993 172.35042817099833 pid3d56
92.36717313431436  1.9916342795074335 172.36717313431436 pid3e76
93.59310758809508  1.500354148733082 173.59310758809508 pid3ccb
93.66011003495923  1.9868102939132999 173.66011003495925 pid3d64
93.86383475041447  1.9416423709822448 173.86383475041447 pid3d9d
93.87117557129304  1.3337514499806251 173.87117557129304 pid3d2a
94.19551833416527  0.7708966112278752 174.19551833416529 pid3e3a
94.20665753630658  1.471512560286604 174.20665753630658 pid3daf
94.26505117623935  1.243251826200337 174.26505117623935 pid3d46
94.46131576913095  0.7089025968008087 174.46131576913095 pid3cfc
96.05042828487649  0.6586406607153988 176.0504282848765 pid3dfd
96.4174559188811  1.5072022085332843 176.4174559188811 pid3cf4
97.75285669299623  0.5922596934034781 177.75285669299623 pid3d41
98.27961507354313  1.0686615223712965 178.27961507354314 pid3d4d
98.55059699880992  0.5086002099275551 178.5505969988099 pid3e41
98.66029103659265  1.0394519277977623 178.66029103659264 pid3cd2
99.19753087332747  1.5131781418924615 179.19753087332748 pid3e05
99.21463502123441  1.8336137430343917 179.21463502123441 pid3e53
99.9166277670493  0.5720747562423547 179.9166277670493 pid3d47
100.07455900208464  1.4081619481514993 180.07455900208464 pid3d88
100.12965983239184  1.8921260037679128 180.12965983239184 pid3db9
100.16863715780845  1.4133798490404161 180.16863715780846 pid3da6
100.31309045984085  0.557510063476689 180.31309045984085 pid3dcb
100.74080711619818  1.0897426223020519 180.7408071161982 pid3d2e
100.77772927572303  0.9707834401221022 180.77772927572303 pid3e1c
100.92713732532482  1.276462526358999 180.92713732532482 pid3db2
101.13090858021145  1.6958507828865304 181.13090858021144 pid3e40
101.24826962706227  1.8471759792066182 181.24826962706226 pid3e3b
101.48612130354331  0.7124474326886558 181.4861213035433 pid3dcc
101.54608505418041  0.5857362337727972 181.54608505418042 pid3d97
101.61597942200733  1.7114866321319209 181.61597942200734 pid3cca
102.02501011991097  0.5710738184066245 182.02501011991097 pid3d1f
102.92600516801433  1.9403380247767974 182.92600516801434 pid3dcf
103.88437553687116  1.7952620660492415 183.88437553687118 pid3e75
103.8865021538179  1.9342181420273747 183.8865021538179 pid3d0c
103.8983238106907  0.6419807433016947 183.8983238106907 pid3dc6
105.00405732044737  0.5522821713263458 185.00405732044737 pid3cea
105.11915312996994  1.9085195086819295 185.11915312996996 pid3d87
105.91763214171638  0.7735409878275863 185.91763214171638 pid3de6
106.62376493659174  0.5990658087089435 186.62376493659173 pid3e49
106.7396275136878  1.2727263704124805 186.7396275136878 pid3cc6
106.93673780938173  0.6729680108036433 186.93673780938173 pid3d07
107.44773416032352  1.7141378076435978 187.44773416032353 pid3ce4
107.60959511091495  0.9987561513820514 187.60959511091494 pid3d2c
108.2818645211756  1.8008260745169051 188.2818645211756 pid3d3e
108.41806641182379  1.6012490356150662 188.4180664118238 pid3d91
108.54986054670393  1.1188685474312967 188.54986054670394 pid3cbe
109.49615402657659  1.6350575236260854 189.4961540265766 pid3cc1
109.59989563509741  1.7186058546744305 189.59989563509743 pid3dd0
109.80514342050513  0.8023610923902497 189.80514342050515 pid3e06
109.8678110724741  0.955320137056378 189.8678110724741 pid3dc0
109.88753558020892  1.8516167881953258 189.88753558020892 pid3e22
110.19541935762255  1.7354865186370372 190.19541935762254 pid3e7f
110.20722925604878  0.7491360190721119 190.20722925604878 pid3e4d
110.46296230897256  1.4136784521217198 190.46296230897258 pid3dc2
110.68825523986925  0.8492474606550232 190.68825523986925 pid3ccc
110.84247477991715  1.5636365915743753 190.84247477991715 pid3da1
112.25195179119699  1.2207365254388567 192.25195179119697 pid3db3
112.29151858982193  1.6774109932400894 192.29151858982192 pid3ce5
112.67743592543437  1.2371531538456062 192.67743592543437 pid3da8
114.52848985663074  1.954544281800806 194.52848985663076 pid3d29
114.54853322691056  0.8854297734815587 194.54853322691056 pid3dbe
114.77714810219467  1.9878205704935517 194.77714810219467 pid3df2
115.28010726585977  1.7905306311636702 195.28010726585978 pid3df5
115.47465158394205  0.8895363453502245 195.47465158394203 pid3cf9
115.5339156438901  1.5002645373591097 195.5339156438901 pid3cda
115.79010517958757  1.6585762976615241 195.79010517958756 pid3da3
115.90909983529814  1.9352313427997592 195.90909983529815 pid3d44
115.92575039020066  1.4797910206914873 195.92575039020068 pid3e5a
115.96397569629538  1.0906656901542615 195.9639756962954 pid3dc8
116.42720983773891  1.9736484372838996 196.42720983773893 pid3db7
116.50735411401935  1.3612271484494978 196.50735411401934 pid3d03
116.96557593296879  1.9255522560451843 196.9655759329688 pid3dee
117.72393896599824  1.7012811423878478 197.72393896599823 pid3dc5
117.72569196525603  1.960410796947772 197.72569196525603 pid3d35
117.8159135602459  0.9438116103600854 197.81591356024592 pid3d18
118.03800261307227  1.1044495229468516 198.03800261307225 pid3e0a
119.01053712415509  0.9871418836675625 199.0105371241551 pid3e33
119.43147239631217  1.6341612092462001 199.4314723963122 pid3d12
119.55312024917455  0.5087227072872025 199.55312024917455 pid3cf3
119.81891421935912  1.9482980967612074 199.8189142193591 pid3e43
120.21143243727396  1.2346797358634887 200.21143243727397 pid3e08
120.34979828606573  1.6065623260992605 200.34979828606572 pid3d3c
120.64090662625746  0.627676998616552 200.64090662625745 pid3d8d
121.04609344255012  0.653414898178079 201.0460934425501 pid3e47
121.25205367442969  1.9623822459041458 201.2520536744297 pid3db6
121.25987677652793  1.0093389117846203 201.25987677652793 pid3d3a
121.32433437695266  0.7504805370985848 201.32433437695266 pid3cc0
121.35887258015792  0.8969352637607211 201.35887258015794 pid3e66
121.5397527631429  1.6749999585962005 201.5397527631429 pid3d6a
121.6562102479869  1.8073557796237603 201.6562102479869 pid3dd2
123.84032357689453  1.2730396451540549 203.84032357689455 pid3e10
124.20454952727907  0.8229752243483291 204.20454952727908 pid3df8
124.36261498820731  0.5513525320267313 204.36261498820733 pid3e17
124.61458202843797  1.3316974615255293 204.61458202843795 pid3d6c
124.63776309097113  0.6632746677889649 204.63776309097113 pid3d3f
124.8271623177296  1.9256323125946582 204.8271623177296 pid3e51
125.05819598178549  1.1095117945431774 205.0581959817855 pid3ce8
125.35587179654422  1.3738180099559056 205.35587179654422 pid3d51
125.96323399847708  1.983398661637508 205.96323399847708 pid3d4f
126.33730009230194  0.6566950366401461 206.33730009230194 pid3da0
127.5600524577535  1.0912023240419728 207.5600524577535 pid3e7c
127.5829149855091  0.6223322914675871 207.5829149855091 pid3d6b
127.59048735975527  1.6067633022008452 207.5904873597553 pid3dbc
127.70668763376514  1.1142371701858167 207.70668763376514 pid3cd1
128.4363655008167  0.7414301725983701 208.4363655008167 pid3d20
128.59167788292268  0.6354977157937512 208.59167788292268 pid3d22
128.59680481008186  0.9628189018243297 208.59680481008186 pid3dd4
128.8954373879927  0.9200874626452242 208.8954373879927 pid3e1f
128.91814656754693  0.720513503496441 208.91814656754693 pid3e59
129.4408453871686  1.1172449442817998 209.4408453871686 pid3e73
129.62769623448597  1.0885798301377296 209.62769623448597 pid3df6
129.66792677925926  1.8847899892541133 209.66792677925926 pid3db5
129.82201908473616  0.852216354030043 209.82201908473616 pid3e04
130.3220364119529  1.5363312685891204 210.3220364119529 pid3d52
131.92412017558954  1.8630972842775335 211.92412017558954 pid3d7b
132.50168728412223  0.7554614279087492 212.50168728412223 pid3df3
132.80463492986794  1.2654501284475521 212.80463492986794 pid3d30
133.03393050131945  1.562424022338487 213.03393050131945 pid3ded
133.19457589644296  1.710713406711282 213.19457589644296 pid3d15
133.40082995508777  0.6635429505217472 213.40082995508777 pid3ce1
133.79039301816306  1.5318992368816882 213.79039301816306 pid3ce7
133.8880906231962  0.731424271270892 213.8880906231962 pid3d28
134.48847857165262  1.5003947891420397 214.48847857165262 pid3dde
134.53849381446952  0.7212219071205783 214.53849381446952 pid3cfe
134.5480088124557  1.5418191943108368 214.5480088124557 pid3de0
134.83133303732865  0.7445052012086245 214.83133303732865 pid3de2
135.1589486944559  0.6085802609426884 215.1589486944559 pid3e0b
135.16294480816322  0.8060383556113543 215.16294480816322 pid3cce
135.46265591823874  1.991141259592777 215.46265591823874 pid3d48
136.46671633544278  1.0944403709462223 216.46671633544278 pid3d16
136.53839817519966  0.7741484876811005 216.53839817519966 pid3de1
137.08933947479412  0.7144323908459022 217.08933947479412 pid3e77
137.36591038704466  1.597707490633177 217.36591038704466 pid3e34
138.4360438564837  0.8526538032905296 218.4360438564837 pid3e5b
138.951775386975  1.7460689880483085 218.951775386975 pid3d63
139.34049402788807  0.5394347523552535 219.34049402788807 pid3daa
139.48195321236156  0.8079049637588549 219.48195321236156 pid3dbf
139.75729394099181  0.5006929565076775 219.75729394099181 pid3d5c
140.10099341843787  1.1221156917924278 220.10099341843787 pid3cd7
140.36239175054493  1.7687579650286127 220.36239175054493 pid3d42
140.39051209311683  1.9785264081437952 220.39051209311683 pid3d3d
141.0193229199538  0.6192839753577972 221.0193229199538 pid3e19
141.3342108688842  1.316548509024202 221.3342108688842 pid3d24
141.80473032019793  0.7364819954212631 221.80473032019793 pid3cd0
142.53944723436337  1.3281777041500606 222.53944723436337 pid3d23
142.69501316890066  1.242775163106169 222.69501316890066 pid3d1d
143.00587971260225  1.6388324616638141 223.00587971260225 pid3e78
143.10937089633245  0.8097698621901073 223.10937089633245 pid3dba
143.2766277665913  1.2763799542413503 223.2766277665913 pid3d09
143.75009066829685  0.8513118164240049 223.75009066829685 pid3e32
144.1241834788747  1.0660948988363006 224.1241834788747 pid3e26
144.2977559649426  0.719241636457711 224.2977559649426 pid3da5
144.4591526618444  1.5636486431538725 224.4591526618444 pid3d81
144.98268338862974  1.5675845890278775 224.98268338862974 pid3e5d
144.99221383142006  0.6536447336417404 224.99221383142006 pid3d57
145.23210767043537  1.3462956073574763 225.23210767043537 pid3d9a
145.25514157973822  0.7555250887806192 225.25514157973822 pid3d1b
145.3583873148975  1.8746491997340406 225.3583873148975 pid3d59
145.76448630650765  1.4354281892471996 225.76448630650765 pid3ce2
146.35413290644289  0.5666254253259182 226.35413290644289 pid3d32
146.4236452738789  1.5546037023321926 226.4236452738789 pid3d21
146.54403940436467  1.0699046492612756 226.54403940436467 pid3cfb
146.6428469000544  1.279957578719225 226.6428469000544 pid3cf5
146.70600775026892  1.8538926380938276 226.70600775026892 pid3d68
147.0864129923783  1.5177770697063504 227.0864129923783 pid3de3
148.20612879074903  1.0288828056713035 228.20612879074903 pid3cd4
148.64185933804532  1.4180600185601144 228.64185933804532 pid3e7b
148.95014912394672  1.885761181852394 228.95014912394672 pid3cdf
149.07575008135439  1.4250075696184274 229.07575008135439 pid3df9
149.739902362271  1.2925100353343444 229.739902362271 pid3e55
149.86122491849835  1.1901528167058408 229.86122491849835 pid3e52
