1.4961807772724267  0.6763485820574435 81.49618077727243 pid1aa1
1.8779385315074337  1.953213358519116 81.87793853150744 pid1aae
4.843904466782839  0.6952723007168291 84.84390446678285 pid1a3c
5.506184256966518  0.6643027263684187 85.50618425696652 pid1a4d
5.5730717232634674  1.1382966002904635 85.57307172326347 pid1ab9
5.712396725992591  1.5488062029060217 85.71239672599259 pid1ab7
7.003154733728928  0.9758087205994485 87.00315473372893 pid1a6f
8.70804785245834  1.793567254866678 88.70804785245834 pid1a36
11.244163176845689  1.4211287962371468 91.24416317684569 pid1a77
13.823166571411495  1.7662165338654299 93.82316657141149 pid1a3d
14.480572163871186  1.7631505181740195 94.48057216387119 pid1a8d
17.599125488593636  0.5947214535302978 97.59912548859364 pid1abd
17.80048446653586  1.1364137322927979 97.80048446653586 pid1a62
19.395359088054203  0.7132405710900497 99.3953590880542 pid1a9e
20.136480690124024  1.1193138896028532 100.13648069012402 pid1a86
22.76823135456938  0.6869792120356475 102.76823135456938 pid1a87
25.63378421077503  1.1576159990696568 105.63378421077503 pid1a8e
26.14381662860481  1.847998454912425 106.14381662860481 pid1a74
29.433469288743808  0.5462976335462311 109.43346928874381 pid1a6e
29.4561312485316  1.8046184859205476 109.4561312485316 pid1a47
30.25942659172204  1.1282548570273994 110.25942659172205 pid1ab8
30.521142747312595  1.4427629022157216 110.5211427473126 pid1a65
33.07815576010767  1.647197312589615 113.07815576010768 pid1a9b
34.242566068645566  0.5694510870087373 114.24256606864557 pid1a8b
35.17990710763249  1.7402207857073337 115.17990710763249 pid1aa3
35.616507732447204  1.7124781440156707 115.6165077324472 pid1ac0
36.04420406896721  1.400096559542421 116.04420406896722 pid1a6a
36.85340377958418  1.7362248732015142 116.85340377958417 pid1a52
36.97484999387945  0.9717482515389839 116.97484999387945 pid1aaf
37.42581671710825  0.9157811838023746 117.42581671710825 pid1a51
37.82735346194895  1.625303643482697 117.82735346194895 pid1a56
38.060135994544  1.9062071837690888 118.060135994544 pid1a43
39.12523857772241  0.5171117514783149 119.12523857772241 pid1a7d
39.38761586341858  1.3490736789399105 119.38761586341857 pid1a37
42.38807579884155  0.6543543815789117 122.38807579884156 pid1ab5
45.41943034344272  1.2275347985300291 125.41943034344271 pid1a5e
45.62295630028741  0.5249617477800979 125.62295630028741 pid1a49
46.54142008245383  0.8240692017152735 126.54142008245384 pid1a53
47.207102908836546  1.183830627228264 127.20710290883655 pid1a9a
47.960506767968866  1.3625305251193045 127.96050676796887 pid1a8c
49.66676349772063  1.9226892429476148 129.66676349772064 pid1a8a
52.24722294377005  0.7783872584378124 132.24722294377005 pid1a94
52.38077683160963  1.3834254640522228 132.38077683160964 pid1a55
53.37204704442291  1.4549667900989833 133.3720470444229 pid1a5b
54.10672542426117  1.4300569994001124 134.10672542426119 pid1a88
55.73017058564071  1.4858138023939687 135.7301705856407 pid1a2c
55.7990035425712  0.9640129767497173 135.7990035425712 pid1a2f
56.69976955304363  1.28845293511446 136.69976955304364 pid1a60
56.935697650595316  1.6719259576051235 136.93569765059533 pid1aac
57.07914744233694  0.8687074759301741 137.07914744233693 pid1a7f
58.8924966725401  1.3024081244667496 138.8924966725401 pid1a54
59.24405489188745  0.9347170843462396 139.24405489188746 pid1aba
59.70162000807296  0.814569263013744 139.70162000807295 pid1ab4
60.06288797554855  0.7432685244591715 140.06288797554856 pid1aa8
61.064426290584926  1.0532458328469922 141.06442629058492 pid1a32
61.387304095531434  1.3421470477316952 141.38730409553142 pid1a5a
61.53445519763904  1.8752256900875268 141.53445519763903 pid1ab0
61.8046410807494  1.2264047840768915 141.8046410807494 pid1abb
62.8723386999724  0.5035199469420797 142.8723386999724 pid1a67
62.95886314704898  0.9446708470460059 142.958863147049 pid1a4a
63.24531992682406  1.6499897824493355 143.24531992682407 pid1a4e
64.18072243077376  1.5005833096062713 144.18072243077376 pid1a68
64.49110104335328  1.641461319880575 144.4911010433533 pid1a4b
66.21753247923279  1.0532111241838402 146.21753247923277 pid1a40
66.28613278502833  1.4783410481649684 146.28613278502831 pid1aa0
66.61087739869768  0.98467312759229 146.61087739869768 pid1a90
66.76524826478122  1.5780728074733004 146.76524826478123 pid1a42
66.81060953907956  1.7972997846521626 146.81060953907956 pid1a97
67.03251353980951  1.9715864866923145 147.03251353980951 pid1a73
67.16984046313806  1.6259209715243141 147.16984046313806 pid1a3f
67.43013910035418  1.890955355635869 147.43013910035418 pid1ab1
68.47256897991322  1.9872670750516535 148.4725689799132 pid1aab
68.70674540320721  1.3787000405161924 148.7067454032072 pid1a41
69.54253809083892  1.0025230620631822 149.54253809083892 pid1a9f
69.819264900977  0.8601086195293663 149.819264900977 pid1a59
71.72673858488692  0.7720192267133758 151.7267385848869 pid1a5d
73.09792828020711  1.2424112418588615 153.0979282802071 pid1aa4
73.63388775778296  0.7580164915790429 153.63388775778296 pid1a9c
74.60091929418552  1.9008230647629494 154.60091929418553 pid1a31
75.70432019444713  1.2120044604437044 155.70432019444712 pid1a82
76.43461168663472  0.6256890388854253 156.43461168663472 pid1a81
77.24891776238799  0.5468880817779389 157.24891776238798 pid1a8f
77.45050421631383  1.453184092799369 157.45050421631385 pid1a96
78.18543530609976  0.9378238145660183 158.18543530609975 pid1a38
78.2760208132153  1.1512278324611205 158.2760208132153 pid1a7c
79.34037534578056  0.5545543974545188 159.34037534578056 pid1a6b
80.75465066660607  0.5083522233733173 160.75465066660607 pid1a80
81.77119109285833  1.9312623536898905 161.77119109285832 pid1a9d
82.30149426703323  1.5437020660899536 162.30149426703323 pid1a50
83.2326886726132  0.9542194146472087 163.2326886726132 pid1ac1
83.51333100735704  1.9006246089584395 163.51333100735704 pid1a78
84.90166265495377  1.09220505343526 164.90166265495378 pid1a89
85.17074347539504  1.6342436235875688 165.17074347539506 pid1a3b
89.12419234521997  0.5024110081470148 169.12419234521997 pid1a3a
89.59981547084352  1.6318476480468984 169.5998154708435 pid1a45
90.14257383376867  1.7368839835493581 170.14257383376867 pid1a66
90.63680876799653  1.366550812564996 170.6368087679965 pid1abe
90.69427089976318  1.4482459514381683 170.69427089976318 pid1a2e
92.41987376206023  1.2054463383716016 172.41987376206023 pid1ab6
92.55513401893774  1.391940438617295 172.55513401893774 pid1aa7
92.56246806808339  1.6293207126228109 172.56246806808338 pid1aad
93.10573586073778  1.4279339580763317 173.10573586073778 pid1aaa
93.12147757052804  0.9383238755530945 173.12147757052804 pid1a92
93.16728634149784  0.9969189313926614 173.16728634149786 pid1a70
95.04767391273822  0.779736205496993 175.04767391273822 pid1a6d
95.70318859074204  0.7768932077778137 175.70318859074206 pid1a58
98.89548767464169  1.1621119786875957 178.89548767464169 pid1a57
101.824526652018  1.8713811382269117 181.824526652018 pid1a84
102.16658765226296  1.4917374104890582 182.16658765226296 pid1ab2
103.6820952713769  1.5303811126905087 183.6820952713769 pid1a4f
104.30346605423182  1.6024045347556515 184.30346605423182 pid1a6c
104.38392215752081  0.8336772530738619 184.38392215752083 pid1a46
104.6859017328613  0.9194507480920469 184.68590173286128 pid1a30
106.08934297069025  1.68725302569786 186.08934297069027 pid1a72
107.9295470172612  1.303651062930311 187.9295470172612 pid1a39
108.11055983896833  1.334949448889931 188.11055983896833 pid1a91
111.68496833764237  1.4441954277525981 191.68496833764237 pid1aa9
115.49928704621524  0.904913867762474 195.49928704621524 pid1a63
116.13274694114533  0.7483350216701685 196.13274694114534 pid1a4c
116.52532835740794  1.8750413221246447 196.52532835740794 pid1a7b
116.93676738258992  1.5916198228179508 196.93676738258992 pid1a2d
118.01663873411707  0.5130488911429332 198.01663873411707 pid1a5f
119.79882989374556  1.3630074029589152 199.79882989374556 pid1aa2
120.73716574313211  1.9821127826383762 200.7371657431321 pid1a7e
122.04490253375053  1.3674307857540304 202.04490253375053 pid1a44
122.42890771840315  0.601648882667166 202.42890771840314 pid1a98
122.89702073717955  1.899045856346348 202.89702073717956 pid1a95
126.03397872172606  1.6878911020886296 206.03397872172604 pid1a69
126.9467944004218  1.6366719564015924 206.9467944004218 pid1a83
127.16750707337481  1.6949758747196833 207.1675070733748 pid1a79
128.59613079978524  1.2059051379458414 208.59613079978524 pid1a99
128.7527791400987  0.8045542463732762 208.7527791400987 pid1a75
129.00444232388105  1.91659626706487 209.00444232388105 pid1abf
132.1845458210751  1.955872014906512 212.1845458210751 pid1a48
135.1331329373616  1.3841762804155626 215.1331329373616 pid1a7a
137.2165653125167  1.0682187924697646 217.2165653125167 pid1a35
137.81752920463632  1.4735803207660934 217.81752920463632 pid1aa5
141.79577883254518  1.475156316627076 221.79577883254518 pid1abc
141.8296153776609  1.5425385457676457 221.8296153776609 pid1a33
142.08875331511376  0.7531784417387416 222.08875331511376 pid1a93
142.52986603572205  1.7922952446041764 222.52986603572205 pid1a34
143.70071521996326  0.6577718378743115 223.70071521996326 pid1a5c
146.9802585177476  1.8759454777424527 226.9802585177476 pid1a64
147.15066187645093  1.2837043062371218 227.15066187645093 pid1ab3
147.69971747811013  1.7886335016934782 227.69971747811013 pid1a3e
148.59919025540464  1.4609361244990753 228.59919025540464 pid1a85
148.88610896592695  1.513360677044312 228.88610896592695 pid1a61
148.92700119801916  1.280288022104214 228.92700119801916 pid1a76
149.1374663356293  0.7750416938215148 229.1374663356293 pid1aa6
149.46477358016517  1.013070548105464 229.46477358016517 pid1a71
