0.1544759722817146  1.0807948533396692 80.15447597228172 pid12fb
0.4095016451547473  0.5672091876353201 80.40950164515475 pid1322
1.7056883002909418  1.0804517437927472 81.70568830029094 pid1308
2.2821344570833455  1.3324955727053978 82.28213445708334 pid1296
2.4114000785359413  0.8679484754607965 82.41140007853595 pid12e7
2.965382913474268  1.4594547063288021 82.96538291347427 pid130b
3.456267684683495  0.7680687422372374 83.4562676846835 pid1298
3.9994025386716645  1.807253728794009 83.99940253867166 pid12b3
4.648637325049959  1.2516424468367675 84.64863732504996 pid12ef
5.673903381990675  1.7020645458998036 85.67390338199067 pid12be
5.69205140923682  1.961358041888701 85.69205140923683 pid12e8
5.9271111030384125  0.8293762267742932 85.92711110303841 pid131e
6.335926897273686  1.235794597305249 86.33592689727368 pid12b1
6.7396698455651824  1.8217525443861262 86.73966984556519 pid12d1
8.66640699288666  1.8898175651348375 88.66640699288666 pid12b9
9.183424017777565  1.2244859089113511 89.18342401777757 pid12b8
10.112427089640336  1.8474472672383597 90.11242708964033 pid130c
12.215157504086626  0.7808692520562175 92.21515750408662 pid12f3
12.39963124489558  0.7954290088481337 92.39963124489557 pid12d9
12.418237381113068  1.496693878608553 92.41823738111307 pid12c5
13.884186129643211  1.0104538785804287 93.88418612964321 pid131c
14.015848890022797  1.20381537545433 94.0158488900228 pid1295
14.193767041869759  1.352939386668791 94.19376704186976 pid12a4
14.462963415819157  1.63845048479175 94.46296341581916 pid130f
16.884830060100587  1.1110526062783175 96.88483006010058 pid12d0
18.145817238176797  1.82801842805571 98.14581723817679 pid12ba
18.723799609958235  1.9519415716779298 98.72379960995823 pid12e2
19.119112707348357  0.6970780336709795 99.11911270734836 pid12c4
19.41808658746446  1.8371951140431997 99.41808658746446 pid12f5
20.52346645622932  1.6848861382726463 100.52346645622931 pid12b5
20.53299176125715  1.1437388434947562 100.53299176125715 pid129e
20.960419051355572  1.0978257100392859 100.96041905135557 pid12d4
21.336476346696394  1.6862894862266247 101.3364763466964 pid12f9
23.952140002926193  0.7503894804692612 103.9521400029262 pid12c1
26.619864201857336  1.7521973259430927 106.61986420185734 pid1304
30.46353547791176  1.0723233185382626 110.46353547791176 pid1297
32.01932718798304  1.7495382377776987 112.01932718798304 pid12d2
32.34424646464877  0.5566414462790552 112.34424646464876 pid12dc
32.75498645367664  0.5283999195577064 112.75498645367665 pid12f2
33.46054998350913  1.7756989978831315 113.46054998350914 pid129f
35.10958251123101  1.960636901769536 115.10958251123101 pid12e3
35.58985286613297  1.0474492662324324 115.58985286613297 pid12db
37.96598196874573  0.8950349942085079 117.96598196874572 pid12e6
38.52543064477626  0.9318515235935477 118.52543064477626 pid130d
38.71737599476039  0.7061568282918331 118.71737599476039 pid12e0
39.77640645201117  1.000972534127144 119.77640645201117 pid1291
40.40161990953006  1.5142746504689528 120.40161990953007 pid12d3
41.4596410253608  1.6264331679563522 121.45964102536081 pid1319
43.439658470469574  0.5543134107636611 123.43965847046957 pid12bc
44.24033855549969  1.2556369865858579 124.24033855549969 pid1307
45.094731367620305  1.4499517507610955 125.09473136762031 pid12c0
45.537392077631004  1.5438558851774098 125.53739207763101 pid12b7
45.82200371211609  1.5105775849339353 125.8220037121161 pid128f
45.97827263263136  1.6954732179077632 125.97827263263136 pid1300
46.402844089959125  1.261038191211742 126.40284408995913 pid12e1
46.80593313350882  1.2767188925237334 126.80593313350883 pid1309
47.13417169211229  1.6954244887075256 127.13417169211229 pid1311
47.23567455986707  0.7137023863787028 127.23567455986708 pid12c2
47.732706367626044  1.2238903730951678 127.73270636762604 pid12a2
49.65097330092918  1.98991371505474 129.6509733009292 pid129a
50.11692008829887  0.5720763077182625 130.11692008829885 pid12fa
53.788382520549796  1.3493426517486795 133.7883825205498 pid1323
53.86361645295543  1.6030209265636546 133.86361645295543 pid128e
55.969051717554144  1.131150130141753 135.96905171755415 pid131d
56.09777959395805  0.9247996278597688 136.09777959395805 pid12c3
56.910635593008884  0.679356602530087 136.9106355930089 pid12ae
57.18283799287126  1.1559503071764832 137.18283799287127 pid12cd
57.80628097699041  0.7969804241058138 137.80628097699042 pid1320
57.903200204613995  1.8959233069335575 137.903200204614 pid129d
57.97498072382594  1.477649353473598 137.97498072382592 pid12f7
58.250747956644666  1.199755383875918 138.25074795664466 pid12af
59.46142479086547  1.0662040785260098 139.46142479086546 pid1321
59.66747405814303  1.5514571711953054 139.66747405814303 pid1317
61.073964401693125  1.2339541636224474 141.07396440169313 pid12cf
62.112114730858465  0.8334898765138015 142.11211473085848 pid12e4
62.94853840495732  1.5544018586358135 142.94853840495733 pid130e
63.68918632498725  1.2318773689554594 143.68918632498725 pid12b4
64.62026266893683  0.9691451783469585 144.62026266893685 pid12d7
65.10862446753919  0.659177887205419 145.1086244675392 pid12ab
65.49391429997986  0.6715732404833097 145.49391429997985 pid12c7
66.94693761004888  1.4552022004746021 146.94693761004888 pid1306
67.34062924152674  1.6996629603154665 147.34062924152676 pid1303
69.16392109172254  0.5926539895362601 149.16392109172256 pid12fd
70.07309613476893  1.3901461463703266 150.07309613476895 pid12f4
74.38269618244001  1.0197822060619877 154.38269618244001 pid1290
77.00435287781988  0.9149370478867485 157.00435287781988 pid12de
78.19212739119098  1.3315176382266534 158.19212739119098 pid1302
79.17518658985072  0.9333362985478754 159.17518658985074 pid1301
81.57989254435739  1.4649983895053673 161.5798925443574 pid1305
81.90249105470319  1.7431728874630281 161.9024910547032 pid12d6
83.05839231421697  1.8763568614989699 163.05839231421697 pid12a6
86.11188387390101  0.9859503035034515 166.111883873901 pid131b
86.13865850737045  0.9435676490630123 166.13865850737045 pid12e9
87.07108475688378  1.1001011915997958 167.07108475688378 pid1313
88.92965114472842  1.1490349229381331 168.92965114472844 pid1318
89.06462998567746  0.5973387080666994 169.06462998567747 pid12ce
89.89369830239313  1.9764978098798878 169.89369830239315 pid12eb
90.15008948497713  1.6673171839471934 170.15008948497712 pid12b2
92.74122174037393  1.867542122963878 172.74122174037393 pid12f6
93.8221450520144  1.1768412454215347 173.8221450520144 pid12b6
93.92460029993202  1.2275135662294985 173.92460029993202 pid12ea
94.28121520271166  1.7648154014481352 174.28121520271168 pid12ca
94.89552076643392  1.1185649757067377 174.89552076643392 pid1315
95.31704831326921  1.2627074138278296 175.3170483132692 pid12f1
97.71124934121794  1.1963113404768484 177.71124934121792 pid12a1
98.36233369466966  1.3498449386311169 178.36233369466964 pid12c6
101.06266361369927  1.51879379828502 181.06266361369927 pid1299
102.50981390736246  1.05589371070947 182.50981390736246 pid12c9
102.6545766238933  0.8252638454668931 182.65457662389332 pid12d5
102.7780729393112  0.8487619980969136 182.7780729393112 pid1312
103.48628208368369  1.0061681125208388 183.4862820836837 pid12a8
104.95063422785687  0.9042755379299249 184.95063422785688 pid131a
105.8069343868652  1.5885236747399394 185.80693438686518 pid12fe
106.63211938254501  1.6596167451144836 186.632119382545 pid12cc
107.36866465896941  1.208019995313312 187.3686646589694 pid12a3
107.47160307424419  1.3185232960514668 187.47160307424417 pid129c
107.66231552101391  1.312030166617704 187.6623155210139 pid12a0
107.74414050010637  1.3846887052955776 187.74414050010637 pid12ad
113.91068014737901  0.630326231707184 193.91068014737903 pid12fc
115.47638227988156  0.9862343811770935 195.47638227988156 pid12bf
115.65632236600004  1.4228083128316797 195.65632236600004 pid1292
115.75805415177811  0.8307101180340146 195.7580541517781 pid12cb
116.12230225207007  0.9009712956313998 196.12230225207009 pid12a5
117.10685146258223  1.9657300023300304 197.10685146258223 pid129b
117.92225724474973  1.5956893174219673 197.92225724474974 pid12c8
120.88666961336762  0.5122908790879634 200.88666961336762 pid12b0
121.48189460178519  0.5093246784269859 201.4818946017852 pid12dd
121.50738873405437  0.5350446859865003 201.50738873405436 pid12ac
124.82068631315063  0.8249166438961052 204.82068631315065 pid130a
124.98426263090973  0.6889947019661635 204.9842626309097 pid1314
125.19737713966796  0.7684163672707636 205.19737713966796 pid1316
125.43772560939146  1.2363328511119407 205.43772560939146 pid12bb
125.79915091868942  1.9162071687475026 205.7991509186894 pid12f8
126.71759466207895  1.113222436655641 206.71759466207897 pid12f0
132.09173862729327  0.6689969230684374 212.09173862729327 pid12df
133.36247048183785  0.9942697038782151 213.36247048183785 pid1310
136.09459911343788  0.7791390936867209 216.09459911343788 pid1293
137.90038420843808  1.5994436809424148 217.90038420843808 pid1294
138.15944321855758  1.5384721445752516 218.15944321855758 pid12a7
138.97691508039776  1.971583715698478 218.97691508039776 pid12a9
139.39328139517585  1.1583017007469043 219.39328139517585 pid12ff
140.17273920557372  0.9326836049722411 220.17273920557372 pid12aa
142.7095649570829  0.514895395784938 222.7095649570829 pid12ee
143.15902277239636  0.722594904443002 223.15902277239636 pid12ec
145.19362476602694  1.010404686266359 225.19362476602694 pid12ed
145.60055604794564  1.4361586032502598 225.60055604794564 pid12d8
145.94263581829617  0.7465630049942866 225.94263581829617 pid131f
147.05021190055402  1.1433483183076412 227.05021190055402 pid12da
149.75100742879454  1.0797590968531403 229.75100742879454 pid12e5
149.96585634783446  1.9490745882965959 229.96585634783446 pid12bd
