0.11957958459762885  1.2348386365072797 80.11957958459763 pid10be
0.14619614626064092  1.9597054344011877 80.14619614626064 pid10ba
2.381712312343703  0.7003536369710309 82.38171231234371 pid1062
3.3873283579592792  1.398338852699641 83.38732835795928 pid107d
3.80025912042698  0.9825715778932829 83.80025912042699 pid1045
4.227287910503719  1.2844855831050874 84.22728791050372 pid10c8
4.913718063719996  0.9690177037080387 84.91371806372 pid1066
4.9893461993737285  1.6117442091658307 84.98934619937373 pid1080
5.068366747181918  1.6213942141611566 85.06836674718191 pid1050
6.724099336831579  0.6132760956797972 86.72409933683159 pid10b1
8.176637179518986  1.2010666187271724 88.17663717951899 pid1086
13.022637398740034  1.5017702979900562 93.02263739874003 pid1088
13.276663021956647  1.7469806248915234 93.27666302195665 pid108d
13.787685597173894  1.652589210011904 93.78768559717389 pid105c
13.911441113781608  0.7885911344501084 93.9114411137816 pid10cb
13.957703304938313  1.0606429313558392 93.95770330493832 pid109b
14.44980171857213  1.9937762194350532 94.44980171857213 pid104d
14.519684763432583  0.623854034089377 94.51968476343258 pid10a5
14.987209531333178  1.3808781886715278 94.98720953133318 pid1059
15.50290591080879  1.8301876856856247 95.50290591080879 pid1043
15.694790832342226  1.0878282043413505 95.69479083234222 pid103e
15.710992235800326  1.4165589148904343 95.71099223580032 pid1044
17.68002234899239  1.6806212585184306 97.6800223489924 pid105d
19.599114551898  1.83623798393022 99.599114551898 pid106c
22.088220611452776  1.5073847990910396 102.08822061145278 pid1090
23.64276312579548  1.8728178399721997 103.64276312579548 pid10c3
25.071436360481425  0.7506959936718156 105.07143636048143 pid10a4
25.855185248591884  1.6471512307730483 105.85518524859188 pid1097
25.974231969741464  1.8725182018481452 105.97423196974147 pid10a2
27.201766122626914  1.7798144281512327 107.2017661226269 pid1046
29.995056740021543  0.6525091670924534 109.99505674002154 pid106d
30.662761849225006  1.6575924121561605 110.662761849225 pid1038
31.67087703624274  0.8207125357170677 111.67087703624274 pid10c5
31.793487589857172  1.2084962884135502 111.79348758985716 pid105a
32.45748901213024  1.8005278377385512 112.45748901213024 pid10c9
32.94681168866241  0.6657312515227434 112.94681168866241 pid108f
35.11820297726753  1.4164325732321599 115.11820297726753 pid1075
36.96523279931788  1.1399944625209213 116.96523279931787 pid1087
39.17146077825696  1.0969163748290593 119.17146077825696 pid10b2
39.98261502277923  0.5883594639739742 119.98261502277923 pid10c4
40.08836544079501  1.5971418128500676 120.088365440795 pid1056
45.26453768444071  1.2337209795633561 125.26453768444071 pid1091
48.3822280682298  1.8279074106531188 128.3822280682298 pid1068
48.53980284451358  1.30626356281212 128.5398028445136 pid106e
48.737289753696714  0.8092859979695598 128.7372897536967 pid10bd
49.84084891319729  1.4680682670284881 129.8408489131973 pid1036
49.89410331923396  1.1742129989778956 129.89410331923398 pid1074
52.33227035265109  1.382549224045701 132.3322703526511 pid105b
54.67971750319921  1.2884448218542017 134.6797175031992 pid1096
55.48304529497774  1.4267741745792515 135.48304529497773 pid10a6
56.93260973846194  1.3818271633811932 136.93260973846193 pid107c
57.014020746941405  1.186262265320328 137.0140207469414 pid105f
58.14698527541445  0.9877674472401712 138.14698527541447 pid1072
60.733608395952324  0.7310111576081981 140.73360839595233 pid1078
60.93047610587476  0.920269072178721 140.93047610587476 pid10b6
61.78175437826092  0.5523350038740538 141.78175437826093 pid109d
62.02679609120586  1.1912226808712423 142.02679609120585 pid1051
62.1271270906568  1.4367779586995881 142.1271270906568 pid109e
62.419563056342014  0.5851553756189274 142.419563056342 pid106a
62.536375355086925  1.6016016839324474 142.53637535508693 pid104b
63.74771333744572  1.0496816662922959 143.7477133374457 pid10c6
64.0369532383028  1.4415440906581771 144.0369532383028 pid1041
67.42495529915945  1.6923270163708135 147.42495529915945 pid10a9
67.61104180258502  1.4060240417623104 147.61104180258502 pid1049
68.49166569604098  0.7533912888717889 148.49166569604097 pid10ad
68.85556817637067  1.6473690061928372 148.85556817637067 pid1082
69.02057215895942  0.6719584743340012 149.02057215895942 pid10a3
69.45252316127319  1.9020439320560114 149.45252316127318 pid10c0
69.74389565265541  1.9819705020924636 149.7438956526554 pid10a0
73.0699192736143  1.5642027718302414 153.0699192736143 pid10ab
74.57590829281058  0.6771075652200632 154.5759082928106 pid1071
74.86527574065575  0.7861337580244576 154.86527574065576 pid1094
76.27976643622817  1.1742824150885172 156.27976643622816 pid10a7
77.42396127471925  1.7146516623731687 157.42396127471926 pid1055
78.03937210379222  1.1721303816994704 158.03937210379223 pid109f
78.58011516082725  1.6847240858179315 158.58011516082723 pid103f
80.92497594375226  0.6400575508826631 160.92497594375226 pid1048
81.170606260212  1.2679923541752327 161.170606260212 pid10b5
82.53396070011414  0.916686178569032 162.53396070011414 pid1098
83.4175307948469  0.6722887788532641 163.4175307948469 pid10bf
84.0310158351148  0.7331714662689324 164.0310158351148 pid1084
86.10591504049718  1.0125070214001155 166.10591504049717 pid10b9
86.17624166781675  1.3388930574874873 166.17624166781675 pid1081
87.87080820599496  0.8960413637761956 167.87080820599496 pid10b0
88.28418777247717  1.6658851564317207 168.28418777247717 pid104a
88.80367433668974  0.6733880265822492 168.80367433668974 pid1064
91.4548537284699  0.6149307387935417 171.4548537284699 pid1054
91.86355253946682  1.1715758968948806 171.8635525394668 pid104e
92.63035145146705  1.4228312749898508 172.63035145146705 pid108e
92.98832739129308  1.2970807543289802 172.98832739129307 pid1077
93.45111909990493  1.5003766643665324 173.45111909990493 pid107e
93.82656590316543  0.6717112771426904 173.82656590316543 pid106f
93.83337672872273  0.5424430546347351 173.83337672872273 pid1060
96.14658209217153  1.1284666689787968 176.1465820921715 pid1076
96.29920423557982  0.9085438583705217 176.29920423557982 pid1070
96.30862489154345  1.716311290469231 176.30862489154345 pid1058
97.88355673378364  1.0441638399895663 177.88355673378362 pid1089
101.87005697363938  1.4108854109491828 181.87005697363938 pid1069
102.03220639306335  1.7352423287956604 182.03220639306335 pid1052
102.11647859752111  0.691445703119123 182.1164785975211 pid1085
102.93434590413894  1.706397829484841 182.93434590413892 pid1065
103.12794221528586  1.9678304536861002 183.12794221528586 pid107a
103.61073906224794  1.529078591660735 183.61073906224794 pid109c
105.89187416768141  0.933114743774755 185.8918741676814 pid1083
107.05751089476867  1.9863790539858694 187.05751089476865 pid103a
107.16341524249047  1.1450811838690027 187.1634152424905 pid10ca
107.87439919616256  0.5242271413828369 187.87439919616256 pid10c7
108.36677834299843  1.8656957076425802 188.36677834299843 pid10c2
109.09299208065413  1.3115639640815748 189.09299208065414 pid1039
109.28292006736955  0.669699063135283 189.28292006736956 pid10af
110.95689956888859  1.6325634984033475 190.9568995688886 pid1073
112.25199744418732  1.132701720279957 192.25199744418734 pid109a
112.27027766768862  1.0685799630711341 192.27027766768862 pid1047
112.37805313931086  1.6357638791301028 192.37805313931085 pid105e
114.85405502710509  1.9515378379414943 194.8540550271051 pid1063
115.97971772429369  1.4328559302454817 195.9797177242937 pid1057
118.24021797726645  0.9337997158931917 198.24021797726647 pid1093
120.917689183527  0.8591737347501682 200.917689183527 pid10aa
121.25576379030394  0.5317604742844576 201.25576379030394 pid108a
121.75174273567788  0.5449752952892433 201.75174273567788 pid10bc
122.16782195469578  0.5530736603913831 202.1678219546958 pid107b
122.85297399349763  1.8060279203783185 202.85297399349764 pid10bb
122.85554693966502  1.8692967179309274 202.85554693966503 pid1079
123.14540105152511  0.8126908194744391 203.1454010515251 pid10c1
123.2297397257048  1.2079849479133766 203.2297397257048 pid10a8
124.02295590308188  1.8423463908500906 204.02295590308188 pid10b3
124.33883632048358  1.5237716816518887 204.33883632048358 pid1040
125.96786411637744  1.1329881882861799 205.96786411637743 pid103d
128.08923889841205  0.7740627196557288 208.08923889841205 pid1092
128.20369932680828  0.5553752812907187 208.20369932680828 pid103c
131.08102469367864  0.8692469629410536 211.08102469367864 pid104c
131.94616576024842  1.0602349944474032 211.94616576024842 pid10a1
132.30238502396503  1.1939884707359685 212.30238502396503 pid10b8
133.683161710529  0.796925256937597 213.683161710529 pid1067
134.6265268032196  1.1005387914720581 214.6265268032196 pid103b
135.60929425848076  1.9921092037972001 215.60929425848076 pid1061
135.99661426681342  1.204441494472488 215.99661426681342 pid108b
136.63489604716864  1.0978213470900426 216.63489604716864 pid1042
136.86938471547796  0.924213301256266 216.86938471547796 pid106b
137.7750718166571  1.880909661217628 217.7750718166571 pid108c
137.94981363277782  1.405799380221463 217.94981363277782 pid10b7
138.5254909911328  1.0628009786825188 218.5254909911328 pid10b4
138.84892306255853  0.975088241923183 218.84892306255853 pid10ac
139.94574355075986  1.2637528259010495 219.94574355075986 pid1095
140.2714018821634  1.25317201010552 220.2714018821634 pid107f
141.134320578592  0.7296477060952908 221.134320578592 pid1099
142.36476442301807  0.8574592755142711 222.36476442301807 pid104f
144.1375790761283  0.7097858112688012 224.1375790761283 pid10ae
146.20043782419347  1.9687502432057182 226.20043782419347 pid1037
146.60552122787877  1.9404776800512544 226.60552122787877 pid1053
