0.09469272321860345  0.8306990176227065 1.7560907584640164 pidd6e
0.3025181275747246  1.5394228859758723 3.381363899526469 pidd80
1.0427355662886995  1.6764518260252017 4.395639218339102 pidddb
1.7690113078353775  1.255917998677833 4.280847305191044 pidd53
2.5772220334141838  1.705975110367497 5.989172254149178 pidd7b
2.9560646184632167  0.9800913076544995 4.916247233772216 pidd84
3.2670970408866573  1.7906007045246306 6.8482984499359185 piddc6
3.8956697975899846  1.3973818921518615 6.690433581893707 pidd92
4.664324870317904  0.8918004591195897 6.447925788557083 pidd87
4.961116519636855  0.6056153694326917 6.1723472585022385 piddba
5.452432027712161  2.6342248409308486 10.72088170957386 pidda9
5.683863871489714  2.4966556441874874 10.677175159864689 piddc2
6.461012396015075  1.1617182038685403 8.784448803752156 piddd3
7.134069683130939  0.7804995747478125 8.695068832626564 pidd6a
7.891371453812967  0.4953544597237962 8.88208037326056 pidd99
9.357795841661499  1.8641482315400113 13.086092304741522 pidd9b
9.803135342431545  1.2067388711740394 12.216613084779624 pidda1
9.846898111308988  1.3644004865877408 12.57569908448447 pidd97
10.103180913932619  2.600585725708654 15.304352365349928 pidd76
10.659879556969509  2.2243233829218503 15.108526322813209 pidd9f
11.575229206569837  1.3178717006778482 14.210972607925534 pidda5
12.1504608479988  2.181200125870848 16.512861099740498 piddce
12.71991333244349  2.538172858454967 17.796259049353424 pidd4a
13.872125726896057  2.724005200924564 19.320136128745183 piddcf
13.909998267835421  1.8426048102369013 17.595207888309226 pidd68
13.935316025859967  1.4754410597121317 16.88619814528423 pidd75
14.063134226082797  2.876321758315783 19.815777742714364 pidd71
14.957621245633469  2.4239698663704683 19.805560978374405 pidd64
15.059583964294564  2.4678625585522593 19.995309081399082 piddb6
15.38009485826577  1.8979996684251725 19.176094195116114 pidd82
16.04807733890956  2.5124738730585667 21.073025085026693 piddd6
17.410878560209163  0.8592286020697819 19.129335764348728 piddbd
18.09318153316172  1.8508176906670286 21.794816914495776 pidd8c
18.42814158597742  1.523070819198019 21.47428322437346 pidddc
18.50000825284772  1.3193707100641427 21.138749672976004 pidd4f
19.12239485261057  0.7452004339174256 20.61279572044542 piddd4
19.52058961152653  1.8837718347431855 23.2881332810129 piddbe
22.666874374507984  1.658187497947568 25.98324937040312 pidd8e
23.016613205475135  0.43193047982293736 23.88047416512101 piddca
23.38472416684576  2.4991301837685187 28.3829845343828 pidd5f
23.994447076510138  0.7881017675326525 25.57065061157544 pidd52
24.19086627481324  2.260788633935351 28.712443542683943 piddd7
25.008965662070793  0.4030133314332105 25.814992324937215 pidd4d
25.222264055961986  0.413327969591044 26.048919995144075 pidd66
28.593613368162806  1.4040147595468633 31.401642887256532 pidda4
28.69436905354259  1.5303871389044499 31.75514333135149 pidd5b
28.762610330973224  2.2849011860326875 33.3324127030386 pidda0
28.916950729904624  1.9102278749637072 32.73740647983204 piddc0
29.537057363389284  1.4243032973382639 32.38566395806581 pidd51
30.58056640319635  0.8618910115452914 32.304348426286936 pidd91
30.704100108090028  1.862482725704087 34.4290655594982 piddcb
31.816282702664456  1.8785851517474716 35.5734530061594 piddaa
34.30210642849673  1.3862831800962048 37.074672788689135 piddbf
35.02268165903863  0.6813636099969467 36.385408879032525 pidddd
35.38694468582857  1.421429171715657 38.229803029259884 pidd74
36.24203693796362  1.8231634584845873 39.88836385493279 pidd7a
37.46944366336207  2.8462641460768756 43.161971955515824 pidd95
39.11892447302936  0.527907216947595 40.17473890692455 pidda7
39.18607953804136  1.8260312728219108 42.838142083685185 piddae
39.40076546946243  2.739934221209335 44.8806339118811 pidd63
39.73713712893815  0.6044924841469781 40.946122097232106 pidd9e
39.99468533926439  2.0092825999408395 44.01325053914607 pidd55
40.258875556519214  1.5385943992405884 43.33606435500039 piddb5
40.58729548989286  2.6415277889487934 45.870351067790445 pidd79
40.70914349054489  2.5094511392043333 45.72804576895356 piddb2
40.88440432413384  1.0298636510267685 42.94413162618738 pidd86
41.162430828883515  1.2816118421980376 43.72565451327959 pidd48
41.61153034426762  0.6995903244522195 43.01071099317206 piddcd
41.92591061008329  1.0811890434520302 44.088288696987355 pidda3
42.231329126733385  1.686157216154224 45.603643559041835 piddc3
42.87807914182675  1.9035608407298552 46.685200823286465 piddd9
42.89164858585253  0.8561945936750288 44.604037773202585 piddb4
42.99615844891179  1.8854060782113513 46.76697060533449 piddb0
43.89157746057829  1.102161167004574 46.09589979458744 pidd5a
44.0788164595731  2.176744726689403 48.432305912951904 pidd93
44.51812373652023  2.7674427175247636 50.053009171569755 pidd6f
44.90008683152826  2.6276084199468492 50.15530367142196 piddc1
45.15890509483277  2.863357239817042 50.88561957446685 piddc8
46.0511245579843  0.46560765629577966 46.98233987057586 piddbc
48.390512419919695  0.8228132892525836 50.03613899842486 piddbb
48.78737905919386  1.5990828942432826 51.98554484768042 pidd5c
49.69956049227488  0.7183699759836225 51.136300444242124 piddb3
49.86173005345164  2.756443116591102 55.37461628663384 pidd85
49.862911165832166  2.861476830047014 55.585864825926194 piddc7
50.56293558169321  1.6830940830935779 53.92912374788037 pidd7f
51.18677829923735  0.6905780386357923 52.56793437650894 piddd8
51.19816891492012  1.2862327100543163 53.77063433502875 pidd56
52.94599960931223  0.5526792130172926 54.051358035346816 pidd61
54.70281118166861  1.8414644619395282 58.38574010554766 pidd59
55.142697921170324  1.8666283539163118 58.87595462900295 pidd4c
56.44317109240714  2.98299858992386 62.40916827225486 pidd7d
56.60501178522846  1.9912113984634798 60.587434582155424 piddb1
57.469365693088605  0.9563688116132528 59.38210331631511 pidd50
57.84796201140059  2.816142417953716 63.480246847308024 pidd6c
58.40270283212977  2.569229008372316 63.5411608488744 pidd9c
59.6245099258693  2.1742637697221223 63.97303746531354 piddaf
61.99258547531239  2.245674955144717 66.48393538560182 pidd89
62.96543941843683  2.6653789030581057 68.29619722455304 piddb8
63.34403923187133  2.818106671741313 68.98025257535396 piddad
63.3791418087714  2.408517975841984 68.19617776045537 pidd60
64.27209857764915  1.3896974455128528 67.05149346867485 pidd96
66.30866261740924  0.8298218036120955 67.96830622463344 pidd8f
67.19553101822582  1.7387832500486762 70.67309751832317 pidd7e
67.71513849974646  0.854109903878564 69.42335830750359 pidd81
69.15022757921433  0.4252461527687301 70.00071988475179 piddc9
69.70286942167155  1.9979640093346864 73.69879744034093 piddcc
69.79291517430943  0.8206316501158077 71.43417847454104 pidd4e
71.83550173477173  0.8116883414736651 73.45887841771905 pidd72
72.63055103552875  2.239058218538428 77.1086674726056 pidd9d
74.20621137207605  0.6610618246917133 75.52833502145948 piddab
74.4708949745683  0.5678134606469347 75.60652189586216 pidd67
74.60463967778401  1.0523078865956657 76.70925545097533 piddb9
74.90726258716627  2.6022297388728095 80.11172206491189 piddd1
75.99333211592864  2.097367682177107 80.18806748028285 pidd98
77.0269428926511  0.4000863101255153 77.82711551290214 pidd62
77.61991116431041  2.4908629038059895 82.60163697192239 pidd6d
78.34421007727018  1.4978941880269696 81.33999845332411 pidd9a
78.44632258048205  1.0475512546022863 80.54142508968661 pidda8
79.14862405055263  0.6799877570663317 80.50859956468528 pidd58
79.41596530064157  0.5067861225941673 80.4295375458299 pidd8b
79.66676036444085  1.8967278866518904 83.46021613774462 pidd54
79.66695559450176  2.5367261048816907 84.74040780426515 pidd49
79.80903006280923  1.0293992227113384 81.86782850823191 piddd0
81.31087528503697  1.8801836971461485 85.07124267932927 pidda6
82.80732209327934  2.5160356789335774 87.83939345114649 pidd78
82.92559756876557  2.525492793270013 87.97658315530559 pidd6b
83.42288504007391  1.188164969198827 85.79921497847157 pidd8d
83.70871012212791  2.338449373356981 88.38560886884187 pidd90
84.17367591895058  1.6790520407078446 87.53178000036627 piddd5
84.31793527316029  2.703849150162742 89.72563357348577 pidda2
84.7231056974487  1.5978473703983531 87.91880043824541 piddb7
84.72647047816247  1.1968797143652452 87.12022990689296 piddc5
85.72470648289536  0.47703619542805953 86.67877887375147 pidd5d
86.28667269271342  2.8332183700610547 91.95310943283553 piddda
90.38394991832345  2.496949318235889 95.37784855479524 pidd57
90.51150961126257  2.3212233987105853 95.15395640868374 pidd5e
91.80099307465085  2.633301943597688 97.06759696184622 pidd77
92.24929897284407  0.7777740184059836 93.80484700965604 pidd88
93.15352201806077  0.6963596211239609 94.54624126030869 pidd69
93.27316375556092  2.947893789026124 99.16895133361317 pidd65
95.1869808799745  2.658697144768593 100.50437516951169 pidd70
95.44721497112909  2.2659566994500357 99.97912837002916 pidd8a
95.5277789790862  1.1914686058468988 97.91071619078 pidd4b
95.89025592610464  0.7906798102517034 97.47161554660805 piddc4
96.12994216533095  1.3191130071237573 98.76816817957845 pidd7c
96.47946009562679  0.9711022045153207 98.42166450465743 piddac
96.83477354875014  0.8807316579452631 98.59623686464066 piddd2
98.94949762750286  1.4980281401887745 101.94555390788041 pidd73
99.19666183436297  1.415957053511801 102.02857594138658 pidd83
99.4710737523792  2.6630248905705804 104.79712353352036 pidd94
