5.831956907738858  4.952166667227328 15.736290242193514 pid926
15.001791875379222  1.2159857006413133 17.43376327666185 pid90b
20.90023838863952  1.9940413592797568 24.888321107199033 pid91e
21.066172419665325  1.4340129705284888 23.934198360722302 pid91c
21.40697753332985  2.7338574983430384 26.874692530015928 pid900
22.306922763144122  4.739677789430269 31.78627834200466 pid922
27.24854707385179  1.8248671069559048 30.8982812877636 pid91b
33.232813984033584  1.5373660862136442 36.30754615646087 pid8fc
34.22484840636321  3.1789932544581294 40.58283491527946 pid917
34.29608134019548  2.8639748138080385 40.024030967811555 pid907
43.767923377317146  4.381597583820595 52.53111854495833 pid92c
45.431904558030865  3.742816892409044 52.91753834284896 pid90f
50.99139004229738  1.1980940789573058 53.38757820021199 pid91f
52.49855192484964  1.9636236841205648 56.425799293090776 pid90e
66.83972422268874  1.1201289436526998 69.07998210999415 pid908
68.30514202707104  4.509853754962119 77.32484953699529 pid920
69.12448318243361  3.773394966061666 76.67127311455694 pid919
74.9065569594512  1.895884396031815 78.69832575151483 pid915
79.27437804452514  3.945843212968428 87.16606447046199 pid8fe
86.25900761066663  1.187343311871337 88.6336942344093 pid925
87.57074526338265  3.7754907625179253 95.1217267884185 pid912
89.78593256338435  2.3349242677874082 94.45578109895916 pid8fd
92.65931418417807  2.6375374222990695 97.93438902877621 pid916
97.7691044186563  2.6117193735773796 102.99254316581106 pid904
103.25682352722866  2.853563373346808 108.96395027392228 pid91d
106.00234187316941  3.3949030779935176 112.79214802915645 pid929
116.08758777291028  2.060776438200497 120.20914064931128 pid921
116.19980359175511  2.2734199681341822 120.74664352802348 pid90c
118.91594714134133  1.004368129196287 120.92468339973391 pid927
119.30007420849829  4.980438129025991 129.26095046655027 pid91a
119.30511512670608  4.458325842090529 128.22176681088715 pid911
119.67115862043984  1.666624067932153 123.00440675630415 pid92b
125.2589942058018  1.098467877576327 127.45592996095445 pid918
127.11845536733121  3.300508905546823 133.71947317842486 pid902
128.80544034150847  3.5266235596700515 135.85868746084859 pid92d
130.03690246880123  4.648316616084184 139.3335357009696 pid923
131.53436816984396  2.4804887451114843 136.49534566006693 pid924
133.92592475454  1.4545871399079746 136.83509903435595 pid905
139.21151441903575  2.127489124008325 143.4664926670524 pid928
143.0621342429458  1.030221743160197 145.1225777292662 pid903
146.0289316894843  1.8817316315466752 149.79239495257764 pid901
147.7751247782679  3.5926298104568244 154.96038439918155 pid906
150.8379889224584  1.8421993415061126 154.52238760547064 pid90a
152.5610869158215  2.7971430707356726 158.15537305729285 pid92a
155.350641047303  2.173929007795802 159.6984990628946 pid8ff
158.44144361315426  3.0093626792182238 164.46016897159072 pid910
161.72332223466842  1.4168292169212742 164.55698066851096 pid914
169.9166732671931  4.932993187717623 179.78265964262835 pid90d
175.84295739448345  1.8643564206587553 179.57167023580095 pid909
176.7424184632736  1.9756499773729703 180.69371841801953 pid913
