0.6765092756394919  1.0562939242385534 2.7890971241165987 pid166d
1.2123788917858525  2.5018163502510316 6.2160115922879156 pid163a
8.912064664434018  4.639368062043362 18.19080078852074 pid166a
11.275488923603307  3.4887894252012543 18.253067774005814 pid1664
12.068448323075447  1.2180930044105924 14.504634331896632 pid1647
12.480536863360411  3.583405606654583 19.647348076669576 pid164e
14.549664577845444  2.618554760462852 19.786774098771147 pid1616
16.289854650866555  1.6725863472983091 19.635027345463172 pid16a7
16.650243810612345  4.563736158689148 25.77771612799064 pid1642
18.745841979346604  1.4470131119833711 21.63986820331335 pid168e
19.62148562903591  1.709844008622019 23.041173646279947 pid1694
20.825004403361234  4.341426193640047 29.507856790641327 pid1619
21.736764202284085  3.1929273988208613 28.12261899992581 pid1644
22.505344019821724  4.649457419531557 31.804258858884836 pid161d
22.592178016426864  4.598921355253857 31.79002072693458 pid162d
27.585429484760557  4.884731192790479 37.35489187034152 pid162e
30.330606150085224  2.1190995653218034 34.56880528072883 pid1612
31.11464910037063  2.1060921377806237 35.326833375931876 pid1617
32.0371992099515  1.4705090408988668 34.97821729174924 pid1621
32.93177323584187  4.883282462208927 42.69833816025972 pid162c
35.64487437763104  4.148213213941789 43.941300805514615 pid1687
36.07705875557928  1.2998164778060657 38.67669171119141 pid169d
37.435076089595405  3.499423245064302 44.43392257972401 pid169c
38.69685231404309  2.2988459760979225 43.29454426623894 pid1636
39.35846017292885  1.679119540517918 42.716699253964684 pid1673
39.417395837496116  3.7177264246128456 46.852848686721806 pid1649
39.42336191092143  2.805244408466629 45.033850727854684 pid1628
40.299549447228195  4.0549442224991905 48.40943789222658 pid1676
41.717164035933834  2.346190483547107 46.40954500302805 pid167a
41.71864030836405  2.3114649541942143 46.34157021675248 pid164c
45.13191113022041  3.5127708033228964 52.157452736866205 pid1652
46.312701769524175  2.9771219823013486 52.26694573412687 pid167d
47.19772525588917  3.8094945726732945 54.81671440123576 pid1625
48.972916226163704  2.2721075345726813 53.51713129530907 pid1651
49.36921931985946  1.274860489378812 51.91894029861709 pid1665
50.57065784654028  2.598422886896227 55.76750362033273 pid164a
51.00467965302902  1.0058347503796856 53.0163491537884 pid161b
51.83734807717625  2.3319305642511288 56.50120920567851 pid1656
52.07448490775547  2.03760408605558 56.14969307986663 pid168a
53.3008057721068  2.121406949204276 57.54361967051535 pid1620
54.272148145958234  3.6866784608596186 61.64550506767747 pid1686
54.291218528792676  2.8312088218749536 59.95363617254258 pid165b
55.68378710073233  1.5463916624219602 58.77657042557625 pid1623
56.07808076170204  4.78548702549122 65.64905481268448 pid1697
57.0678133931931  2.096556196787891 61.26092578676888 pid164b
57.66019121226353  2.281031535172948 62.22225428260943 pid1655
58.594144973648675  3.393642009267248 65.38142899218317 pid1679
59.57542290744401  1.7601968291799888 63.095816565803986 pid1684
62.68285231708876  1.0371664539673273 64.75718522502342 pid1637
65.67878756949719  4.0044093381088395 73.68760624571487 pid1699
65.79806646339837  2.6561724919439182 71.11041144728621 pid165a
66.06737658359897  3.0904020439942417 72.24818067158745 pid1626
66.20105300423805  3.803785239682451 73.80862348360296 pid1680
67.5712954645068  3.6522158150113513 74.87572709452951 pid1695
69.4456009370143  3.1699100320186258 75.78542100105156 pid166c
70.11019280037502  1.7798557215629542 73.66990424350092 pid1681
71.57359859207789  1.1527404205518637 73.87907943318162 pid1671
71.61949543449012  1.463818663299263 74.54713276108865 pid1657
72.06842643529177  4.184324520908191 80.43707547710815 pid1640
74.88753226427798  3.2961735065411992 81.47987927736038 pid1634
76.91020121822908  4.253780569948814 85.41776235812671 pid1622
78.27307597567719  3.7931842320810016 85.8594444398392 pid1645
78.79697499680707  4.173203526499453 87.14338204980598 pid164d
81.26696222322188  2.819236777733838 86.90543577868955 pid168c
82.17586111672216  1.0426415862496263 84.26114428922142 pid1668
82.55983526398963  1.4606665463518174 85.48116835669326 pid163c
83.9834274548621  1.210973192265322 86.40537383939274 pid16a2
86.06819778145737  3.500862868678903 93.06992351881517 pid1629
86.52526403282384  4.92795417174844 96.38117237632072 pid161f
86.67062801624388  4.569709554795352 95.81004712583459 pid167f
88.90895703656142  4.049658772918248 97.00827458239792 pid1633
89.08815504861778  1.2466285384967901 91.58141212561137 pid1654
90.21915038377297  1.6356372760909221 93.49042493595482 pid1639
90.6722459144772  3.1400450711088137 96.95233605669483 pid16a1
92.29347655326114  1.971505000449473 96.2364865541601 pid1688
95.21789142088727  1.4741108235246099 98.1661130679365 pid1635
95.35982347479215  1.6151302547195368 98.59008398423123 pid162b
96.15947259306212  3.1965649434807277 102.55260248002358 pid16a4
97.1677571691361  4.535884332646068 106.23952583442824 pid1648
97.78947807806804  2.0052147248731127 101.79990752781427 pid1667
101.99298464160331  3.1347348067810876 108.2624542551655 pid1683
103.57974931945174  3.810422304272536 111.2005939279968 pid1627
105.47251884913216  2.009454003104791 109.49142685534174 pid168d
107.18364668995892  4.290729737242819 115.76510616444456 pid165c
107.61332312259992  4.317588403449147 116.24849992949822 pid1689
107.62919470564125  4.0084408894647225 115.6460764845707 pid163e
108.76045139989645  4.969972342894382 118.70039608568521 pid164f
111.34768678780449  1.1185097384345042 113.5847062646735 pid165f
112.90170989966974  3.791503982005665 120.48471786368107 pid1615
113.98740997034957  3.1195109041310802 120.22643177861174 pid1618
115.59671532922933  4.678828936901558 124.95437320303245 pid163d
115.64605470262892  2.2888558951963085 120.22376649302153 pid1698
115.66956578368043  4.6175254031441515 124.90461658996873 pid163b
117.87974471663033  4.88675146775263 127.65324765213559 pid161c
118.29458157380584  3.5458014043822668 125.38618438257038 pid1632
118.97465264237223  2.764266051672856 124.50318474571795 pid161e
120.85907737592117  4.9652515127344135 130.78958040139 pid169b
121.60054535700426  3.736291737492162 129.07312883198858 pid1670
121.65209008605923  2.363609410077783 126.3793089062148 pid1662
123.24694564145308  2.403602651265042 128.05415094398316 pid1638
123.52168679542433  4.014216101330266 131.55011899808486 pid1646
125.17126314126719  4.066263302955708 133.3037897471786 pid169a
126.68095936003097  3.165772166973305 133.01250369397758 pid1614
127.52697657554826  3.7174751340817243 134.96192684371172 pid1663
128.41112522035672  2.7936802239517013 133.99848566826012 pid16a6
130.4204777064417  3.1421885546605193 136.70485481576273 pid1685
131.23403562037547  2.0835769188093334 135.40118945799412 pid1641
133.09497648480487  4.545921241300926 142.18681896740674 pid1660
134.22330516560282  4.60702104630284 143.4373472582085 pid162a
134.81971909494214  3.394086228588353 141.60789155211884 pid169e
136.1461449857836  1.8947887343123622 139.9357224544083 pid1653
136.27371213280352  4.665487091550123 145.60468631590376 pid162f
137.66600337700808  3.8090100422924196 145.2840234615929 pid167b
139.9145615767189  1.1156543962793082 142.14587036927753 pid1630
140.17070396878853  2.0514019913768076 144.27350795154214 pid1666
141.18552020225022  1.9057565764852749 144.99703335522076 pid165d
142.14311006481526  2.138360134928158 146.4198303346716 pid1650
143.06389332661038  4.109338709597421 151.28257074580523 pid1691
143.19118047191324  3.3873477307898785 149.965875933493 pid1669
143.65233914979592  2.3266611412353355 148.3056614322666 pid1678
143.79024360607386  3.2511764412251845 150.29259648852423 pid1675
148.3515188068367  4.730770299710509 157.81305940625774 pid161a
148.64860561190557  2.5945756746972557 153.83775696130007 pid1631
148.7737698984796  1.9536528247665848 152.68107554801276 pid1658
149.6050698024844  4.3907583424785965 158.38658648744158 pid167c
150.34224357373785  3.8948018956816304 158.1318473651011 pid1661
150.5426552740959  3.3100362225834705 157.16272771926285 pid168b
151.04246216241447  2.7959830654189504 156.63442829325237 pid16a0
151.86398404142815  4.254543627936272 160.3730712973007 pid1682
153.84053567852408  4.294987527870329 162.43051073426474 pid163f
154.42052782893916  1.5739216778433271 157.56837118462582 pid168f
154.42674769241827  2.1314390209913943 158.68962573440106 pid1696
155.52797854205073  2.3846255895742203 160.2972297211992 pid166f
156.34968851178914  2.4392986317918997 161.22828577537294 pid1624
157.79639870569315  1.655012676510811 161.10642405871477 pid1643
159.17010173279323  1.1192724774552016 161.40864668770362 pid1674
160.44695240900978  2.611651637135147 165.6702556832801 pid1690
163.10701651023712  1.7057565830379615 166.51852967631305 pid166e
163.2612099652731  3.9873253090862426 171.2358605834456 pid166b
165.00758242724868  2.8376226519995837 170.68282773124784 pid1613
165.23693419858398  4.0911944155398405 173.41932302966367 pid16a3
167.65057167166069  3.9813806263630274 175.61333292438675 pid1672
168.93440713452793  4.634813261998135 178.2040336585242 pid1677
170.5301864631221  2.3375980508193335 175.20538256476078 pid169f
171.74651896595353  2.960944372944311 177.66840771184215 pid1659
172.61067981823834  4.447177489997403 181.50503479823314 pid165e
172.79777102595813  2.4297055353796195 177.65718209671738 pid1693
176.19263267834464  2.6124969401494322 181.4176265586435 pid167e
177.07526952908384  3.5740935246768326 184.2234565784375 pid16a5
179.09530835103146  1.2237947421893134 181.5428978354101 pid1692
