0.6271511652714279  0.9925253914733176 80.62715116527143 pid1125
1.9627480753658166  1.5546256895206607 81.96274807536582 pid1146
1.9974217283544982  1.1582251873003533 81.9974217283545 pid10dd
2.000382555394009  1.5628754408511667 82.00038255539401 pid110c
3.669382278339206  0.7430000628649251 83.6693822783392 pid1104
5.287084513930868  0.9555404460054839 85.28708451393086 pid1138
5.907286056394434  1.9157521004177727 85.90728605639444 pid1149
8.095163834983039  0.5493724125221957 88.09516383498304 pid1103
10.130013148353957  1.7274861281136566 90.13001314835395 pid1119
10.919311743366677  1.5031936083597226 90.91931174336668 pid112a
11.441247671026384  0.9398043522509139 91.44124767102639 pid1107
11.664143526478343  0.818762292346163 91.66414352647834 pid110b
13.520413723888074  1.842038698277417 93.52041372388807 pid113d
16.534079267000983  0.9129664274475582 96.53407926700098 pid111a
18.977656763957306  1.9677094626440703 98.9776567639573 pid10f1
20.530467681792548  0.9399823163487095 100.53046768179254 pid1116
24.37066090938996  0.9118040981368238 104.37066090938995 pid1100
24.465474092472316  0.9315052672559518 104.46547409247232 pid112d
28.754455484105357  0.5324194660366155 108.75445548410536 pid10d5
29.362860692968123  1.509361648818202 109.36286069296813 pid10cd
29.82170607344978  1.7944795606754607 109.82170607344977 pid10e9
31.37356327029425  1.8430565529409686 111.37356327029426 pid115a
31.53467402146919  1.7804695761004732 111.53467402146919 pid10fe
32.017316652981556  1.1197603613214546 112.01731665298155 pid111b
32.0698285257946  1.7546378997754677 112.0698285257946 pid10d7
32.562857171770155  0.5004317276969956 112.56285717177016 pid1156
34.57655585947808  1.291388321798336 114.57655585947808 pid10e0
36.22159164391569  1.7656229423072363 116.22159164391569 pid10f8
37.04712778655492  0.8898650533696791 117.04712778655491 pid111c
37.07941759691242  1.6361852968117006 117.07941759691242 pid1140
37.76674050005573  0.532676805643054 117.76674050005573 pid10e8
38.044081976207124  0.6740659030254277 118.04408197620712 pid10f5
38.612451848215414  1.0680432784730771 118.61245184821541 pid10f9
39.53674980611594  1.182677220700221 119.53674980611595 pid113e
39.754881072092296  1.489117504436318 119.7548810720923 pid10f3
39.8625157233711  1.915378670865337 119.8625157233711 pid112e
40.38364123182166  1.1525410363986022 120.38364123182166 pid1161
41.40798713154587  1.7263309940202154 121.40798713154587 pid10ce
42.50427375045561  0.8828726822907185 122.50427375045561 pid1148
44.59014968165599  0.5764332648494683 124.59014968165599 pid10ff
44.7686162237479  1.2840846954757712 124.7686162237479 pid10e7
45.12846057954916  0.5560350211999083 125.12846057954917 pid10f7
48.07365068289862  1.8284542425885952 128.07365068289863 pid111e
48.40158275769387  1.1630658396432718 128.40158275769386 pid112c
48.40756132981681  0.6557979042997153 128.40756132981682 pid10d6
48.51798301654005  1.790903376202733 128.51798301654006 pid1127
48.54674748925103  0.695132519161971 128.54674748925103 pid113c
48.97285457295602  0.9348468585197128 128.972854572956 pid1152
49.76708850083644  1.0559372103448594 129.76708850083645 pid114d
49.88995071635945  0.6273489514224797 129.88995071635946 pid1141
50.240749308770525  1.598352054259002 130.24074930877052 pid1128
51.0470968177972  0.8961528360824786 131.04709681779718 pid1106
52.84202473151262  1.7749897044055003 132.84202473151262 pid1117
54.45891271430655  1.7456018772602961 134.45891271430656 pid1115
55.75855006441319  1.3074954850700888 135.75855006441319 pid112b
56.57033635075338  0.5393434742707812 136.5703363507534 pid1120
58.72758643294025  1.4764241051500147 138.72758643294026 pid1118
59.59545448437485  1.3718898266992672 139.59545448437484 pid114e
60.65298093696452  0.9101169935400363 140.65298093696452 pid1142
62.15617652654555  0.5499947201486739 142.15617652654555 pid10f0
62.44513572344838  0.540837078194425 142.44513572344837 pid115f
62.861852202936966  0.8411798139137141 142.86185220293697 pid10cc
63.82630906154621  1.6358067570603132 143.82630906154623 pid10ed
63.910720301370354  1.5248322323762573 143.91072030137036 pid1133
67.77186876605266  0.9654044307193372 147.77186876605265 pid1150
68.17850733790614  1.1572109519961236 148.17850733790613 pid1135
70.77276721585204  1.5145122214630165 150.77276721585204 pid1154
70.8196863425973  1.074242604231346 150.8196863425973 pid10ee
71.41900589886798  0.5765401955996833 151.41900589886797 pid1129
71.59016037767788  1.881861155459433 151.59016037767788 pid1110
72.31555490638644  1.3611030626704832 152.31555490638644 pid10d8
72.56327281943521  0.7861937492906774 152.5632728194352 pid1143
73.21005303294615  0.7373154027691222 153.21005303294615 pid1126
74.0141184551501  0.6454036932553798 154.01411845515008 pid1132
74.01873688341489  1.5641144440484651 154.01873688341487 pid10db
74.41745017002413  0.9010064285997393 154.41745017002413 pid1137
74.96051445399728  1.1795542282226996 154.9605144539973 pid113f
75.50403534044061  1.5484224163500695 155.50403534044062 pid1151
77.3216256076479  0.9057783338298743 157.3216256076479 pid10fb
77.94770399756956  1.607140132992452 157.94770399756956 pid10d1
77.9951477160754  1.0979336189889604 157.9951477160754 pid10e6
78.13834061882581  0.6519368810754309 158.1383406188258 pid10e5
78.71882446569238  1.9588114666580174 158.71882446569236 pid110d
80.28885463708995  0.8549232065560344 160.28885463708997 pid1121
80.3010086370202  0.7171320499081926 160.3010086370202 pid10ef
81.70110818663566  0.747752979233749 161.70110818663568 pid10eb
82.80705596431257  0.8998159253593675 162.80705596431255 pid114a
82.84698081056504  1.4700254049150194 162.84698081056504 pid10e3
83.17948648841987  1.3027255428605038 163.17948648841985 pid1145
83.99677961279566  0.6349441678530376 163.99677961279565 pid1131
85.83367675400358  1.9479690363898556 165.8336767540036 pid111f
87.26801905961709  1.7655870097192436 167.26801905961707 pid10da
87.36262494743012  0.870506475529558 167.3626249474301 pid114b
87.60544174036386  1.8471480192666625 167.60544174036386 pid10df
88.83359239334246  1.726681069203845 168.83359239334246 pid1112
89.66804500477308  1.3680919467473807 169.6680450047731 pid114c
90.95180891836627  0.9595002207120262 170.95180891836628 pid1101
91.81476822279413  1.8893087793073942 171.81476822279413 pid1108
95.07169232626697  0.863256507110485 175.07169232626697 pid10ea
96.34411575789308  1.1984243659658542 176.34411575789306 pid10f4
96.46851506629581  1.496233815602191 176.46851506629582 pid10f2
97.5855543181154  0.805377465269172 177.58555431811538 pid1122
97.64420507484095  1.3697032988020126 177.64420507484095 pid1124
100.21474407851042  0.8750098057901435 180.21474407851042 pid10d3
101.78759390259076  1.730038896586097 181.78759390259074 pid1158
102.83969226673865  0.6174365096896062 182.83969226673867 pid112f
103.23936893501342  0.5991170873216101 183.23936893501343 pid10fa
103.26118723538161  1.351298058719995 183.2611872353816 pid10d2
110.88647984292191  1.6620332679831047 190.88647984292191 pid115d
111.29983196159786  1.0043933063867798 191.29983196159787 pid1113
113.14852774549354  1.167206465723933 193.14852774549354 pid10cf
113.91017001918839  1.7699839340663117 193.9101700191884 pid1123
114.16541408437811  1.2355809129806041 194.1654140843781 pid113a
115.26327187705134  1.7797477216716264 195.26327187705135 pid1144
115.92298309652102  1.502330748314383 195.92298309652102 pid1109
116.21924760164536  1.4621436506025796 196.21924760164535 pid1105
116.34368016374403  1.6240453092954326 196.343680163744 pid10ec
117.45886079749955  0.8723422819740607 197.45886079749954 pid1147
117.67999113832724  1.9402171962556383 197.67999113832724 pid115b
118.57316421684736  1.0874306238123777 198.57316421684737 pid10f6
118.83004564521603  1.5984651904028713 198.83004564521605 pid1155
119.4423426332799  1.442668355755907 199.4423426332799 pid1134
121.08954155571607  0.5331817341002879 201.08954155571607 pid1159
125.06109029236094  1.344915037959812 205.06109029236094 pid10e2
125.45180684965163  1.884932017011235 205.45180684965163 pid115e
127.23975665541431  1.869970341065684 207.2397566554143 pid1157
130.71114406776096  1.242558806366497 210.71114406776096 pid1136
130.9301826312238  0.7166664060227121 210.9301826312238 pid10dc
131.43801909219633  1.6345413870362107 211.43801909219633 pid113b
131.7408379710621  1.3605755189443705 211.7408379710621 pid1153
132.05302652818142  1.8396933904268784 212.05302652818142 pid10fc
132.2548840328081  1.9098711426782464 212.2548840328081 pid10d4
132.255119043458  1.9804326207253315 212.255119043458 pid1130
133.3444418694813  1.63720210165089 213.3444418694813 pid10d0
135.59294905035665  0.8302843315927755 215.59294905035665 pid1111
136.58628191006977  0.7880733725079172 216.58628191006977 pid10d9
139.17135224465528  1.9281835401883392 219.17135224465528 pid1102
139.58104082148657  0.6074642574017307 219.58104082148657 pid115c
139.65757051974063  1.0225102057379134 219.65757051974063 pid1160
140.88901926029817  1.9880458089609443 220.88901926029817 pid10e4
145.68063499620075  1.9267189488105676 225.68063499620075 pid1139
145.86264976569524  1.332418161697454 225.86264976569524 pid10fd
145.87797528072153  0.7312376961218128 225.87797528072153 pid111d
146.469914417835  1.069743563811848 226.469914417835 pid110e
146.62895912553475  0.8755163025552504 226.62895912553475 pid110f
147.32985411758065  0.8910642078513293 227.32985411758065 pid10de
148.7057091892865  1.7529079258722513 228.7057091892865 pid10e1
148.72945611284595  0.5554360073496935 228.72945611284595 pid110a
149.146758813057  1.258881905271852 229.146758813057 pid114f
149.6818660735978  1.9368393575165777 229.6818660735978 pid1114
