0.6382920703098982  2.335490450645997 5.309272971601892 pid16ee
2.6021204613581705  1.3751771520769427 5.352474765512056 pid16e0
2.862564069603868  1.1772713161842958 5.21710670197246 pid16b1
4.2552746389040275  0.718431473507972 5.692137585919971 pid16ad
4.530297230172186  2.082981116774354 8.696259463720894 pid1700
4.553647925705084  1.0622201755959058 6.678088276896895 pid1721
5.032500111233262  2.7111491125975262 10.454798336428315 pid16eb
6.102392428985159  0.6250959884666638 7.352584405918487 pid16bd
6.7036315839940634  2.903271650601251 12.510174885196566 pid16f1
6.888942717785628  1.310715724167772 9.510374166121172 pid1719
7.782723202352337  2.8610770633854146 13.504877329123167 pid16ae
7.810401240588238  0.7155311623886051 9.241463565365448 pid1735
8.482839078364258  0.4072734464110493 9.297385971186356 pid16f0
8.577394379988979  0.4185263219368867 9.414447023862753 pid170e
9.824627281829923  0.45774052112332314 10.74010832407657 pid16b5
10.118721701732426  2.6126666288601545 15.344054959452734 pid16ca
10.403777479663223  2.2233618470397274 14.850501173742678 pid16c1
10.449367880233362  1.543947294283095 13.537262468799552 pid16cb
11.875195425283158  1.9483277967655606 15.771851018814278 pid16e1
14.220367301270764  1.5856708206660723 17.39170894260291 pid16d9
14.568810227374119  0.7062807084842526 15.981371644342623 pid16fa
14.727328441193443  1.6058063659038124 17.93894117300107 pid16bc
16.005021587991465  0.9295656998633586 17.86415298771818 pid16ff
16.01467510553721  0.7388274641766457 17.492330033890504 pid1733
17.60778323211375  0.5992310868842861 18.806245405882322 pid16c7
17.665249855239928  2.343628561012922 22.352506977265772 pid1720
17.80770922025876  2.4170063854098762 22.641721991078512 pid1739
17.848953665929677  1.1416809630514722 20.132315592032622 pid1726
18.326420866224268  2.478947019509213 23.284314905242695 pid172d
18.356239382629436  2.038510231944608 22.433259846518652 pid1710
18.400245358098566  0.7330394546621852 19.866324267422936 pid16f8
19.16620461293086  0.556749417312323 20.279703447555505 pid16dd
20.768363361656796  0.6957251048002377 22.15981357125727 pid1705
21.803706734197526  2.8029822270141915 27.409671188225907 pid16ac
23.21932743968086  1.1315609782728373 25.482449396226535 pid16be
23.297685243004686  1.233689275625169 25.765063794255024 pid171d
23.39967460642598  2.2914347579879206 27.98254412240182 pid16c5
23.52140427479199  2.0749177993526566 27.671239873497303 pid16aa
25.559936779888105  1.6429505578941632 28.845837895676432 pid1715
26.915648988610275  2.559629874933341 32.03490873847696 pid16ec
27.213974311146327  1.4597710913462776 30.133516493838883 pid16cc
27.58510540350052  2.6916144361134164 32.96833427572735 pid16b6
29.223918759340627  2.786421223032835 34.7967612054063 pid1712
30.38204947944272  1.2242888862737522 32.83062725199022 pid16f4
31.090019333650986  0.7679701686465543 32.62595967094409 pid16b2
31.10818299372441  0.4416834792793249 31.99154995228306 pid1706
31.385758929683593  2.7007369628722255 36.787232855428044 pid16b3
31.836904195092053  0.6025007157122426 33.04190562651654 pid1714
32.30545593469104  1.6062575347707626 35.517971004232564 pid16cf
32.3800120501369  1.9395073369825644 36.25902672410203 pid16fc
36.99451256843028  1.6116259764230647 40.21776452127641 pid1738
37.83843924587729  0.7432712394108055 39.3249817246989 pid16f2
38.84866909061694  1.2219083144080576 41.29248571943305 pid1731
39.27545234226953  2.0150473751181908 43.30554709250591 pid16da
39.93529090710568  0.5600802056685603 41.0554513184428 pid16e5
40.06999106527923  1.799232255906368 43.66845557709197 pid1723
40.13180409931666  2.5207214889162066 45.17324707714907 pid16ed
43.59814823301497  2.474743673444126 48.54763557990322 pid16c4
44.163443806071356  1.0745214482433545 46.31248670255807 pid16db
45.194393076073766  2.2055376595055463 49.605468395084856 pid16c9
45.89601897021973  0.4488980417713775 46.793815053762486 pid16af
45.905113600956525  2.9495866871190066 51.804286975194536 pid173a
46.13138023293509  1.9114509209402546 49.9542820748156 pid171c
46.637636034724636  0.5687875364016972 47.77521110752803 pid1718
46.69509972260239  2.3403516114150764 51.37580294543255 pid172b
48.9933529257188  2.825894477687652 54.645141881094105 pid1728
51.12292395075004  1.8819226080679408 54.88676916688593 pid173c
51.20558368482059  1.6403936125766339 54.48637090997386 pid16dc
51.39895978248889  1.1019760001287087 53.602911782746304 pid16d1
51.553507579449146  1.5979714513970746 54.7494504822433 pid16c0
52.63714396435313  1.6757850768608935 55.98871411807492 pid16df
55.5588047870914  0.760625159498044 57.080055106087485 pid172c
55.692920179146086  0.6159256657112346 56.924771510568554 pid171f
56.055552582655324  2.6377948081599767 61.33114219897528 pid1730
56.20773919379282  0.6023033799650093 57.412345953722834 pid1736
57.20701819309792  1.5645121875501902 60.3360425681983 pid16b8
57.98234371836513  2.112753481138212 62.207850680641556 pid16f7
58.21277757556073  1.4275602301034027 61.067898035767534 pid1701
58.268691149420974  2.4420847003944504 63.15286055020987 pid171e
58.741062945792734  2.9473249634058156 64.63571287260436 pid16c8
58.83698751259162  2.0950408720446116 63.027069256680846 pid171b
60.03138709569799  2.5430315541216304 65.11745020394125 pid1707
62.72043068623707  1.1005091433307237 64.92144897289852 pid16ef
62.860725453418986  1.4454736405068451 65.75167273443267 pid16a8
63.20761538798355  0.9634281700533042 65.13447172809016 pid16f3
64.29264157045421  1.9339268164390124 68.16049520333223 pid16b4
64.44365149142199  0.9441256796710455 66.33190285076408 pid16bb
64.64453526258302  1.974326436102193 68.59318813478741 pid1708
65.6329074944893  1.3269220610429044 68.28675161657512 pid16bf
67.07844217984622  1.9900089663000515 71.05846011244633 pid173b
67.48195786160748  0.6340996537615362 68.75015716913056 pid16e7
67.68667435054128  1.4151394497109924 70.51695324996327 pid16c3
69.71099348187305  0.6556771479443686 71.02234777776178 pid1704
69.85514675771522  1.975011835409115 73.80517042853344 pid16ba
70.44272020074118  1.6007107058372432 73.64414161241567 pid172e
70.86131165732492  1.5546021044940241 73.97051586631297 pid1732
72.39459516530728  2.1065732582457333 76.60774168179874 pid16fb
73.2432771288596  1.737840300320224 76.71895772950005 pid16d8
73.86014974260142  1.6938904104234909 77.2479305634484 pid1734
74.88759028461655  1.3629185392530827 77.61342736312271 pid16de
75.2355096628719  0.8862646658825 77.0080389946369 pid16e4
77.12872719334378  2.5124494893479716 82.15362617203972 pid16e2
77.21815742112898  2.7692464121750744 82.75665024547912 pid1716
77.67644845780578  0.8642295192312826 79.40490749626834 pid172f
77.77163142749835  2.245231494839583 82.26209441717751 pid16d6
78.28521092680388  1.1710820944357914 80.62737511567546 pid1713
78.56847165067127  1.8979073763345542 82.36428640334037 pid16d0
78.95079240743233  1.381587437523522 81.71396728247937 pid1703
79.34378702323794  1.2597402648723093 81.86326755298255 pid16d7
79.58287202131064  1.2802540914070213 82.14338020412468 pid1727
80.19814426568905  0.7070232356056328 81.61219073690032 pid1702
80.80869362983367  2.384245750029047 85.57718512989176 pid16e3
81.77232536823004  2.0771242811180235 85.92657393046609 pid170d
82.86907734662083  2.5276843629459496 87.92444607251272 pid16fd
83.14309819673214  0.8995319813434456 84.94216215941903 pid1725
83.26438326815669  2.122249029112705 87.5088813263821 pid16d5
83.31563196851424  1.0495723931510867 85.41477675481642 pid172a
85.04485011535503  1.4243070181837152 87.89346415172247 pid16f6
85.61118108746581  0.43618011423403646 86.48354131593388 pid16e6
85.98470291137876  2.4633560683904223 90.91141504815961 pid1737
86.95758360671309  2.669342423860309 92.2962684544337 pid16f5
87.19628661493977  0.7133725235229031 88.62303166198558 pid16c6
87.36980966754112  2.606876058696078 92.58356178493328 pid1709
87.5279110712846  2.280055156516014 92.08802138431663 pid16f9
88.80012894088757  2.2260201116731877 93.25216916423395 pid16fe
88.80280236866658  2.0050752538657033 92.81295287639799 pid1729
88.9486438682851  1.8497347014960566 92.64811327127721 pid1724
89.05201398528952  2.9860054894030457 95.02402496409562 pid16b7
89.41935155030312  0.6230361970686666 90.66542394444045 pid16b0
90.27655336345642  0.8996861661511907 92.0759256957588 pid16cd
90.51131679236767  2.741044540769162 95.99340587390599 pid16e9
90.88090027554946  2.426135674199759 95.73317162394898 pid16d3
91.26227170090688  1.6894598126274203 94.64119132616172 pid16ce
91.5302044622138  2.012156980189976 95.55451842259376 pid1717
92.85658026539124  1.9852461350838793 96.827072535559 pid170a
94.1378349203645  1.7036371883682015 97.54510929710091 pid16c2
95.65919442491833  2.5308293995320694 100.72085322398246 pid16e8
96.28616567265702  1.45423032522074 99.1946263230985 pid170f
96.592930944075  2.6525691879738087 101.89806932002261 pid16ea
96.60997777550028  2.530746479514447 101.67147073452918 pid16a9
97.18031547468334  1.0838037640555807 99.3479230027945 pid16d4
97.19135171486535  2.093928503156983 101.37920872117931 pid171a
97.21750029586161  2.536486918191219 102.29047413224404 pid170b
97.35134747404517  1.4620212334462064 100.27538994093759 pid1722
97.49843884580396  1.6487680235808075 100.79597489296557 pid16b9
98.00763396428621  2.035758028529357 102.07915002134493 pid170c
99.0466594056306  2.3372995137555925 103.7212584331418 pid16d2
99.52820513236523  2.2131428416917127 103.95449081574866 pid173d
99.80176589966871  2.866102214493 105.5339703286547 pid1711
99.85282136530958  2.681690239284303 105.21620184387818 pid16ab
