8.240702517913517  1.3219126302006656 88.24070251791352 pid8f0
11.419827119875926  1.1731974067355964 91.41982711987592 pid8cc
17.226001691824806  1.6631844555747202 97.2260016918248 pid8d2
20.002549436896437  1.9220330796552254 100.00254943689643 pid8cb
22.933468705853205  1.9677018810927183 102.9334687058532 pid8d1
23.1430480138059  1.5595242323480079 103.1430480138059 pid8e8
24.716887477781412  1.6372088121864505 104.71688747778141 pid8f6
25.029653889301674  0.6308157485737984 105.02965388930167 pid8ea
31.236916008533903  0.8184149926451483 111.23691600853391 pid8e6
37.10255814805936  1.0235764986602263 117.10255814805936 pid8f5
37.49936789548572  1.9955441585859095 117.49936789548572 pid8db
41.94621655221231  1.7195341348582174 121.94621655221232 pid8e1
42.8417496157371  1.8117733193933463 122.8417496157371 pid8f9
43.71551482836164  1.659594614785509 123.71551482836165 pid8d3
46.51602969364329  1.2957915027305063 126.51602969364329 pid8ca
47.11876287456816  1.183612207294349 127.11876287456816 pid8da
55.32920019708143  0.9441286075340722 135.32920019708143 pid8e4
61.30729075094472  0.5782956090524896 141.30729075094473 pid8df
65.1851847419653  0.653759436590203 145.18518474196532 pid8cf
65.28350986706444  1.4969643211940529 145.28350986706442 pid8fb
67.03090247982881  1.5108269268012706 147.0309024798288 pid8cd
70.31276609132897  1.0722030141227226 150.31276609132897 pid8d7
70.97306306460752  1.1923582726251993 150.97306306460752 pid8f7
76.45054216954689  1.5462268151905563 156.4505421695469 pid8ef
81.99941078148248  1.1660762055251208 161.99941078148248 pid8de
85.01323309482495  1.9139507742633988 165.01323309482495 pid8ec
85.68050625457194  1.9941260096792923 165.68050625457192 pid8e2
87.54856029246143  1.8267604762322105 167.54856029246145 pid8d8
88.09645136934249  1.1999413278192832 168.0964513693425 pid8d6
88.11938088232166  1.0817426836399373 168.11938088232165 pid8d4
88.38681488861572  0.7008848583200327 168.38681488861573 pid8dd
92.14106985656016  0.5546594921178811 172.14106985656016 pid8f4
93.6362653061532  0.9955471669718513 173.6362653061532 pid8e5
95.0429677748966  1.1060200714973796 175.0429677748966 pid8e7
102.73867608217762  0.547905819545565 182.73867608217762 pid8d9
108.10015475367794  1.6134504596006944 188.10015475367794 pid8f2
108.98102945230524  0.7774065288590798 188.98102945230522 pid8d5
111.42780361043155  1.0016448452503024 191.42780361043157 pid8f8
113.70140194422724  1.1954252605274927 193.70140194422726 pid8ee
113.96776821716796  0.6939873438398944 193.96776821716796 pid8eb
114.54803609012062  1.7523041221073026 194.5480360901206 pid8ed
117.30968322130596  1.8456067783353565 197.30968322130596 pid8ce
122.27176602986535  0.7459035281357203 202.27176602986535 pid8e0
131.1040309486836  1.5652434352456877 211.1040309486836 pid8d0
132.72320674537485  1.2234783094276342 212.72320674537485 pid8fa
139.70588152030223  1.9066441477331966 219.70588152030223 pid8f3
141.32456635639724  1.2538713916858906 221.32456635639724 pid8e3
143.00893351061424  1.1255947394984185 223.00893351061424 pid8f1
146.07730253531344  1.42181537316917 226.07730253531344 pid8e9
148.69173635112261  1.5661540003960652 228.69173635112261 pid8dc
