0.16595363682109232  0.6180952071611425 80.16595363682109 pid3ea2
0.27799629271501036  1.9924501066325697 80.27799629271502 pid3f9d
0.917123422361743  0.8374981057815064 80.91712342236174 pid3f1c
2.446525892323692  1.0311548275525024 82.44652589232369 pid3fa7
2.479363554396924  0.8007636244368503 82.47936355439693 pid3efb
3.272319125614387  0.9601867159642002 83.27231912561439 pid3fbc
3.6833341780291793  0.7181666431869939 83.68333417802918 pid3f41
3.779165671849599  1.7115223014242722 83.7791656718496 pid4030
3.9163423757737403  1.894281362794745 83.91634237577374 pid3fb7
5.127167684702472  0.8987243723843525 85.12716768470247 pid3fd7
5.287312348238538  1.7434395246584586 85.28731234823854 pid3eac
5.561717616620138  1.5115565106980426 85.56171761662014 pid3f5b
5.644742805488506  0.7980750991721631 85.6447428054885 pid3efa
5.869038607056565  1.9845061337102765 85.86903860705657 pid3f6b
6.230899138569912  1.6020229415264282 86.23089913856991 pid3e8d
6.840547077704584  0.9438176806844853 86.84054707770458 pid3f7d
7.650320742958316  0.9453068180705264 87.65032074295831 pid3f7e
7.9444233053628635  0.558706442707111 87.94442330536286 pid3fad
10.909988536305121  1.527197974884521 90.90998853630512 pid3eee
11.051584106736117  1.457549019236536 91.05158410673612 pid3ef0
11.35074606012566  0.7756921273061401 91.35074606012566 pid3ea9
11.452186030580142  1.2555166521605714 91.45218603058014 pid3fae
11.501208310386096  1.1288780986279412 91.50120831038609 pid3ed3
11.602200648376549  1.0299568786619124 91.60220064837655 pid3ee3
11.818918012994672  1.1792350732648684 91.81891801299467 pid3fb3
12.824439512630887  1.3223932595946306 92.82443951263089 pid3ed7
12.909040076056144  1.4641713428778793 92.90904007605614 pid3fc9
13.751426101111369  1.0483811315946758 93.75142610111136 pid3f09
13.781576325216871  0.9273295643458999 93.78157632521688 pid3f83
13.92537072141603  1.5353960601332202 93.92537072141603 pid3f3e
14.041846395928436  1.1484429309551416 94.04184639592843 pid403c
14.471097348471778  1.4621877681123832 94.47109734847177 pid3edd
14.926008204287028  1.1491778158888257 94.92600820428703 pid3ef2
15.185938351108607  1.7919041529673359 95.1859383511086 pid3ff8
15.252083707559866  1.9455325564883208 95.25208370755986 pid3ead
15.442346788866235  1.5665284948184353 95.44234678886623 pid3ff5
15.66517850633512  0.7868729204507734 95.66517850633512 pid3edc
16.06166522432711  1.546813073967703 96.06166522432711 pid3eea
16.602690311907185  0.9844719615300226 96.60269031190718 pid3f85
16.929761482360796  1.6980081234179534 96.92976148236079 pid3f7f
16.976716749858067  0.7564454114882238 96.97671674985807 pid3f1b
17.260949806404508  0.9700073326307805 97.26094980640451 pid3fbf
17.479127115533533  0.9360652502527447 97.47912711553353 pid3ef7
17.97426412180266  0.5653114177823342 97.97426412180266 pid3ee6
18.063259941147752  0.9835740625898837 98.06325994114775 pid3efe
18.391776703154623  0.7367181914926059 98.39177670315462 pid3f93
18.471084904572326  0.5905771120969483 98.47108490457232 pid3f0d
18.807683061071927  0.7532701441577467 98.80768306107193 pid4011
18.91893104809394  1.5643971823148477 98.91893104809394 pid3feb
19.01714498303228  0.8633742846320899 99.01714498303228 pid3ef6
19.306982045340344  1.6690270154673161 99.30698204534035 pid3ed0
19.455234466076178  1.2161867807171611 99.45523446607618 pid3ff7
20.225133706064025  1.7520096518747588 100.22513370606403 pid3f25
20.311080467262055  0.7641264267515608 100.31108046726206 pid3fbd
20.834988318205124  1.9641232872938734 100.83498831820512 pid3fb4
21.07339441266591  0.9824336882310643 101.0733944126659 pid3fcd
21.72110797576636  1.3692943893475469 101.72110797576636 pid3f21
21.90866723011783  0.6618202419325652 101.90866723011783 pid3f59
22.814223867939248  1.1946695529733813 102.81422386793925 pid3f38
23.12994617833621  1.5750935671067998 103.12994617833621 pid4040
23.31812752353936  0.9608359829299904 103.31812752353936 pid3f0e
23.62611768277676  1.6216830700112568 103.62611768277677 pid400d
23.76315865849058  0.6763425010750996 103.76315865849058 pid3f13
23.788251309436394  0.9345553485445521 103.78825130943639 pid3eb1
23.88791166036728  0.8580041525501343 103.88791166036728 pid3f60
24.173092999180845  1.9656897235220125 104.17309299918085 pid3f75
25.13796608693238  1.0236846318509738 105.13796608693238 pid3e8a
25.557705602344182  1.3789667324030717 105.55770560234419 pid3ec8
25.558634255888112  0.7583982573609168 105.55863425588811 pid4033
25.58094112339736  1.037624783284968 105.58094112339737 pid3f2c
25.73751395583032  1.3544722119210575 105.73751395583032 pid3fd4
25.782145565780635  1.842745309496031 105.78214556578064 pid3f68
27.55876147747957  1.5218578727796421 107.55876147747958 pid3ff2
28.703434349624324  1.0835234421856819 108.70343434962433 pid3fb0
29.00752947570075  1.4231038068574635 109.00752947570075 pid3e95
29.17847034329285  0.6208138986521614 109.17847034329284 pid3fa1
29.81060861496154  1.697857197680206 109.81060861496154 pid4041
29.847745235873735  1.4204768592788755 109.84774523587373 pid3fa0
30.11910927948735  0.848998332298903 110.11910927948735 pid3f8b
30.143562578370453  1.0129223625882846 110.14356257837045 pid3e92
30.220203649557888  1.5245842122309725 110.22020364955789 pid3f30
30.491298195684674  0.6730081235801333 110.49129819568468 pid3fd9
30.584857438882686  1.5597536372535847 110.5848574388827 pid3e84
30.803243499909595  1.318690838306199 110.8032434999096 pid3f80
30.958639886349182  1.8718095577945248 110.95863988634918 pid3fa9
31.18227023637244  1.4061163045298457 111.18227023637243 pid4037
32.12737627902141  0.7402610185483847 112.1273762790214 pid3f82
32.44017210618818  0.5577540229473122 112.44017210618819 pid3f5d
33.01346718688201  1.0675788070330912 113.01346718688201 pid4022
33.21360632727698  1.493048040773629 113.21360632727698 pid3f6f
33.23372744943959  1.2425178717480694 113.23372744943958 pid3ee0
33.73895823630034  1.418919158106921 113.73895823630033 pid3e94
34.088883934785876  1.7953666088257234 114.08888393478588 pid3f5f
34.08984319812764  1.2489942113284092 114.08984319812764 pid4025
34.314381012234676  1.6297304312939538 114.31438101223468 pid3ffb
34.920860771877095  0.7084268168891235 114.9208607718771 pid3fc0
35.08824923932855  1.1202863512148538 115.08824923932855 pid3ef3
35.32404587137393  0.7182826806893943 115.32404587137393 pid3f0c
35.47052342506478  1.812835468075282 115.47052342506478 pid3fc5
35.53921712750024  1.7822576107636654 115.53921712750024 pid3f4a
35.72010013765175  1.8366990345481393 115.72010013765174 pid3ed4
35.738089283985005  1.3157789673321219 115.738089283985 pid3e8c
36.08759424953462  0.7491996594164742 116.08759424953462 pid3ed1
36.286619290519425  0.5239345661421355 116.28661929051943 pid3ff9
36.599912328496224  0.8562439765683088 116.59991232849623 pid3f8e
36.776813111239626  0.9038061043764514 116.77681311123962 pid3f4d
37.069322152511845  0.7477807697335891 117.06932215251184 pid4023
37.10839396807872  0.8584030234695237 117.10839396807873 pid3ffa
38.37677973843871  1.5661649345536794 118.3767797384387 pid4019
38.40095018351409  1.8156665374010301 118.40095018351408 pid3ea1
38.610003923005046  0.8415021729396043 118.61000392300505 pid3e99
38.747027292452806  1.628374969285438 118.7470272924528 pid3fbb
38.77361447619519  0.7821952004258397 118.77361447619519 pid3f37
39.39721853892345  0.8103740216775229 119.39721853892345 pid3f35
39.779315215967934  1.9706802333695996 119.77931521596793 pid3f23
40.30762811469519  1.0466533681908174 120.30762811469519 pid3fdc
40.72937491303905  1.312232835349078 120.72937491303905 pid3f1f
41.548478187911755  1.3162297987331377 121.54847818791175 pid3fe6
41.81416215076158  1.9617334243831024 121.81416215076158 pid3f71
41.85769716082988  0.7012301317306586 121.85769716082987 pid3ed5
42.85384404033041  0.7791672239358981 122.85384404033042 pid3f4c
43.3136953891446  1.5398516002413833 123.3136953891446 pid4006
43.832687655984536  1.7132788259194547 123.83268765598453 pid4017
43.948133501907556  0.8656080046027207 123.94813350190756 pid3ea6
44.26626870784764  0.8198642782256635 124.26626870784764 pid4012
44.27114476127972  0.7863002454514593 124.27114476127971 pid3f76
44.297189729453564  1.6370414997876332 124.29718972945356 pid3eb8
44.48584007124433  0.8728442528536884 124.48584007124433 pid3e81
45.58462987761375  1.0398644219188282 125.58462987761375 pid3ecf
45.92167429550311  1.2362505363715255 125.92167429550311 pid3f14
45.93753487429882  1.651251722515275 125.93753487429882 pid402a
46.04755459231378  1.8154475653375461 126.04755459231379 pid3ec4
46.88842307431623  1.2334352616926585 126.88842307431622 pid3ebf
46.925585777466246  1.1262990256258454 126.92558577746624 pid3ea8
47.29335177069663  1.9619813748410697 127.29335177069663 pid3fef
48.25455786048411  0.9176617507774827 128.2545578604841 pid3ee5
48.267471615897065  1.5374569478756803 128.26747161589708 pid3f49
48.32504478615679  0.8088582714922024 128.32504478615678 pid3f58
49.69375587248423  1.116271235717462 129.69375587248425 pid3f34
50.79710868959952  0.8908446473950463 130.79710868959953 pid3fc3
51.14367344786937  1.6979331027837157 131.14367344786936 pid3f0f
52.75262076052443  1.2843337176768812 132.75262076052442 pid3ede
52.756394568733526  0.8122217152136142 132.75639456873353 pid3fcc
52.928859540726414  1.9772227568757708 132.92885954072642 pid3eef
53.00084337363754  1.5639153112960396 133.00084337363754 pid3fab
53.037301112909994  0.6076940383550868 133.03730111291 pid3f56
53.623934491900805  1.2634336007095863 133.6239344919008 pid3fa4
53.81014443964535  0.8715068476382186 133.81014443964534 pid3f89
53.89088928237453  0.5905029239875936 133.89088928237453 pid3f6e
54.2389726956717  1.7369688641864025 134.2389726956717 pid3f1d
54.585337429742  0.8797918145877492 134.585337429742 pid3fc1
55.2701346865367  1.970389569752031 135.2701346865367 pid401a
55.69869638784492  0.7110162058172129 135.6986963878449 pid3eeb
55.81339486114656  1.8192239443932523 135.81339486114655 pid4015
56.14616316144437  1.1337616775629136 136.14616316144438 pid3f52
56.44107622572595  1.4405375604568662 136.44107622572596 pid401b
56.467355633032064  1.6724606414300238 136.46735563303207 pid4000
57.347322733102885  1.9471060775853308 137.34732273310289 pid3f92
57.62543836861647  0.623300264580144 137.62543836861647 pid3f7b
58.076941804376794  1.8084312713240143 138.0769418043768 pid402e
59.144801102847836  0.9476585096619744 139.14480110284785 pid3e80
59.200327212146206  1.799266321811993 139.2003272121462 pid3f3d
59.238003817265096  1.467513604819099 139.2380038172651 pid4034
59.35625504033608  1.291241860256738 139.35625504033607 pid3e9b
59.48712831743467  1.1287883739950102 139.48712831743467 pid3f11
59.87668915583659  1.9539823706831267 139.87668915583657 pid3e8b
60.09657948592631  1.047163233339826 140.09657948592633 pid3fe8
60.51453532365263  1.3777121678425521 140.51453532365264 pid3f86
60.55741613465887  1.077467728227398 140.55741613465887 pid3fcf
60.684622505283656  1.3028967214670968 140.68462250528364 pid3f4f
60.75117723613038  0.6259287820597286 140.7511772361304 pid3f20
61.2705016511457  1.3947118943411647 141.2705016511457 pid401e
61.46566947777962  1.4173320659788895 141.4656694777796 pid3ec6
61.62396465161247  0.5774792610860116 141.62396465161248 pid3fe9
61.658944607786914  0.9931108864569251 141.6589446077869 pid3f67
62.075042706332994  1.2896231041368356 142.075042706333 pid4038
62.53430747965439  1.55839410452699 142.5343074796544 pid3f8a
62.675513182331024  1.0256901220719827 142.67551318233103 pid4039
62.804519533038814  1.8010816584543448 142.8045195330388 pid403a
62.8075488276117  1.8981103173807718 142.8075488276117 pid3ffc
62.96298453467974  0.8234286478557586 142.96298453467975 pid3ea7
62.99821391666714  0.7461197663154423 142.99821391666714 pid3f87
63.04448673692144  0.6502247905792835 143.04448673692144 pid3f5c
63.33348703540618  1.2616874987994795 143.33348703540616 pid3f0b
63.51237856555014  1.9029907954053935 143.51237856555014 pid3e86
64.08464358177322  1.6862371264288454 144.0846435817732 pid3f29
64.79324933330913  0.8703541182585893 144.79324933330912 pid402c
64.80111300238458  0.8536450191562064 144.80111300238457 pid3f07
65.48193158209229  0.7555116509277675 145.48193158209227 pid3f12
65.50698039777652  1.1188841134193839 145.50698039777652 pid3f9f
65.51625794848714  0.9821957077065798 145.51625794848712 pid3fc2
65.56087083412304  0.7455292036592615 145.56087083412302 pid400f
66.1422921112432  0.5575868471896731 146.1422921112432 pid3eff
66.90637543712369  1.020377187869717 146.9063754371237 pid3f6a
67.13153091526674  0.6407459146556704 147.13153091526675 pid3f64
67.98946835732161  1.0770811148519308 147.9894683573216 pid3fa5
68.168300596943  1.7030500328035694 148.168300596943 pid3fbe
68.32922473421901  0.510962006169777 148.329224734219 pid3fd3
68.50722454561418  1.7138682714128808 148.50722454561418 pid3eed
68.86785765888328  1.7666788277998218 148.86785765888328 pid3fdd
68.87075537649616  1.6861940071229538 148.87075537649616 pid3e87
68.9248863130302  1.9410225563484262 148.92488631303019 pid3e82
69.77965291148375  1.129117958311538 149.77965291148377 pid3edf
69.82510664861643  0.9540659653757055 149.82510664861644 pid3ea0
69.97785306894546  1.4493604562142568 149.97785306894548 pid3ff4
70.54412436278592  0.9702278746827155 150.5441243627859 pid3f44
71.13085663937161  0.6680557386341014 151.13085663937161 pid4009
71.49889967997858  0.7510902720758618 151.4988996799786 pid3f2e
71.84536151318032  0.8232187451597286 151.8453615131803 pid3e9d
72.20947888688545  1.1415334056091748 152.20947888688545 pid4029
72.23490009412915  1.098200710614851 152.23490009412916 pid3ea5
72.41831419794144  0.7474738040673019 152.41831419794144 pid403b
72.59019084546021  1.7773926684046446 152.5901908454602 pid3e85
72.992567780938  1.0642603163163107 152.992567780938 pid3f18
73.51163644760084  0.7330301500999186 153.51163644760084 pid3ed8
73.54289743875601  1.3978270356861828 153.54289743875603 pid3eba
74.28084154974094  1.4352291204633951 154.28084154974096 pid3e8e
74.32207335268738  1.5065039351309544 154.32207335268737 pid4032
74.99757334035299  0.634280584162241 154.99757334035297 pid3ecb
75.1379888453802  0.7239851003668344 155.13798884538022 pid3ee7
75.6463516746477  1.6644923265746048 155.6463516746477 pid3f51
75.6544932339955  1.4825458474434805 155.65449323399548 pid3f43
75.83777107120892  1.027626300474856 155.83777107120892 pid3eca
75.88950926204507  1.2825004323457876 155.88950926204507 pid3eb9
76.37003175357589  0.9626772525636027 156.3700317535759 pid3f3c
76.87431041609123  0.6613804743821199 156.87431041609125 pid3f7c
77.18503793570487  1.2002066316096598 157.18503793570488 pid3f4e
77.62178530577931  1.3093340680152372 157.62178530577933 pid3f81
78.00307990979077  1.1378579537802636 158.00307990979076 pid3f33
78.39386908247523  1.9220975604852426 158.39386908247525 pid3f8f
79.67410665831405  1.3140075396902415 159.67410665831403 pid3ec3
79.95199360747004  0.5107298655128891 159.95199360747006 pid3f05
80.66049160546821  1.880909158602412 160.66049160546822 pid3ebc
80.71287157942162  1.0451422595502184 160.71287157942163 pid3f17
82.79040703365237  1.3514610037018704 162.79040703365237 pid3fde
83.26723922327297  1.8610571908307363 163.26723922327295 pid4003
83.72464097603188  0.9902477102264932 163.72464097603188 pid3ea4
84.18696685304435  0.952697865609681 164.18696685304434 pid4013
84.33363411061018  1.4697214923311526 164.33363411061018 pid3fc6
84.37095790924297  1.511313814829045 164.37095790924297 pid4016
84.4871776610178  0.5815700984837756 164.4871776610178 pid3e96
84.49038200847342  1.082875037416551 164.49038200847343 pid3f36
85.07315295817858  1.4858009392290716 165.07315295817858 pid3f01
86.59171137430569  1.9276288370065806 166.5917113743057 pid3eb2
86.77828634515383  1.877443598010451 166.77828634515384 pid400a
87.26378567706602  1.889897788667683 167.26378567706604 pid3eae
87.51261191889564  1.3825368506043711 167.51261191889563 pid3ef4
87.58778859380985  1.624453627752282 167.58778859380985 pid3f88
87.7481816655618  0.979668331841157 167.7481816655618 pid3fff
87.86030807101855  1.4430274863212718 167.86030807101855 pid3f28
88.00124502382145  1.9628186797399614 168.00124502382147 pid4036
88.22924017794611  0.9207873016470085 168.2292401779461 pid3ed2
88.35051573513583  1.9293305152903635 168.35051573513584 pid3ef9
88.47792736551058  0.8563230211536512 168.4779273655106 pid3fc4
88.56321740040588  1.3751513325666251 168.56321740040588 pid3f9c
89.24398231150018  1.7673553726015216 169.2439823115002 pid4028
89.58576458020455  0.6555933668350111 169.58576458020457 pid3fb6
90.83888820270147  1.480090260038739 170.83888820270147 pid3eab
91.05605004822475  1.3020981584494542 171.05605004822473 pid400e
91.79961386187536  1.9815219990568436 171.79961386187534 pid3f47
92.0038422380238  1.345544579614399 172.0038422380238 pid3e9a
92.53189558358928  1.4652515144733462 172.5318955835893 pid3ec7
92.66206723278405  1.8964115901942593 172.66206723278407 pid3ea3
92.90977419360779  1.1398417184987004 172.9097741936078 pid3f08
93.58844341471539  1.1617179351305036 173.58844341471539 pid3fba
93.85789790137929  1.3299932910997594 173.8578979013793 pid3ec2
93.8809488449407  1.81450695370946 173.8809488449407 pid3eb6
94.17001411804958  1.0066252507271871 174.17001411804958 pid3fec
94.32045398616441  1.8062859018242785 174.3204539861644 pid3f4b
94.33761847621417  1.4154667154068667 174.33761847621417 pid3fa3
94.81786881609881  1.8462290648734692 174.8178688160988 pid3f90
94.83705692269773  0.8390514766518342 174.83705692269774 pid3fea
95.0730425136319  1.710698054653699 175.0730425136319 pid3f63
95.19054016632828  1.5352471980135203 175.19054016632828 pid3e9f
95.33345222835943  1.5017704540331605 175.33345222835942 pid403e
95.70600119543307  1.4833621485122856 175.7060011954331 pid3ecd
95.83434812098079  0.9593400226901005 175.8343481209808 pid3efc
96.68553362788182  0.6080936451946738 176.68553362788182 pid3ebd
97.10055485747634  1.6279198223661413 177.10055485747634 pid3f8c
97.21552395512927  1.148221463482756 177.21552395512927 pid3f55
98.18042698210706  1.8631727653761978 178.18042698210706 pid3f06
98.42371195055573  1.236699499380821 178.42371195055574 pid3fe5
98.44195071810812  1.1763072705973052 178.4419507181081 pid3ed6
98.68089679381514  1.6540171284534002 178.68089679381512 pid402d
98.69075552258751  1.1666713791493388 178.6907555225875 pid3ec5
98.83129698946253  0.6713290946437094 178.83129698946254 pid3f02
98.91644612482928  0.7413501502645321 178.9164461248293 pid3ff6
99.03877914388305  0.9376778385339 179.03877914388306 pid3eb0
99.09447739212003  1.9545269554560478 179.09447739212004 pid3f16
99.2754194333375  1.5828961294342736 179.2754194333375 pid3f26
99.32280131808392  1.917989875491354 179.32280131808392 pid3f1a
99.37310490748257  1.7412367873971935 179.37310490748257 pid3faa
100.28836060985478  1.3674841644275493 180.28836060985478 pid3ee2
100.54835390903624  1.4720787260395944 180.54835390903622 pid3f54
100.60648284063333  0.9478842858670328 180.60648284063333 pid3f62
100.65264541654106  1.449744924454803 180.65264541654108 pid3e90
101.05231320537655  1.148460445594653 181.05231320537655 pid4008
101.08739130250703  0.9761756427180877 181.08739130250703 pid3f57
101.2173362118037  1.8117654226235784 181.21733621180368 pid3fc7
102.2216699504257  1.9643109507166705 182.2216699504257 pid3f19
102.81283994895077  1.4078024134456522 182.81283994895077 pid3e9e
103.11214556481515  1.0964784096425726 183.11214556481514 pid401f
103.33194484789293  1.3890316607177986 183.33194484789294 pid400c
103.40189233602919  1.9237822705053935 183.4018923360292 pid3fe3
103.48410238976588  1.342667870705593 183.4841023897659 pid3f9a
104.94584356367328  1.5742906713712719 184.9458435636733 pid3f77
105.44847592625767  1.8468930963568604 185.4484759262577 pid4026
105.45640827038729  0.5664211921825979 185.45640827038727 pid3f3f
105.69207065721429  1.6676325302452382 185.6920706572143 pid3f72
105.83472086025027  1.387373824784785 185.8347208602503 pid3fa6
106.50604008186839  1.2630463350299623 186.50604008186838 pid3fca
106.55113467858463  1.693934292110249 186.55113467858462 pid4014
106.55188266951848  1.1226681985624078 186.55188266951848 pid3ec0
106.68797047549893  0.671815041710383 186.68797047549893 pid3f27
107.0672533077669  0.6996999308036171 187.06725330776692 pid4024
107.13964794188094  0.8562494783112014 187.13964794188092 pid3ebe
107.4303863924614  0.5833839243826233 187.4303863924614 pid401c
107.60648873621007  1.6377334428706436 187.60648873621005 pid4035
107.92955882942718  1.8955775500552101 187.92955882942718 pid3eb3
108.05937906382358  1.3062593540313645 188.0593790638236 pid3eaa
108.37732130769557  0.8017904089379186 188.37732130769558 pid3f53
108.63729388633499  1.906862137123003 188.637293886335 pid3ecc
108.67769654083699  1.0318352869303866 188.677696540837 pid3fdb
108.94159737407864  1.6850718140480048 188.94159737407864 pid3fe2
109.23726465304217  0.7637767046234215 189.2372646530422 pid401d
109.53876085449852  1.874977182118458 189.53876085449852 pid4018
110.41593600335501  1.8088708132292193 190.415936003355 pid3f70
110.62273435053757  1.8866897600264982 190.62273435053757 pid3f46
112.62701555311524  0.6098759933346707 192.62701555311526 pid4007
113.18146946139255  1.470597079611978 193.18146946139257 pid3f39
113.3068963325289  0.6223456387618582 193.30689633252888 pid3f42
113.82431599416498  0.9918672967731541 193.82431599416498 pid3f03
113.88514800221579  1.4298703416822576 193.88514800221577 pid3f7a
113.92842181681144  1.1764445702391089 193.92842181681144 pid3f2a
114.78715332510522  1.2309286934006178 194.78715332510524 pid3fb8
114.85971793111815  1.5909467764322975 194.85971793111815 pid3ef1
114.98107017975667  0.6212081102339833 194.98107017975667 pid3efd
115.14651407806384  1.270463053758949 195.14651407806383 pid3f84
115.56405188813457  1.192085016145277 195.56405188813457 pid3fd0
116.05488606517831  0.637364320654491 196.05488606517832 pid3fee
116.72740514081144  1.507639215720035 196.72740514081144 pid3f2f
117.57256924185052  1.1950443968205264 197.57256924185052 pid3f00
117.61992774416942  1.0160858968527346 197.61992774416942 pid3f45
118.08341258881826  1.7302389546648371 198.08341258881825 pid3f3b
118.38152518251793  0.7432131119897938 198.38152518251792 pid3ec1
118.76829635230288  1.0096817430500264 198.76829635230288 pid3f50
118.94105238914295  0.8076475040123599 198.94105238914295 pid403d
119.0916550902851  0.8620158194662431 199.0916550902851 pid3fd2
119.23084006745013  1.13272109576026 199.23084006745012 pid3fda
119.26531237218737  1.6377129106332304 199.26531237218737 pid3ff3
119.7069666695967  0.9957709335770888 199.70696666959668 pid3fd1
120.0259693986995  0.5164872731984742 200.0259693986995 pid3f2b
120.1423272296359  1.5441297724086502 200.1423272296359 pid3fa8
120.19371521136435  0.5638781469730206 200.19371521136435 pid3f97
120.21289568627097  1.9178845208363822 200.21289568627097 pid4031
120.41537335717607  1.3545217947100516 200.41537335717607 pid3ffe
120.77531160905065  1.8334347984063126 200.77531160905065 pid3ef8
121.27002684223685  1.1501633797819313 201.27002684223686 pid3fb5
121.52786027911495  1.023107086366968 201.52786027911495 pid3fe0
121.64408007352735  1.9384775121123028 201.64408007352733 pid3fd8
121.66445528655905  0.7605212666349421 201.66445528655905 pid3ee8
121.8384561142972  1.8921005842935477 201.8384561142972 pid3fc8
122.02598195154094  1.0016337224676104 202.02598195154093 pid3e97
122.18939556056533  1.7902828070482548 202.18939556056534 pid3fe4
122.28658319938843  1.8907469051979928 202.28658319938842 pid3e98
122.48426286364466  1.8975765623618652 202.48426286364466 pid3f91
122.72734527140578  0.8713705340034699 202.7273452714058 pid3f15
123.21264229210007  1.695662387735666 203.21264229210007 pid3eda
123.54119961675799  1.5155906444491716 203.54119961675798 pid3f24
124.04593160546047  1.5458738520727444 204.04593160546045 pid3f1e
124.11153536659383  0.7874053186103835 204.11153536659384 pid4010
124.28927361150458  0.9038304310024551 204.2892736115046 pid403f
124.6358752351863  1.9561275059764132 204.6358752351863 pid3ece
125.31678494661548  1.0040534358307662 205.31678494661548 pid3ee9
125.61469934392595  0.581587326987604 205.61469934392596 pid3fcb
125.67290884080322  1.825273570644365 205.67290884080322 pid3f48
126.26984735053462  0.5941065113055507 206.26984735053463 pid3f3a
126.38462828352384  1.902193807065375 206.38462828352385 pid3f9e
126.55792955731114  0.8014934193146837 206.55792955731113 pid4001
127.12064346662574  1.616978859147617 207.12064346662572 pid3f40
127.17283006584094  1.6091472318942812 207.17283006584094 pid3ed9
127.27123041163452  1.5898390847808506 207.27123041163452 pid3fe1
127.51879126307853  0.6036823259968569 207.51879126307853 pid4020
127.63445566536718  1.5041582192723375 207.63445566536717 pid3f22
127.69188963070623  1.5668726813398406 207.6918896307062 pid3f61
127.9875437078386  0.7683316234646604 207.9875437078386 pid3fa2
128.41707747937417  0.8066551074322353 208.41707747937417 pid400b
128.75032500129015  1.0531160454025845 208.75032500129015 pid3ee4
128.8454636745299  1.156473930837968 208.8454636745299 pid402b
129.4628496466845  1.470822791780565 209.4628496466845 pid3ee1
130.0179891458587  0.7262407098816105 210.0179891458587 pid3e93
130.76952170765307  0.9296037245469522 210.76952170765307 pid3ec9
131.7358329250787  0.8627749608913831 211.7358329250787 pid3f5a
131.78395027146917  1.0223770621564983 211.78395027146917 pid3f04
132.08339365365458  1.216694116918759 212.08339365365458 pid3f95
132.4313754119885  1.7492512639274063 212.4313754119885 pid3eaf
132.64012611355895  1.5392866338924323 212.64012611355895 pid3eec
132.80204632137475  1.7160651541908536 212.80204632137475 pid4027
132.86417865849  0.6604380310358471 212.86417865849 pid3f5e
132.90366636514992  0.786112749092049 212.90366636514992 pid3fac
133.49352055799977  0.9828255248574934 213.49352055799977 pid4004
134.1731497335029  0.6976424136405954 214.1731497335029 pid3fb9
134.28912541837502  1.8957333522275583 214.28912541837502 pid3ff1
135.08319026979936  0.9394794626133554 215.08319026979936 pid3eb4
135.2542251025894  1.2319146391707818 215.2542251025894 pid3fd5
135.28595755765656  1.6859023092343088 215.28595755765656 pid3f8d
135.34072023139788  0.7246841444628385 215.34072023139788 pid3ff0
135.62741333751296  1.2437373442327262 215.62741333751296 pid3f9b
136.44062232289735  0.8201020837241483 216.44062232289735 pid3f6d
136.45577669800937  1.993338633429716 216.45577669800937 pid4005
136.82443973110722  0.5847192660427295 216.82443973110722 pid3f6c
137.31447643882422  1.5403065614894087 217.31447643882422 pid3f32
138.04349687449127  1.4092980303687577 218.04349687449127 pid3fed
138.87365360912042  0.7905864246953436 218.87365360912042 pid3faf
139.0779389943639  1.7051724020866559 219.0779389943639 pid4002
139.11883080805285  0.9459257510679899 219.11883080805285 pid3f96
139.31937421787805  1.5189846290041416 219.31937421787805 pid3e88
140.05307545772865  0.6306096131722851 220.05307545772865 pid3f79
140.23206279340792  1.152739925861909 220.23206279340792 pid3fdf
140.23484140103943  1.3431187854529911 220.23484140103943 pid3f73
140.32775766387562  1.540809905877587 220.32775766387562 pid3f0a
141.0351373924586  1.1336586957438284 221.0351373924586 pid3fb1
141.9207084493202  1.7159382669326178 221.9207084493202 pid3e8f
142.34766587603008  1.5341341628790999 222.34766587603008 pid4021
142.50399406111782  1.7953147431622165 222.50399406111782 pid3f10
142.73127031083587  1.4779302418580862 222.73127031083587 pid3f78
142.86547846277662  1.6560763770538651 222.86547846277662 pid3f74
142.86638826947424  0.6454139349350747 222.86638826947424 pid3e89
143.37317006158912  1.0954660425284977 223.37317006158912 pid3f94
143.44561154582155  1.498865162463154 223.44561154582155 pid3f66
144.04809027990103  1.4317721550124736 224.04809027990103 pid3f98
144.77653759581102  1.0864952516845923 224.77653759581102 pid3f31
144.92308660900494  0.7704670849204469 224.92308660900494 pid3f99
145.43190948359043  1.0421047854605032 225.43190948359043 pid3fce
146.87824986304364  0.6399364628568668 226.87824986304364 pid3f69
146.93339088017325  0.8771717061128643 226.93339088017325 pid3ffd
147.09106008441583  0.7325282896997827 227.09106008441583 pid3e9c
147.47370933346204  1.6678694393891664 227.47370933346204 pid3f65
148.35019485775297  1.7016975727100452 228.35019485775297 pid3ef5
148.39630223854394  1.4222865603349257 228.39630223854394 pid3ebb
148.4433409028417  0.897991716550292 228.4433409028417 pid3fd6
148.5615439292614  1.731020053171762 228.5615439292614 pid3e83
148.59312106871445  1.8853964068341782 228.59312106871445 pid3edb
148.60191135245327  0.8773565673108674 228.60191135245327 pid3eb5
148.9914713913979  1.3460609721649652 228.9914713913979 pid3eb7
149.00116582433807  1.9440595499354254 229.00116582433807 pid3f2d
149.1581176365437  0.7735498250225088 229.1581176365437 pid402f
149.31586611187362  0.6109261011082714 229.31586611187362 pid3e91
149.79594856308492  0.6463189704291286 229.79594856308492 pid3fe7
149.87460576763226  1.6226755963178838 229.87460576763226 pid3fb2
