0.2879404351457593  2.7077750297090444 5.703490494563848 pid415c
0.42984120333362297  1.4515822049652667 3.3330056132641563 pid4067
0.47984278123022417  2.367125416416152 5.214093614062528 pid411e
1.0386441818910952  4.330145661389848 9.698935504670791 pid4158
1.4814649427527882  3.1113388229136034 7.704142588579995 pid4050
1.4883064126576828  1.1620461997172744 3.8123988120922316 pid4127
1.5092516807959777  3.610329533309491 8.729910747414959 pid41d7
2.686439289724527  3.680856865041093 10.048153019806712 pid405b
2.9698511913861214  1.3279826302959825 5.625816451978086 pid40a1
3.153016921340641  1.9829392675780593 7.11889545649676 pid41e0
3.2697154482343294  1.5717069500558085 6.413129348345946 pid4091
3.5569362905740864  1.6315435643516696 6.820023419277426 pid40ce
3.844873590704978  3.989643378706424 11.824160348117825 pid4199
3.9199033356331503  1.3315522421191432 6.583007819871437 pid41ca
3.9573104069085407  3.505158461671316 10.967627330251172 pid41b0
4.01642089296695  1.2643264095936302 6.545073712154211 pid4203
4.505363424128888  2.868609134887691 10.24258169390427 pid418c
4.811149197274977  4.7643512224689 14.339851642212777 pid41da
5.073794934992053  3.2481975159948653 11.570189966981783 pid4106
5.137516454625805  1.7654952829930242 8.668507020611854 pid4178
5.484191823467565  4.869471149542651 15.223134122552867 pid41cb
5.868067851711962  4.857772505031226 15.583612861774416 pid41fc
6.613964537959241  1.754120936279631 10.122206410518503 pid409a
6.655040257541154  3.935584897261327 14.526210052063808 pid40e5
6.712999749526512  4.484005712631012 15.681011174788535 pid405a
6.949158735837875  4.905189674622871 16.75953808508362 pid414e
7.333943932961753  4.441679137836648 16.217302208635047 pid41f7
7.738320807731354  2.2601398292681174 12.258600466267588 pid4179
8.300995287413324  4.558230990967238 17.4174572693478 pid410a
8.939208355940808  4.615808733227332 18.17082582239547 pid419f
8.967107721100652  3.672902723277898 16.312913167656447 pid40be
9.293567591999889  4.667753993212916 18.62907557842572 pid4046
9.431040424754917  3.6771319257310107 16.785304276216937 pid4144
10.33408969843877  3.5547215916289776 17.443532881696726 pid41e6
11.154960294423471  1.4235897096672088 14.002139713757888 pid41ba
12.143736923178954  3.3691360162722184 18.882008955723393 pid41e5
12.269277388184763  3.9861232913954856 20.241523970975734 pid40d5
12.881225224182437  3.7651010799612714 20.41142738410498 pid4187
13.043411914217371  3.844280436681641 20.731972787580652 pid41ac
13.18442793523285  4.974588354251058 23.133604643734966 pid4084
13.700638853866012  1.78649568053472 17.27363021493545 pid40a6
13.989826104232598  1.221588621258077 16.43300334674875 pid41fb
14.152712940230298  3.6289273961658726 21.410567732562043 pid41cc
14.301277547331042  1.232400139494723 16.766077826320487 pid40e9
14.821690224842474  1.489820630031939 17.801331484906353 pid40c7
15.56867034571161  3.8596900330104735 23.288050411732556 pid4129
16.176749262257793  2.705334341149525 21.587417944556844 pid41a9
16.352795595573394  2.802241363107431 21.957278321788255 pid406e
16.450968508244337  1.7614369534011125 19.973842415046562 pid4077
16.74270456167391  2.8567819763771873 22.456268514428285 pid4153
18.61930136331112  3.003543504326413 24.626388371963948 pid407d
18.939133016339916  3.438820678781466 25.81677437390285 pid4048
19.295058193798926  3.1439440045178153 25.582946202834556 pid40b5
19.44875048140571  2.878991139731661 25.20673276086903 pid4120
19.592212861701658  3.430775933765432 26.45376472923252 pid41b7
21.641672787534333  2.679222264465077 27.000117316464486 pid4195
21.88343122129055  3.5055816525906143 28.894594526471778 pid4115
21.97130841559973  2.8558797927286435 27.683068001057016 pid40ff
22.040915008371954  4.357466514564232 30.755848037500417 pid4072
22.512874904012676  1.9937345365433075 26.50034397709929 pid409e
23.401394576807316  1.404200171006274 26.209794918819863 pid414b
23.466930190891844  4.9583603494833 33.383650889858444 pid40f3
23.91879188031322  1.4395176906470812 26.79782726160738 pid40a0
24.04414255399665  3.6700941229152746 31.3843307998272 pid41a4
24.387465485890306  4.154868888422196 32.697203262734696 pid414d
25.221095369478633  3.0607588551600444 31.34261307979872 pid40ee
25.588978341377796  2.736910022410117 31.06279838619803 pid40fd
26.159221986211563  4.708164687277287 35.575551360766134 pid408a
26.16793106493825  1.2991410122817193 28.76621308950169 pid40b8
26.588266692519053  1.5600983850078696 29.70846346253479 pid419b
26.850143716157074  3.6642104988490405 34.17856471385515 pid4134
26.91330879179139  3.585808949233307 34.084926690258 pid4082
28.189424983208763  3.249000196219801 34.68742537564837 pid4146
28.197285993306767  3.632651820031471 35.46258963336971 pid41d0
28.53455306266335  2.3687720732945348 33.27209720925242 pid4175
28.644461922008688  4.868247302078554 38.3809565261658 pid4123
29.165475769213604  4.595031513537881 38.355538796289366 pid4136
29.18389181636747  3.505024563104071 36.193940942575615 pid4098
29.583795839957794  4.998004998560097 39.579805837077984 pid40a4
30.056024481629663  4.371074131566056 38.79817274476177 pid41a8
30.37022934616622  4.425846348110406 39.221922042387035 pid408f
31.77279749164787  1.7991675512198295 35.37113259408753 pid4162
32.089914374138395  4.3335317056165295 40.756977785371454 pid4075
33.05829258810185  2.6903087724038097 38.43891013290947 pid41c8
33.78827736190975  1.1099833961578218 36.008244154225395 pid4100
34.22788253020724  1.5866726344016047 37.40122779901045 pid41b8
34.45974674042846  2.4651382308444125 39.390023202117284 pid40a2
34.64532852586912  3.1016473824415463 40.84862329075221 pid40d1
35.015849255741465  2.2061032123419357 39.42805568042534 pid40bb
35.12006813894395  4.829606651835185 44.77928144261432 pid4126
35.75604604700634  3.9890748435374186 43.73419573408118 pid417a
36.224118217911084  4.543495888080349 45.311109994071785 pid4142
36.89536019267123  2.989111818812915 42.87358383029706 pid41ef
37.76493313711042  3.8943282284401306 45.55358959399068 pid4112
38.10058876263291  1.0356084106710357 40.17180558397498 pid419d
38.72143718815459  4.02726528049253 46.77596774913965 pid4131
39.333136249443235  2.3764999364520145 44.08613612234726 pid41d6
40.96851495997077  4.077105235472743 49.122725430916255 pid4197
41.68451679715267  2.942604117849301 47.56972503285127 pid41c3
41.82671086601732  1.785266103175183 45.39724307236769 pid41dd
42.242900297482585  1.4388199966761617 45.12054029083491 pid4097
42.322800182284574  3.8295600951972233 49.98192037267902 pid41eb
42.84010681412702  1.939516923447695 46.71914066102241 pid4103
43.409136271607224  2.106228819744028 47.62159391109528 pid4071
43.527748497127  2.6410128438831415 48.809774184893286 pid4183
43.87797909457068  1.3133053972277384 46.50458988902615 pid40aa
43.94474719700247  3.0236781980488443 49.99210359310016 pid408d
44.43641618476227  2.995510342726349 50.42743687021497 pid4170
44.96022985259961  3.0142904661467385 50.98881078489309 pid4166
45.09272848061066  3.7911752924163165 52.67507906544329 pid41ae
45.12103936917525  3.186086969652894 51.49321330848104 pid4143
46.066550924914196  3.627939849395859 53.32243062370591 pid4104
46.34485473050698  2.9171165940680015 52.179087918642985 pid4055
46.76790764800834  1.0688873237790788 48.9056822955665 pid40bc
46.93562849195045  2.3372238200092577 51.61007613196897 pid4145
47.00935823015507  3.4385949408483656 53.8865481118518 pid41f0
48.98162455733715  2.75118911706961 54.48400279147637 pid40a8
49.06922701299982  3.91143099269199 56.8920889983838 pid40cc
49.20566833414432  2.5473726628049485 54.30041365975422 pid418b
49.48401024371412  2.0840378749273967 53.65208599356891 pid40e7
49.67252510164426  2.186032797146014 54.04459069593629 pid41b4
49.96273190527176  3.03852466790478 56.03978124108132 pid4073
50.74604717986631  2.7675121984491042 56.28107157676452 pid4092
51.619984688584566  4.059902887845703 59.73979046427597 pid4065
51.6711279906478  3.1541509599258286 57.979429910499455 pid414f
51.82581496176666  3.419033267423847 58.66388149661435 pid404b
52.80404771474388  2.641403799636019 58.08685531401592 pid4163
53.21540300242721  2.321003219813261 57.85740944205373 pid41e1
54.71775895850355  1.9334837576011301 58.584726473705814 pid4181
55.403181371650966  1.8318210227253373 59.06682341710164 pid40d0
55.449622646744935  4.135776733446001 63.721176113636936 pid40e6
56.798145674038565  3.052218817708526 62.902583309455615 pid41a0
58.74606674785227  2.647688342570535 64.04144343299333 pid415b
58.7758406568098  4.585693574929161 67.94722780666812 pid4042
58.83003668353159  4.827063010016614 68.48416270356482 pid409f
59.18564504106876  4.6346510012420525 68.45494704355286 pid404d
59.60644146117154  1.027641467753969 61.66172439667948 pid4164
59.99872949082852  2.911151717808185 65.82103292644489 pid40d4
60.19315835173046  4.226268757013312 68.64569586575709 pid40de
60.335768613778725  4.036187205021274 68.40814302382127 pid41e2
61.20161714573596  1.8942924120940194 64.990201969924 pid40f0
61.26141696008519  2.599872974473625 66.46116290903244 pid40e2
61.562828179214236  1.9786720883623445 65.52017235593893 pid40ca
61.73680422872926  4.83564791941751 71.40810006756428 pid4078
62.34780627636884  1.3128133714467936 64.97343301926243 pid41bf
63.40443338271726  2.8983057703369863 69.20104492339124 pid41e9
64.4816772350248  1.5648023306439396 67.61128189631269 pid4151
64.6462537856199  1.0883458667842332 66.82294551918837 pid408c
64.92074635090073  2.191935470949447 69.30461729279962 pid41fa
65.57490666208051  4.876429788229144 75.3277662385388 pid415f
66.0055137174078  4.201199942338962 74.40791360208571 pid405d
66.93563147412573  2.8456981396037593 72.62702775333325 pid417e
66.99143428168004  2.0807604090528606 71.15295509978577 pid4140
67.09721767307147  2.2266223246798464 71.55046232243116 pid4157
67.11219143852163  4.09739215691525 75.30697575235213 pid4059
67.29759106646623  4.59673734701446 76.49106576049515 pid41f8
67.50330376164992  4.0437942465143015 75.59089225467852 pid4081
67.66459782209358  4.032963751708767 75.73052532551111 pid407e
67.97576441166578  2.6713634665091686 73.31849134468412 pid40ae
68.20471923726936  1.7831411290780008 71.77100149542537 pid4044
68.60291291255363  2.4295469311058233 73.46200677476529 pid413e
68.80703451919193  1.215622296048997 71.23827911128993 pid4085
69.09727480321344  4.601741831734754 78.30075846668295 pid4108
70.21282226963966  3.9294472631649007 78.07171679596946 pid40c1
70.4563946288551  4.655280562517679 79.76695575389046 pid4114
70.49396451177707  4.256013321571841 79.00599115492075 pid40a3
71.08688321444318  4.412642440076609 79.9121680945964 pid41dc
71.14318695484806  1.6992974682474142 74.5417818913429 pid41c1
71.36487516251343  3.904930041654546 79.17473524582252 pid4070
71.99334007439181  2.7944427189103003 77.5822255122124 pid40a7
72.17427568341797  1.057496732355209 74.2892691481284 pid40e0
72.2158663486606  1.1670343791674855 74.54993510699556 pid404f
72.5450390289736  1.6746723191619481 75.8943836672975 pid40f5
72.65751456964524  1.9169657685400439 76.49144610672533 pid4194
72.8110848668051  2.063337566482753 76.9377599997706 pid41fd
72.92079397250298  3.2478155305804504 79.41642503366388 pid4122
73.4506076217235  4.346410189505914 82.14342800073533 pid41cd
73.78351898035618  4.532204173422892 82.84792732720196 pid4191
74.25154780198494  4.843981182176391 83.93951016633773 pid418a
74.52780014793406  3.8975316126860657 82.32286337330619 pid4110
75.68754954975554  2.053992865809723 79.795535281375 pid40f2
76.18455745718741  4.291978149624038 84.76851375643548 pid416c
76.85808091628608  3.28496215538194 83.42800522704997 pid416f
76.97926174228799  4.880177193735519 86.73961612975903 pid41a5
77.06965617224964  2.0236214478119345 81.1168990678735 pid40ef
77.50516737272957  4.108138131718449 85.72144363616647 pid409c
77.58065554341663  1.0534529218372195 79.68756138709107 pid4096
78.06746546907029  2.7003021246371444 83.46806971834458 pid41bb
78.16914098603326  3.4260659724347167 85.02127293090268 pid4062
78.30183973783349  2.7172599067206686 83.73635955127483 pid4105
78.79080759177539  3.647164800902546 86.08513719358048 pid4102
79.15523912984469  1.7953688656347127 82.74597686111412 pid407c
79.15923461668933  2.109414789431157 83.37806419555164 pid4130
79.45249626309632  4.2504917062779874 87.95347967565229 pid41bc
79.69377546758417  4.168152843112113 88.0300811538084 pid40fa
79.73122409238586  1.8707693328928015 83.47276275817146 pid40c0
79.77202772826125  3.55149219933068 86.87501212692261 pid413f
79.88618819516418  1.526416381059092 82.93902095728237 pid40ea
80.1167155652947  2.837783730088925 85.79228302547254 pid41b3
80.40415189937492  4.5818610639803 89.56787402733552 pid41d8
80.65413054696606  2.7922744424738846 86.23867943191382 pid410c
80.70544099369292  1.276298535951769 83.25803806559645 pid40b2
80.77642750974597  2.7912451063762456 86.35891772249846 pid417f
81.50069820211405  1.3453674949875416 84.19143319208914 pid4190
82.94503571221101  2.485599132017821 87.91623397624664 pid409d
82.99012430030125  3.057424724070861 89.10497374844297 pid41f2
83.33891660974778  4.307862530581975 91.95464167091174 pid4193
84.3715246300643  1.169374112839375 86.71027285574306 pid4171
84.66532572921055  1.7657807491588007 88.19688722752815 pid404e
85.19684672683859  4.214734709236158 93.62631614531091 pid411d
85.28631704295336  2.4215134162605625 90.12934387547448 pid4109
85.90732731589873  3.1670630070195553 92.24145332993784 pid405f
86.22987434284248  2.1467658403544463 90.52340602355137 pid40c8
86.52963173009232  3.912425345718146 94.35448242152862 pid4052
86.5519116145245  2.405278035467914 91.36246768546033 pid412f
87.6662904076732  2.578352748349643 92.82299590437249 pid40d2
87.75666285413878  4.576780431787445 96.91022371771368 pid40cf
89.56175083075539  2.251889503728462 94.06552983821231 pid40bf
89.67186700212692  1.5285410501339443 92.72894910239481 pid41db
90.75464345599003  3.800773497118172 98.35619045022638 pid40f4
90.77176023888573  1.328673970914343 93.42910818071442 pid4111
91.05145262981397  2.375176386656088 95.80180540312614 pid41a3
91.1598197523385  2.178488353165127 95.51679645866876 pid416d
91.30610171196491  2.832008472302961 96.97011865657083 pid41c0
92.35785012396143  4.948980985807306 102.25581209557603 pid41cf
93.07746511662181  4.2465068014261895 101.57047871947418 pid4174
93.3162720951194  1.2298160730080743 95.77590424113555 pid41ce
93.89305680423834  4.347569698484353 102.58819620120704 pid4090
94.76067130901419  2.2818804803119375 99.32443226963807 pid413a
95.43833515860814  3.9384718020956355 103.31527876279941 pid417d
96.45593835289769  1.2262589144580471 98.90845618181379 pid4132
96.47054375617505  1.3306990258677192 99.13194180791048 pid41ea
96.5068615955274  4.669839070494332 105.84653973651606 pid41ec
96.59481901271788  3.508332426624425 103.61148386596673 pid4196
96.67756573369313  3.2424559632982497 103.16247766028962 pid405e
97.22179601294309  2.202540273507273 101.62687655995764 pid4189
97.87328276175998  3.602469073319153 105.0782209083983 pid4047
98.47150901083494  1.3915694288551497 101.25464786854523 pid4156
99.1799670817215  3.748269445024841 106.67650597177118 pid4101
99.58894393838058  4.000238029623141 107.58941999762686 pid4128
100.34616634264056  2.9912740252508594 106.32871439314228 pid405c
100.65864337708896  4.265462181603541 109.18956774029604 pid40ad
100.9200036241013  3.011170628666727 106.94234488143475 pid4124
101.4002450019628  2.1390277904217525 105.6783005828063 pid41ff
101.8615058059061  2.3632076056897917 106.5879210172857 pid41d1
101.87928907072735  4.273139478182896 110.42556802709315 pid4161
102.33950668586166  4.084976880263525 110.50946044638872 pid4177
103.58876639273669  1.4540594291038764 106.49688525094444 pid41af
103.99751187011644  1.2854361343176794 106.5683841387518 pid41a1
104.50482112548062  4.237476122031975 112.97977336954457 pid4152
104.8132453044838  2.8973055281317843 110.60785636074736 pid4186
104.91135594338533  1.4754527101693866 107.8622613637241 pid41e3
104.97642992252261  2.411659449228006 109.79974882097862 pid4061
105.19062948507238  4.458514198045014 114.10765788116241 pid4069
105.22325708159904  1.652987574068951 108.52923222973695 pid40b9
105.41847127543586  2.178781483649387 109.77603424273464 pid406c
105.55023957571377  3.726637866963191 113.00351530964016 pid4125
105.60957119971688  4.695354779506167 115.00028075872922 pid419e
105.80542991961907  4.524953437961994 114.85533679554305 pid4168
105.88000376351587  4.348941665185231 114.57788709388633 pid4053
105.99383797943038  2.743973234511158 111.4817844484527 pid40cb
106.94701477262622  1.1297138080194191 109.20644238866505 pid4113
107.0093312127794  4.855603620516032 116.72053845381146 pid40d7
107.45759875054847  1.28094193850889 110.01948262756625 pid4063
107.84880597667272  4.1849755019007215 116.21875698047417 pid40e3
107.94073473876895  1.703499594316035 111.34773392740102 pid410b
108.52082765730695  3.0941911415883916 114.70920994048373 pid4043
108.81414498063195  1.0784637685470808 110.97107251772611 pid40d8
108.89598813581281  4.010980416898905 116.91794896961062 pid4087
109.06844361996193  2.5847373998719667 114.23791841970586 pid4141
109.73719530928956  1.8367833373601696 113.4107619840099 pid40c9
109.89271655324089  4.0427795220208536 117.97827559728259 pid415d
110.83283856105356  3.93457543612533 118.70198943330422 pid40df
110.92837849355247  2.0146296093841403 114.95763771232075 pid406f
111.09881840840377  4.6983314821315325 120.49548137266683 pid410f
112.14613349849154  1.7257966605043138 115.59772681950017 pid4150
112.1554116410703  4.468379539978567 121.09217072102743 pid4076
112.63368154702792  1.6127739605294202 115.85922946808677 pid41df
112.84601336315033  4.100101604307538 121.04621657176541 pid40f7
113.05056407245229  1.1722415756010887 115.39504722365447 pid4155
113.33498783707951  1.0561938595509952 115.4473755561815 pid415a
113.42297480297327  2.365257287494568 118.1534893779624 pid4116
113.45623248686327  1.893138433838021 117.24250935453931 pid416a
113.45643710334832  2.6356886171918297 118.72781433773199 pid40f9
113.5357816609012  4.197123742381489 121.93002914566418 pid4201
113.57290596862927  2.30770813735589 118.18832224334105 pid40b1
113.78971739334649  1.5583534544156543 116.9064243021778 pid417b
113.81937139243487  1.463297694123456 116.74596678068178 pid41c9
113.90686270453023  4.2689370594248 122.44473682337983 pid4080
114.22040291085727  4.554960503568321 123.33032391799392 pid416b
114.25756427930986  2.674246238161259 119.60605675563238 pid4121
114.69934330749132  3.385845522398829 121.47103435228898 pid4137
115.23900796564426  4.514128655568939 124.26726527678214 pid41e8
115.30398965798747  1.025141328299204 117.35427231458588 pid41e4
115.43768438941545  3.760683754763711 122.95905189894287 pid410e
115.64496756243611  4.81152568529412 125.26801893302435 pid41f9
116.99196202856511  1.83992465239985 120.67181133336481 pid4169
117.06444374577693  1.6710678649361106 120.40657947564915 pid411b
117.80867555202634  1.9326509656517286 121.67397748332981 pid41b1
117.92036685123621  4.315535361381558 126.55143757399932 pid41ee
118.19194411840617  3.6843816609619267 125.56070744033002 pid4149
118.23512815199447  3.676501215879036 125.58813058375254 pid406b
118.70495407084043  4.289045512529092 127.28304509589861 pid40e1
119.71565140927969  4.043545318678594 127.80274204663688 pid40ab
119.80275551615414  2.8453695043769556 125.49349452490804 pid4088
119.95052344026614  1.3547010721207329 122.6599255845076 pid4060
120.16060480185172  4.105304320055888 128.3712134419635 pid40b6
120.4575004030598  3.9637825716015667 128.38506554626292 pid4165
120.87265022063498  2.5660276424324278 126.00470550549984 pid415e
122.30500038226896  3.6545019266243655 129.61400423551768 pid41f1
122.343905798871  2.7364318804059247 127.81676955968285 pid4094
123.26166308971025  4.421190392582408 132.10404387487506 pid41c4
123.62450928132421  4.441382173296031 132.50727362791628 pid40ed
124.40412073417838  1.040734937739268 126.48559060965691 pid40eb
124.99548512294491  1.4156728417100939 127.8268308063651 pid40cd
125.29880671062769  1.5930461003386958 128.48489891130507 pid418f
125.52722811625021  3.6317252503185435 132.7906786168873 pid40e4
125.66688352536036  2.3501422696355347 130.36716806463144 pid41de
126.03289457279344  4.460704417424405 134.95430340764224 pid4154
126.08181689013811  1.1652761862578638 128.41236926265384 pid4074
127.02639100898713  3.9607831698081655 134.94795734860347 pid41f5
128.0828913135421  4.537659404835833 137.15821012321376 pid404a
128.14062998237043  1.6167867152203241 131.37420341281108 pid41a2
128.1683186624521  1.1154813208147463 130.3992813040816 pid40b4
128.62650496800538  2.1328624701964456 132.89222990839826 pid412c
128.98876697663098  1.0807368003311617 131.15024057729332 pid4118
130.52205438744213  4.918058265092216 140.35817091762655 pid4099
130.6011529099438  2.0539495877565113 134.70905208545682 pid416e
130.71529238688626  4.5778357652018675 139.87096391729 pid41d9
130.78989736270094  4.814338816501159 140.41857499570327 pid4159
132.7620823219208  2.5790744477369136 137.92023121739462 pid40f1
133.6303977384063  2.8897731761772487 139.40994409076077 pid4058
133.72348426054086  4.737025690840803 143.19753564222248 pid419a
134.14724640916216  1.9910987648221603 138.12944393880647 pid40d6
134.17874469549497  2.0845199561309555 138.3477846077569 pid40ec
134.20447227475964  2.187338924035798 138.57915012283124 pid4185
134.33708221041874  2.1024903415415577 138.54206289350185 pid4192
134.76289547704425  4.58090379065699 143.92470305835823 pid4095
135.20579632015375  3.302548947514501 141.81089421518274 pid40bd
135.5721674244856  3.628601390140557 142.82937020476672 pid4135
135.8896519877816  2.9956391707713057 141.88093032932423 pid406a
136.18721142410362  4.149655188295249 144.4865218006941 pid40b3
136.782981350585  1.4404822976220126 139.66394594582903 pid4173
136.96063078947353  4.9982807851736775 146.95719235982088 pid413d
137.28785739138505  3.100133809881008 143.48812501114708 pid412d
137.63413045081805  3.9625603153555113 145.55925108152908 pid40c2
138.16781547492718  3.7606247926399066 145.68906506020699 pid41b2
140.9135638962436  3.9243673274564985 148.7622985511566 pid40c5
140.93251515195067  3.119585307423668 147.171685766798 pid40dd
141.13583348441188  3.381223198370141 147.89827988115215 pid4086
141.2925122759884  4.879115998659063 151.05074427330652 pid4176
143.63743978137302  1.975798515742175 147.58903681285736 pid41a7
143.65979847588113  3.4531585407342207 150.56611555734958 pid412e
143.9103538774334  1.761272629432887 147.43289913629917 pid41b9
144.2816133258221  1.572159066600371 147.42593145902285 pid407f
144.89779806281118  1.5593349394449163 148.01646794170102 pid4056
145.40128250580227  2.2738533457877943 149.94898919737787 pid41f6
145.45263862869538  4.263195281587651 153.9790291918707 pid4089
145.4676045941481  4.30146219349612 154.07052898114034 pid4172
145.50832210123423  3.024460008942167 151.55724211911857 pid41be
145.7114439519059  2.988090318698761 151.68762458930343 pid4107
146.06544157032644  3.569449732363968 153.20434103505437 pid41bd
146.45662980566914  4.058789580050746 154.57420896577062 pid41a6
146.47790216543873  1.0347462528669125 148.54739467117255 pid404c
146.74941786101385  4.023847950244551 154.79711376150294 pid4133
146.7509646369524  1.375613068406098 149.5021907737646 pid418d
146.86314850945456  4.85811465706856 156.57937782359167 pid4066
147.20299810666253  3.14187320636463 153.4867445193918 pid41ed
147.99690917363296  2.5079159783952174 153.0127411304234 pid40c4
148.3715795925839  2.1690553118210514 152.70969021622602 pid40e8
148.6434446177016  2.6553027617756557 153.9540501412529 pid4167
148.67730441270402  4.7733735005792735 158.22405141386255 pid41ad
148.68513814094356  1.3800539663831701 151.4452460737099 pid41d3
148.7589624313283  2.922668957015509 154.60430034535932 pid413c
148.98804326982412  2.8369934532334256 154.66203017629095 pid4051
149.1450288944545  3.81668530572296 156.7783995059004 pid4148
149.1800572719583  4.490815687860572 158.16168864767945 pid40fc
149.68244755150647  2.7794173441091563 155.2412822397248 pid40f6
150.04425906026083  4.433022452983431 158.9103039662277 pid4117
150.42536194535364  3.1579213321016946 156.74120460955703 pid413b
150.88660887646446  3.548963093517888 157.98453506350023 pid407a
151.15795569928807  2.992648886207131 157.14325347170234 pid4198
151.20907352573917  3.320680898446826 157.85043532263282 pid41e7
151.67921587940248  2.31663345964317 156.31248279868882 pid412b
152.30599890101374  2.5006415242198146 157.30728194945337 pid4079
152.60878770069937  2.60487359755832 157.81853489581601 pid411c
152.80491973031897  1.7957586509932462 156.39643703230547 pid406d
153.76311906004375  4.52808323488009 162.81928552980392 pid4182
153.98516295609704  4.823618442138537 163.63239984037412 pid417c
154.03739510066586  2.4457625644760705 158.928920229618 pid4138
154.4158360933109  1.1314266950733916 156.67868948345767 pid4202
155.26700248500572  2.7259390982649903 160.7188806815357 pid40da
155.40302185462977  3.542298848666233 162.48761955196224 pid40fe
155.54395813050277  2.8963408459097124 161.33663982232218 pid40fb
155.5535332005516  3.013201664072428 161.57993652869646 pid4139
156.166393834103  4.922196082050342 166.0107859982037 pid41fe
156.70113167431006  4.956720811257718 166.61457329682548 pid41d2
156.97649262192314  3.7456407849873776 164.4677741918979 pid4188
157.44427155570213  4.508257275690129 166.46078610708238 pid4045
157.80315203139642  2.76471565059648 163.3325833325894 pid40d3
157.83726216795057  1.4220100068338288 160.68128218161823 pid4160
157.9020857145447  1.014384187045708 159.93085408863612 pid411f
158.11064917481391  1.8140795263110925 161.7388082274361 pid4068
158.78920598704474  2.7368909941007784 164.2629879752463 pid4054
158.96319436420075  2.935001548056605 164.83319746031395 pid4093
159.1004926715703  3.3804288559673417 165.86135038350497 pid41f3
159.92646648812712  2.3516735918820157 164.62981367189116 pid411a
160.48452093270285  3.2188153316242683 166.9221515959514 pid41f4
160.76334649553948  3.545150111913515 167.8536467193665 pid40db
160.86928642741472  1.1285468121923974 163.12638005179952 pid414a
161.06084473637358  4.039122928003794 169.13909059238117 pid4200
161.0989685661674  3.1372641884433157 167.37349694305402 pid40c6
161.31291143886114  1.2120746067529353 163.737060652367 pid4119
161.39714856544944  1.8584793868546212 165.1141073391587 pid419c
162.36677018162  4.173710162144806 170.7141905059096 pid408e
162.98465074142817  2.1812960002886106 167.3472427420054 pid41b6
164.03162770144564  2.8594795365575134 169.75058677456067 pid408b
165.6657058922295  1.580349514803117 168.82640492183575 pid412a
165.98575807184517  1.3554728971731804 168.69670386619154 pid41aa
166.0026941939765  4.245219808681289 174.49313381133908 pid40b0
167.04621996788552  3.912282039337596 174.87078404656071 pid4057
167.36149406122493  2.6337630518888204 172.62902016500257 pid40af
167.85867220864773  1.3163659776602663 170.49140416396827 pid4064
168.0160725768323  4.918381458923329 177.85283549467897 pid41b5
168.25994603906526  3.3359807771428014 174.93190759335087 pid40a9
168.55093278708082  2.1734028561445498 172.89773849936992 pid41c6
168.74132930335006  4.095620574494578 176.9325704523392 pid4184
168.76978751188597  4.131776586242642 177.03334068437124 pid418e
168.92370228164765  4.3308415632921164 177.58538540823187 pid41c5
169.01649662986318  2.9439097020816174 174.9043160340264 pid4049
169.5952458195321  1.0176216994943013 171.6304892185207 pid40a5
169.8728102958991  3.711263167765444 177.29533663142996 pid41d4
169.95352250450256  1.379798829853757 172.71312016421007 pid41d5
170.00460168158088  2.779621307612724 175.56384429680634 pid40b7
171.4215552510577  1.6168054142777515 174.6551660796132 pid414c
172.85225682534553  3.25315941150433 179.3585756483542 pid40d9
173.01215756513596  4.554856074211598 182.12186971355916 pid407b
173.22515094098114  1.4501127942874628 176.12537652955606 pid41c2
173.67708300954055  2.2400461240353984 178.15717525761136 pid4147
173.86144616410215  2.7981495971205903 179.45774535834332 pid40c3
176.16233604692871  4.193987869251373 184.55031178543146 pid4083
177.36350408460945  1.2200045802157042 179.80351324504085 pid409b
177.56858300767092  4.986694174382331 187.5419713564356 pid40ba
177.61738358764615  2.7249375339701505 183.06725865558644 pid4180
177.7640477115267  1.4621932832028914 180.6884342779325 pid40ac
178.0079207965963  1.4745919808932957 180.95710475838288 pid41ab
178.46031445356772  3.5071720397850097 185.47465853313773 pid410d
179.32249670956315  4.791775660881541 188.90604803132624 pid40dc
179.53726719174813  2.867824553574548 185.27291629889723 pid41c7
179.8017121135162  2.2876878946583634 184.37708790283293 pid40f8
