0.49476819037355124  1.2407610102553224 2.976290210884196 pid1792
1.8597928184308143  2.5487984204668828 6.95738965936458 pid17d2
4.42304210874523  1.9696850524074319 8.362412213560095 pid1777
6.369336567532782  1.4899378677228894 9.349212302978561 pid178e
6.495328491705901  1.4136824114630735 9.322693314632048 pid175e
8.640842607278099  3.0403182756290694 14.721479158536237 pid173f
10.367419339591502  3.561040000271716 17.489499340134934 pid175d
10.973234649189523  1.4204933187187594 13.814221286627042 pid1755
11.809986776190344  2.4949877600119574 16.79996229621426 pid17ac
12.744843373886223  1.9799530563167065 16.704749486519635 pid17cc
13.977699781148107  2.4384132755116843 18.854526332171474 pid17c5
15.219005397710761  4.128853161148089 23.47671172000694 pid175b
17.7705785061662  4.16044040589715 26.0914593179605 pid1773
19.72661037383277  4.427945946878195 28.58250226758916 pid1762
21.206849371345534  2.841892433846354 26.890634239038242 pid17cd
21.261336010581154  1.5153144216689083 24.29196485391897 pid174e
21.545821195343983  2.0685881275190443 25.68299745038207 pid1797
22.215090796216618  4.155757298328453 30.526605392873524 pid17ab
23.73328477431935  1.6454499168236354 27.02418460796662 pid176c
23.993629294589688  3.9022015205379628 31.798032335665614 pid1760
24.507217133841625  2.2859532269304736 29.079123587702572 pid17b7
25.050736136775296  4.194605923263344 33.439947983301984 pid1774
25.8654844845791  1.6581905035312254 29.18186549164155 pid1741
27.094422260363896  2.811908231102171 32.71823872256824 pid17b0
27.161506784727703  3.7259278883770044 34.61336256148171 pid17aa
27.337398431130563  2.572089732535128 32.48157789620082 pid1748
30.93637557996062  3.1185823758286833 37.173540331617986 pid1768
31.967252526167126  4.271975601429599 40.51120372902632 pid17b9
34.04787522977768  1.8506562025466113 37.74918763487091 pid17a7
35.76321167864395  2.0925574025016966 39.94832648364734 pid1747
38.11722615850596  1.0069052612008234 40.131036680907606 pid1743
39.01869568553058  3.9384262012225806 46.89554808797574 pid1750
39.445275310503256  2.886145203072798 45.21756571664885 pid174a
40.50471493190458  1.6129513341647685 43.73061760023412 pid17d0
41.2313906884802  3.424214541885473 48.07981977225114 pid17bc
44.675728830482136  2.3126792875010818 49.301087405484296 pid1784
45.47435283848847  2.694073923578664 50.8625006856458 pid1763
46.20661857492323  3.870111632546935 53.9468418400171 pid17a4
47.080900337198834  3.5594036197212486 54.19970757664133 pid179d
47.934402825571254  3.808223165048076 55.55084915566741 pid1781
49.729403995494785  4.850305263682065 59.43001452285891 pid17b2
50.29823933243962  3.6247480772773746 57.54773548699437 pid179e
52.09913923308625  1.2614545239104569 54.622048280907165 pid1771
52.65045723246329  2.600084250645672 57.85062573375463 pid1776
53.835373678343835  1.7544368584891825 57.3442473953222 pid17c8
54.6036890438234  1.5373192895800107 57.678327622983424 pid1788
54.88535393208529  1.6635111021483553 58.212376136382 pid17b6
55.95256142957132  3.946902058091512 63.846365545754345 pid17c4
56.22584731517494  3.9497094669454484 64.12526624906583 pid177f
56.298270187441354  1.2312719007718984 58.76081398898515 pid17c9
58.7288214970647  3.071216204921186 64.87125390690707 pid17c3
59.32594576215789  4.159603827316316 67.64515341679052 pid1744
59.59731194659584  3.249757024379925 66.09682599535569 pid1757
60.743911471923454  1.5194797771479536 63.78287102621936 pid177c
62.283056396411915  4.572594679932402 71.42824575627672 pid1778
62.93718351710845  3.5218061934977833 69.98079590410401 pid179c
63.003494087107846  2.9284773442784866 68.86044877566482 pid17b5
63.0864355755634  4.558691439760045 72.20381845508349 pid1786
63.73887914949749  2.349835078539772 68.43854930657703 pid1785
65.44982521356769  2.8290137710171734 71.10785275560204 pid1752
66.36469085155235  2.5297835434253084 71.42425793840297 pid1749
67.22971718158044  1.0992688682244216 69.42825491802928 pid176e
67.85123778813295  1.0750605814450092 70.00135895102297 pid1791
68.79359473025544  1.5697729509786105 71.93314063221266 pid177b
70.8139493285374  1.1640445665954315 73.14203846172826 pid17ae
71.88880961848632  3.4328114445263016 78.75443250753892 pid1769
74.26744842757871  2.7983781664786744 79.86420476053607 pid1775
74.3231534133568  2.1337877001445604 78.59072881364592 pid176a
75.56962457883891  2.338402519355205 80.24642961754932 pid17a2
76.12668481416301  2.8102715517434693 81.74722791764995 pid17a6
76.30838290990675  3.647786765577306 83.60395644106137 pid1783
79.92546082135894  2.4717487732972234 84.86895836795338 pid173e
81.55071652693758  3.7688917705739855 89.08850006808555 pid1766
82.63222571040036  2.83735433185032 88.306934374101 pid17b4
83.60823644614413  4.419846086263281 92.44792861867069 pid17a8
84.07212810588148  4.042651030604128 92.15743016708973 pid17c1
85.19122575773623  2.3327636161252343 89.8567529899867 pid17b8
85.60043636353555  4.274908541937499 94.15025344741055 pid17d1
85.8487941595697  1.3786949003984095 88.60618396036652 pid1793
86.94810730059432  3.730781819742555 94.40967094007942 pid17bd
87.23052630442727  1.9687771570016959 91.16808061843066 pid178f
88.37909929485885  3.6576130561248887 95.69432540710862 pid1794
88.44396953249596  3.286474556803549 95.01691864610305 pid17b1
88.46809353831965  4.240170489482811 96.94843451728528 pid1765
88.62655772059851  3.7851624595403472 96.1968826396792 pid1754
90.32810993561327  4.522511021323445 99.37313197826016 pid17c6
90.50860597825682  1.9408283635039982 94.39026270526482 pid17a5
90.91750681115028  3.7334508085925853 98.38440842833545 pid1782
91.10187954253736  1.5298827605438068 94.16164506362497 pid175c
92.80594498806225  4.143478302703493 101.09290159346924 pid17ce
94.5475326425058  2.05592161062585 98.6593758637575 pid177a
99.64033046212609  1.3010195145512098 102.2423694912285 pid175a
100.01620737497893  2.058401924324432 104.13301122362779 pid174f
100.83493252341518  2.6028315611670605 106.04059564574929 pid1745
106.44690600677433  3.687805758238292 113.82251752325091 pid1740
108.80528909581598  1.961125503571612 112.72754010295921 pid1742
108.8256603855407  2.2065103971167845 113.23868117977428 pid1758
110.86762787093993  1.21868903841454 113.305005947769 pid1787
112.51498473446138  1.7143438212239528 115.94367237690929 pid177e
113.46450325464428  1.3365381316972305 116.13757951803875 pid178c
114.28872312690942  4.816539781823978 123.92180269055737 pid176d
114.3358039384605  2.4749224632148863 119.28564886489028 pid174c
116.17198413964545  2.1481049446234404 120.46819402889233 pid176b
117.83294173304928  4.938681519545147 127.71030477213958 pid1767
118.11047820730856  2.874320292227159 123.85911879176288 pid17b3
118.37884003728291  4.482179117304916 127.34319827189275 pid1761
121.03520651892326  4.925618969284484 130.88644445749222 pid175f
123.4688548356702  4.126816139574597 131.7224871148194 pid177d
123.94970350041558  2.1589914675652504 128.26768643554607 pid1759
125.22718514087663  4.617643901002851 134.46247294288233 pid1770
126.51485323307595  3.659510641797762 133.83387451667147 pid17ba
126.98602426886741  1.0789771375945252 129.14397854405647 pid1753
128.56426319440848  4.772567453039615 138.1093981004877 pid176f
129.248874083319  4.201854744310471 137.65258357193994 pid17c2
130.85844225843513  1.7535773650470743 134.3655969885293 pid178b
131.81527964504875  2.955909695553547 137.72709903615583 pid1746
132.04405293831306  1.034406350145392 134.11286563860384 pid17af
132.4930383666406  3.8122137647183116 140.11746589607722 pid1796
132.82138976696336  1.9844658427142488 136.79032145239185 pid174b
138.8128448920727  2.6868419788496523 144.186528849772 pid178d
139.4920146444307  3.6552578225481187 146.80253028952694 pid1764
139.78806414138762  4.179579461794617 148.14722306497686 pid1751
140.7553001232717  1.800826874956865 144.35695387318543 pid1756
140.78255397788695  4.149216149331416 149.08098627654977 pid17cb
142.1684583340795  1.4650914879191355 145.09864130991778 pid1772
142.60573595681322  3.4971995258670194 149.60013500854726 pid17ca
143.06832176610538  2.0621526456344332 147.19262705737424 pid17cf
145.87197381960738  4.607204951174515 155.0863837219564 pid1789
145.92261955033544  1.599134895819121 149.12088934197368 pid1790
149.30798025525817  1.7588436553509 152.82566756595998 pid17d3
151.38449058467418  2.582813396797494 156.55011737826916 pid179b
151.55958668410204  4.095482617278847 159.75055191865974 pid17a0
157.93246228484062  4.926731094068096 167.78592447297683 pid17c7
158.09543168961153  4.491506555094571 167.07844479980068 pid17ad
158.7139115485163  3.963635974129416 166.64118349677514 pid17c0
158.9511251681975  4.109497946658207 167.17012106151392 pid179a
164.44806883477366  1.2167506074775432 166.88157004972874 pid174d
165.70275308921066  4.383439123229182 174.46963133566902 pid17bf
166.71348953123774  4.929531420001749 176.57255237124124 pid1799
166.91076972537684  3.7735840962989884 174.45793791797482 pid1779
171.95503890448506  2.878576493248629 177.71219189098233 pid17be
172.20898432990035  4.44417904259541 181.09734241509116 pid179f
172.25442388445572  3.7427072654194906 179.7398384152947 pid17a1
172.56222166227357  2.820024702656741 178.20227106758705 pid17a3
174.41808144075188  3.872788595252473 182.16365863125682 pid17a9
174.6010344726534  3.47707251497364 181.55517950260068 pid17bb
176.37662260140186  4.983870130711507 186.34436286282488 pid1795
177.73635753437497  4.264176432913855 186.2647104002027 pid178a
178.40524596184565  3.1899174474116005 184.78508085666886 pid1798
178.7520409675865  2.950795586083312 184.65363213975314 pid1780
