4.814479551595813  1.7229050948491798 84.81447955159581 pid873
6.814531046226485  0.8572776736363146 86.81453104622649 pid87b
9.990759092843849  1.984999914592143 89.99075909284385 pid88b
11.208347464474494  0.5668332388541028 91.2083474644745 pid879
12.456487326942817  0.9058486196860408 92.45648732694282 pid896
16.106934684110108  1.0308096078328997 96.10693468411012 pid897
17.477244945446945  1.4821644050624807 97.47724494544694 pid867
22.265347079707603  1.3719258472047882 102.2653470797076 pid88a
25.232701655450374  1.503662520074342 105.23270165545037 pid869
26.858354895209978  0.8422736220851026 106.85835489520997 pid872
31.68987380517455  1.7030693697565578 111.68987380517456 pid886
34.070479240723934  0.8549844904317961 114.07047924072393 pid892
36.235387420995025  1.8518165741269557 116.23538742099502 pid87c
36.512941964630386  0.7739843107500592 116.51294196463039 pid876
37.2017737895798  1.2623889489955327 117.2017737895798 pid882
37.79584430347184  0.6114326365038555 117.79584430347184 pid893
38.73833375103183  1.9308435529071226 118.73833375103183 pid86a
40.82855845804561  0.6875113927195508 120.82855845804562 pid86e
41.221973092484085  0.809223793704794 121.22197309248409 pid888
42.54020177877002  0.7997500533846174 122.54020177877001 pid88d
46.7389883688046  0.5513993232581029 126.7389883688046 pid86b
53.59340922991823  1.46461563203611 133.59340922991822 pid86f
53.886692495977144  1.297013255400087 133.88669249597714 pid870
54.87682680766348  1.7912943266305164 134.87682680766346 pid887
57.121352881996515  1.2103445475183638 137.12135288199653 pid874
60.458112307150635  0.9609493923012199 140.45811230715063 pid868
65.82890684794143  1.85638433247268 145.82890684794143 pid871
68.05466354024847  1.635455886770241 148.05466354024847 pid884
68.14264535284849  1.3301068288772329 148.1426453528485 pid86c
79.85005401382473  0.9516666261128044 159.85005401382472 pid895
82.82902778495482  1.413515289744865 162.8290277849548 pid875
83.39368547979794  1.8158296354715564 163.39368547979794 pid88f
89.64742982121771  1.7023092499219505 169.6474298212177 pid877
91.25278604608269  0.7950422925223795 171.2527860460827 pid866
93.20465335460635  1.1333335686657864 173.20465335460636 pid86d
95.70024424471539  0.5997418445511877 175.7002442447154 pid87d
96.71272379752816  1.8491190436423204 176.71272379752816 pid891
100.40544874276256  0.7114043281771085 180.40544874276256 pid87e
104.33760171484973  1.9911123344890111 184.3376017148497 pid87f
105.43953653689144  0.6969687932126277 185.43953653689144 pid878
106.07815512660204  1.1289359423775953 186.07815512660204 pid881
106.17148319765646  1.5108441494121425 186.17148319765647 pid894
119.21212902563376  0.6975302937243102 199.21212902563377 pid88e
120.13502233377233  0.6680773323807854 200.13502233377233 pid880
120.99659854397024  1.5277995832608067 200.99659854397024 pid88c
122.53627873288775  0.9999831356839382 202.53627873288775 pid885
128.29128661734862  0.5135441076260516 208.29128661734862 pid87a
132.82585761216396  1.3315924874667202 212.82585761216396 pid890
137.85189123126077  0.9129775663999445 217.85189123126077 pid889
144.63826207248133  0.6773824968771085 224.63826207248133 pid883
