0.4925168505787414  4.053084052823378 8.598684956225497 pid3800
0.7257227595372928  2.868614907716809 6.4629525749709105 pid384e
0.8083516207898223  4.438260742330438 9.684873105450698 pid38ff
0.810409349341854  2.6287001940614254 6.067809737464705 pid3928
0.8751761032824734  1.504536734293208 3.884249571868889 pid38a3
0.9627835507445748  3.4087310867112124 7.780245724166999 pid37a3
1.2243596142860946  1.4128266147200224 4.050012843726139 pid3896
1.2604305327581855  4.059031455704606 9.378493444167397 pid3855
1.5010989674298725  4.480078861901973 10.461256691233817 pid38b1
1.9518304599116498  4.760122855036635 11.47207616998492 pid392e
2.7868371966541283  4.427032395115719 11.640901986885567 pid3871
2.800955870753128  1.354932120135373 5.5108201110238735 pid38f6
3.1938024755316996  1.3337217396827143 5.861245954897129 pid38c3
3.2223004526095167  2.1780982070907045 7.578496866790926 pid38ac
3.5287350275610674  1.9387351773882209 7.406205382337509 pid3848
3.716132796361191  1.9583327732118807 7.632798342784953 pid38b3
4.271117229546553  4.730133106392118 13.731383442330788 pid3805
4.444272266335954  1.176344701912753 6.79696167016146 pid38d3
4.585915401378539  1.8229296345688177 8.231774670516174 pid382c
5.380647722354945  1.7697487236456184 8.920145169646183 pid38b0
5.787547609973669  4.26858522962832 14.324718069230308 pid3889
6.487913922545854  3.2427783193717015 12.973470561289258 pid38d5
7.01524655429931  4.411486859086917 15.838220272473144 pid391a
7.522184390140934  4.8700653781300485 17.26231514640103 pid37cf
8.158229336026597  4.404299058876955 16.966827453780507 pid3929
8.168435655651047  4.316446480182685 16.801328616016416 pid3902
9.303238040679442  1.5742794160011937 12.451796872681829 pid37ff
9.416813378583882  2.825258320640865 15.067330019865611 pid37e2
9.98706318098878  3.07365541418209 16.13437400935296 pid3833
11.060622410448895  4.123186797300004 19.3069960050489 pid3921
11.422539570532223  1.896338411017556 15.215216392567335 pid37f8
12.617692664072063  4.769196322444069 22.1560853089602 pid3781
12.73281410492527  3.8079051967908506 20.34862449850697 pid38c0
12.899248104165444  4.488481740156162 21.87621158447777 pid3812
14.13810762348334  3.6084875064824127 21.355082636448167 pid3914
14.27062571771696  3.873818783064455 22.01826328384587 pid3823
14.881907103628578  1.2160284951557356 17.31396409394005 pid38aa
15.020797841692751  2.5925247515326078 20.205847344757967 pid37da
15.246476900080985  2.494229091025639 20.234935082132264 pid37fe
15.25209214544827  1.080151289424291 17.412394724296853 pid37b8
15.354096062135413  1.378412593882095 18.110921249899604 pid387c
16.325197118637448  3.592777657633357 23.510752433904162 pid37bd
16.33145410340833  3.0924933049681655 22.51644071334466 pid38ba
16.612403505771013  3.520725649391104 23.65385480455322 pid38e6
16.650346046082575  3.1303360178602664 22.911018081803107 pid38c8
16.911113876276566  1.6120323580814553 20.135178592439477 pid3884
17.4937015510573  4.379979927003624 26.25366140506455 pid378a
17.566987984168406  4.532328540695082 26.631645065558573 pid3867
18.073926708696476  4.1514434979014565 26.37681370449939 pid37a6
18.30451349401194  3.625795695999864 25.556104886011667 pid37c7
19.67845019323271  3.0718600866129924 25.822170366458693 pid392b
19.75781504077191  1.2123572674651824 22.182529575702276 pid37ca
20.35849377506811  1.4043491675386996 23.167192110145507 pid38ee
20.5739628766452  1.17882927124512 22.93162141913544 pid382a
22.093174427412524  1.6055388259344348 25.304252079281394 pid37ce
22.285412886394603  2.956275361842724 28.197963610080052 pid3832
23.27653573262335  4.806856900837682 32.89024953429872 pid385f
23.595380618102215  1.5407529365614905 26.676886491225197 pid382d
23.989206329658582  2.677931667374062 29.345069664406708 pid38ed
25.108730197666873  4.669426473060771 34.447583143788414 pid38ce
26.056242616359896  1.7560404185379452 29.568323453435788 pid3840
27.138787467730573  2.8935944359291144 32.9259763395888 pid3817
27.325932375757297  3.1331208189187443 33.592174013594786 pid38ca
27.504933777008645  1.51811556995195 30.541164916912546 pid3789
28.16491185693961  2.9626097345727342 34.09013132608508 pid38fd
28.60136725202613  2.284725819053483 33.1708188901331 pid37a1
28.644765599455994  1.8505858359236207 32.345937271303235 pid3849
28.80094459335352  2.3186558263927326 33.438256246138984 pid3864
28.869338691032297  4.553640745914274 37.97662018286084 pid3816
28.96398563678816  3.8489025324297486 36.661790701647654 pid38e8
29.166004053135712  1.5787850752030215 32.32357420354175 pid3882
29.762851649743702  3.6279039320412645 37.01865951382623 pid3894
30.26128025642683  2.6383429499911752 35.53796615640918 pid3919
30.83906414922241  2.2828092706892456 35.4046826906009 pid3873
31.04407465703701  4.4854136335112145 40.014901924059444 pid389e
31.313023238541874  4.807815297395955 40.92865383333378 pid3863
31.974824522983983  4.906416860136903 41.78765824325779 pid37ad
33.25015729726628  4.541917350536945 42.33399199834017 pid38d7
33.851823041600255  1.9972182694666039 37.84625958053346 pid37ac
34.11132361051787  1.5499786477901556 37.21128090609818 pid38b8
34.27422643513803  3.2845149438727197 40.84325632288347 pid38c9
34.397902796480416  2.717229809270563 39.83236241502154 pid3917
34.77393932358213  3.0751408435441157 40.92422101067036 pid37f1
34.781828358570955  3.8729797067984784 42.52778777216791 pid377c
35.06412862972616  2.005280287287441 39.074689204301045 pid37bb
35.35863119202988  3.385980905406183 42.13059300284225 pid3829
35.653634680042856  4.1042455626713945 43.862125805385645 pid38e3
36.03663718871039  2.0815960940484626 40.199829376807315 pid3825
37.6589152128802  1.0246079293505943 39.70813107158139 pid3918
38.22838824654417  4.469512790490894 47.16741382752596 pid37bf
38.97949862510215  3.2690719636345333 45.51764255237122 pid37a9
39.16822715579188  1.86332461460661 42.894876385005105 pid3788
39.66890460383554  3.2514342542987245 46.171773112432994 pid379b
40.319693233438485  1.1157657781693535 42.551224789777194 pid387f
40.65358123305705  4.768354622823804 50.190290478704654 pid386a
40.67684596114922  4.483093212070725 49.64303238529067 pid3819
41.0566478365137  2.690294058819941 46.43723595415358 pid3881
41.519531041368516  2.858547652343923 47.23662634605636 pid381f
42.39899068784994  1.3636277173161004 45.12624612248214 pid3821
42.868470978236275  1.3095013105431108 45.4874735993225 pid37b0
43.49129567491044  1.8066938780063495 47.10468343092314 pid385b
44.61565252784163  3.374522974776314 51.36469847739426 pid3802
44.84793251093081  4.027089733051089 52.90211197703299 pid377a
45.159801669471506  1.1018597582574197 47.36352118598634 pid3845
45.593907988965064  4.981597091655526 55.55710217227612 pid3824
45.62219601425347  1.9130348514230233 49.44826571709952 pid3853
45.83518402365101  1.0221866850657388 47.87955739378249 pid3790
46.35649669814622  3.579533465714675 53.515563629575574 pid38fc
46.458626724300416  1.2016304922256258 48.86188770875167 pid38dc
47.36297179126141  3.806019389520161 54.975010570301734 pid381a
47.368712966748085  4.685630763058354 56.73997449286479 pid3913
47.50697315885251  2.535604026028114 52.57818121090874 pid3779
48.41435908870036  2.630616935048189 53.675592958796734 pid380d
49.00000860221603  4.839625924957434 58.6792604521309 pid37e0
49.27518291588467  2.1340310159342937 53.54324494775326 pid37b3
50.24568127798082  3.848535063657931 57.94275140529668 pid3870
51.577188887644944  4.619885656994482 60.816960201633904 pid37a2
51.97916195637209  4.220734505432972 60.42063096723803 pid3904
52.2113312671337  3.94069529128624 60.09272184970618 pid3892
52.35885448898115  1.5549906690471218 55.468835827075395 pid37d3
53.342558998091945  1.7123265359898823 56.76721207007171 pid38ad
53.38633173560493  1.6053441549071916 56.59702004541931 pid38a1
53.5519155859729  3.6856253346292482 60.92316625523139 pid3839
53.58052366619928  1.572370848756338 56.725265363711955 pid38a5
53.690326789901356  2.5967654372352205 58.883857664371796 pid38bb
54.22063021657657  1.7435152679432546 57.707660752463084 pid38f1
54.95172182392134  4.416729299964286 63.78518042384991 pid3916
55.59438789070462  1.7856694108859732 59.16572671247656 pid389a
55.90977769597908  4.709969679913954 65.32971705580698 pid37c3
58.02650907581179  2.9700407357406107 63.96659054729301 pid3925
58.37357046811029  4.28916996833013 66.95191040477054 pid3810
58.454114067152496  4.009214413465834 66.47254289408417 pid391f
58.69877649467451  4.9224194350894255 68.54361536485337 pid38d4
58.77760583184626  1.3912931191766305 61.56019207019952 pid3820
58.86394075885643  4.265173373458515 67.39428750577346 pid38e7
58.89708291521919  2.8695719094156953 64.63622673405058 pid38ea
59.55753844738092  4.323752201802282 68.20504285098548 pid3808
59.78868384482007  2.893770770737132 65.57622538629434 pid38b4
60.35346416688155  2.6007270728991627 65.55491831267987 pid3938
61.0699077351036  1.795033153961859 64.65997404302732 pid3876
61.23460191649153  4.463843566993875 70.16228905047927 pid3895
61.31723514448377  3.4745246246773647 68.2662843938385 pid379d
61.8184215543676  2.746727795460562 67.31187714528873 pid390b
62.15062807404418  1.3551296002708457 64.86088727458586 pid37d0
62.332636872411726  4.552207008621362 71.43705088965444 pid3900
62.430139215603965  4.870517626448267 72.1711744685005 pid37dc
62.875539136865186  3.9933614424379185 70.86226202174102 pid3924
62.92989047674505  1.0246686934648435 64.97922786367474 pid386f
63.29332795231562  4.3304002620588555 71.95412847643334 pid38de
63.439166576242215  1.9669757453093917 67.373118066861 pid37f3
63.811700082126144  2.0605515033506188 67.93280308882738 pid3910
64.30427656684982  3.948392363306926 72.20106129346368 pid37ee
64.42469977956269  3.4244182423014387 71.27353626416556 pid37db
64.50394262433454  4.056415331949857 72.61677328823426 pid378b
64.81845534376416  1.1275088622439076 67.07347306825197 pid388c
65.2761088081511  4.142881832823642 73.56187247379837 pid380c
65.33887620181223  4.394065906010475 74.12700801383318 pid383f
65.43561580966632  1.198509130608751 67.83263407088381 pid3903
65.79911728947447  2.1403499145889597 70.07981711865239 pid3898
66.00886126963951  3.456329091531709 72.92151945270292 pid384d
66.31487923583924  1.5908578872540797 69.4965950103474 pid38d0
66.3514971804016  2.512022949558678 71.37554307951895 pid37ed
66.84608424341522  1.8655280249894175 70.57714029339405 pid38d6
67.67915739742175  4.061072153209688 75.80130170384112 pid3858
67.85220708068037  1.0974406793079523 70.04708843929627 pid37e3
68.95213709642607  1.28144957438165 71.51503624518938 pid3830
70.31686645556847  2.392736700685733 75.10233985693993 pid3883
70.39852527335785  2.429095945108198 75.25671716357425 pid37f9
70.42700951342395  4.694735870807755 79.81648125503946 pid38ab
71.88947227339632  2.1637532550138414 76.21697878342401 pid386d
72.22513622527217  2.1053772895954515 76.43589080446307 pid38c7
72.88433170748696  3.7784256680389974 80.44118304356496 pid3799
72.90814483868864  2.4465602486676232 77.80126533602389 pid3875
73.78976117343628  4.712183853465769 83.21412888036781 pid392d
73.93198787099696  2.848019860120009 79.62802759123699 pid38d2
75.14777814416865  3.3910636011735282 81.92990534651571 pid38b7
75.2245640460876  3.402207707480269 82.02897946104812 pid38eb
75.75756499594988  4.790507421652662 85.3385798392552 pid37f5
75.9267654951931  2.4424220859751395 80.81160966714337 pid38a2
75.97064140129906  4.8550717220094395 85.68078484531794 pid391e
76.37534704180545  1.6606597692399618 79.69666658028538 pid3930
76.96800768667785  1.0976619570491106 79.16333160077608 pid3827
77.80427228153734  3.708262809656127 85.22079790084959 pid391d
77.81300854284339  1.8870270277283714 81.58706259830014 pid379c
78.02446289508464  3.59455837844475 85.21357965197414 pid38cb
78.0869454948046  1.107236727177661 80.30141894915992 pid382b
78.24402373192208  3.805934577621395 85.85589288716487 pid38e2
78.27749847932203  1.7882825803865185 81.85406364009508 pid38da
78.44736172330258  2.1872299629595413 82.82182164922166 pid38fe
78.66032253957562  1.510989691228108 81.68230192203183 pid37d1
79.15277981243426  1.4978276774853247 82.14843516740491 pid38cf
79.19175400768587  4.621175817342543 88.43410564237095 pid37de
79.20980452157382  4.152771526819029 87.51534757521188 pid37a4
81.13385097886677  3.0125946823336816 87.15904034353414 pid3831
81.14275777852176  4.308531576811835 89.75982093214543 pid38db
82.14001774518813  1.9992775307705415 86.13857280672921 pid38f3
82.1947847441286  2.0425478670991275 86.27988047832685 pid38c6
82.79724882640927  3.2355448504783766 89.26833852736603 pid37be
83.29837648443191  3.7890851082983046 90.87654670102852 pid377b
83.36131123581951  2.4147752311410637 88.19086169810164 pid37c4
83.85535288464769  1.6687200156432578 87.1927929159342 pid3846
84.06777952612791  2.947802733072392 89.9633849922727 pid38d1
84.13572296240275  4.769247152573623 93.67421726755 pid37d7
85.7240889358431  3.734985819895871 93.19406057563484 pid3865
86.44105295720307  4.6267613394890335 95.69457563618114 pid3908
86.5028913042383  2.2791796982720576 91.06125070078242 pid387a
86.59430466860863  2.71625828320848 92.0268212350256 pid3859
86.63073321499903  4.9067167470950235 96.44416670918908 pid3874
86.76488194469705  2.3822058241680386 91.52929359303313 pid37a0
87.48645922014437  3.027670675355825 93.54180057085603 pid3847
89.20973450352278  3.7748065758341824 96.75934765519115 pid3801
89.49319671700792  4.572387542876077 98.63797180276008 pid37ea
90.30512127101593  2.489777888947602 95.28467704891113 pid3850
90.35089332829949  2.8739007187125187 96.09869476572453 pid38e0
90.35403526249056  3.7442322232144987 97.84249970891955 pid3784
90.3824135422251  4.992483612032304 100.3673807662897 pid384f
90.43007806707472  2.9310828943062024 96.29224385568712 pid37ba
90.60516133429901  2.8318001567902407 96.2687616478795 pid37c9
91.0706214734641  2.1859670114287537 95.4425554963216 pid3803
91.8837191170518  2.051281244831606 95.98628160671501 pid3869
92.23818412490895  4.542730607536471 101.3236453399819 pid37ab
92.55214088614005  3.3144205235516577 99.18098193324337 pid386e
92.74970113518908  3.5466209022228132 99.84294293963471 pid37aa
93.06519902891063  4.199279044124804 101.46375711716024 pid3931
94.95807876351125  1.285737022926619 97.52955280936449 pid380e
94.95897089539349  2.0379634151990813 99.03489772579165 pid3792
94.9681794932241  3.1181665317396074 101.20451255670332 pid390f
95.43392545528295  4.747247432784675 104.9284203208523 pid384b
95.66695339768692  3.0215267765394 101.71000695076573 pid3932
95.66782519203352  3.4778658178422104 102.62355682771793 pid37f6
96.15787149170741  4.12498428365504 104.40784005901749 pid38df
96.71151881472686  1.6014513885755997 99.91442159187805 pid380a
97.09517593340948  3.1364495109340145 103.3680749552775 pid390a
97.42558679368169  2.407758805740667 102.24110440516303 pid38bc
98.11054289120682  1.8399006024070128 101.79034409602085 pid38a9
99.26471561379518  4.8896544815819825 109.04402457695915 pid37d4
99.46394653584157  1.1787093413590575 101.82136521855969 pid38fa
99.61201706926737  2.4520137321923383 104.51604453365205 pid3899
99.65398228539229  1.631537720140241 102.91705772567278 pid37f0
99.99134968358537  4.662203035074032 109.31575575373344 pid37c8
100.21920240248603  2.9452487156233196 106.10969983373268 pid38b2
100.86536471594226  1.257305263298523 103.3799752425393 pid37f2
101.1484481273271  1.0147362126700492 103.1779205526672 pid381b
101.22874475079838  1.6109914988860123 104.45072774857042 pid38a7
101.4806143283453  2.344735371333563 106.17008507101242 pid38ec
101.51314926658301  4.821338578800088 111.15582642418319 pid38c4
101.69804126702991  1.4456124816727542 104.58926623037542 pid3794
101.97491780343503  3.9357173709630326 109.8463525453611 pid3887
102.71467039976748  1.38208214831886 105.4788346964052 pid3804
102.93942152904594  2.2855514230746814 107.5105243751953 pid37eb
103.14974736142635  3.32292344108956 109.79559424360546 pid38a6
103.49728949674041  2.2736218663044876 108.04453322934938 pid38fb
103.5930472030458  4.147883348116229 111.88881389927826 pid383a
104.08644919520442  4.018045053971858 112.12253930314814 pid385e
104.25260722466903  1.4557108908363903 107.16402900634182 pid3854
104.3220927700716  3.7738966562282017 111.86988608252801 pid3905
104.47609798403172  3.1131627356034794 110.70242345523869 pid377e
104.57676768675996  4.602996800732487 113.78276128822493 pid377d
104.70083905321101  3.2501769897220663 111.20119303265514 pid381c
105.2575604168105  1.7628040047490572 108.78316842630862 pid391b
105.30604021837067  4.7214406654012 114.74892154917308 pid38e5
106.1775968701828  3.2074552088337236 112.59250728785024 pid37ae
106.40920929550047  3.7291572985530874 113.86752389260666 pid378d
106.9642556862635  3.9211863562668356 114.80662839879717 pid3935
107.23610762282452  1.980918700304327 111.19794502343318 pid3878
107.61117656440278  1.113840378248871 109.83885732090053 pid38cd
107.7305022638734  1.3088331951734071 110.34816865422022 pid3809
108.23836410472138  1.719948564790227 111.67826123430184 pid3797
108.68812410592722  3.928557358757215 116.54523882344165 pid390d
108.7456213366154  2.995064196548745 114.7357497297129 pid37cc
109.1984271972696  3.3122742857990612 115.82297576886772 pid3897
109.699380166122  4.374530870039795 118.4484419062016 pid389c
110.2438626887444  4.144668584814101 118.5331998583726 pid37e5
111.20949931928078  2.6116410461123913 116.43278141150556 pid38bd
111.3956022321322  4.254778813129601 119.90515985839141 pid3837
111.57852318768337  1.4290752469955246 114.43667368167442 pid38be
111.71458805110706  4.818991443601225 121.35257093830951 pid3834
112.51309501855806  4.298637151678777 121.11036932191561 pid3811
112.55677250889548  2.925797580395563 118.4083676696866 pid3782
113.22569402671992  4.5834233828453215 122.39254079241056 pid38f8
113.65226043105012  3.7181940872706374 121.0886486055914 pid37e4
113.81425117700425  1.4271617617674832 116.66857470053922 pid389d
113.86505220002948  2.9438139356625745 119.75268007135463 pid3926
114.5524608175359  2.8574597932451193 120.26738040402614 pid389f
114.57268959993655  1.7446376966082981 118.06196499315315 pid37bc
115.26272231006922  2.0780024892288314 119.41872728852688 pid38a8
115.27901912595404  4.150940257786801 123.58089964152764 pid3836
115.45518362111926  3.5136098199701613 122.48240326105959 pid3795
115.47724525057149  1.2342400223727896 117.94572529531706 pid387e
115.60731930427083  1.1388083437290355 117.8849359917289 pid390c
115.83238171644786  4.117779212381873 124.06794014121161 pid3912
116.90209426606955  3.0912957430739385 123.08468575221742 pid3885
117.39695471373865  1.341737161985996 120.08042903771064 pid3798
118.08993592351156  2.8109308842758782 123.71179769206331 pid3835
118.56633757203895  4.329701256493253 127.22574008502545 pid38f0
118.96628708219019  2.173360714952612 123.31300851209542 pid3861
119.14573129153078  3.2823606852072844 125.71045266194535 pid3923
119.1689591930259  1.8829111120462332 122.93478141711836 pid3857
119.45246083935471  3.323341657301923 126.09914415395856 pid3842
119.51303936264273  2.352635973260261 124.21831130916325 pid383c
119.78092382410176  1.4856445495840038 122.75221292326977 pid380f
120.87623554222684  1.661985443715034 124.2002064296569 pid383e
121.42463155429297  1.792378042512814 125.0093876393186 pid385d
121.56963400951281  3.360009918578804 128.28965384667043 pid37a7
121.6176816733078  2.9326745575347033 127.4830307883772 pid38f9
121.9115736085831  3.820066609686806 129.5517068279567 pid392f
122.84571512403572  4.186768348715158 131.21925182146603 pid388a
123.11318176000474  3.5876568672037545 130.28849549441225 pid392c
123.50281046665702  4.307689290330885 132.1181890473188 pid3893
124.31162032411683  3.550229435682288 131.4120791954814 pid3886
125.46794315478166  2.954967568572932 131.37787829192752 pid38b5
125.5119874297417  4.481369261233306 134.4747259522083 pid37e8
125.82084529422161  1.9714242225687784 129.76369373935916 pid3852
126.18986908430108  2.1470224229432873 130.48391393018767 pid37a8
126.37448809368014  4.342292730669041 135.05907355501822 pid3807
126.97529787814298  3.440806629845546 133.85691113783406 pid37b2
127.43017037709642  4.9455712430547845 137.32131286320597 pid3888
127.99236186659124  2.428600597754317 132.84956306209986 pid38e9
127.99549760432926  4.9744142901972115 137.94432618472368 pid38c2
128.40463972881375  2.871424380112402 134.14748848903855 pid37c2
128.4500930925463  2.0791555639741506 132.6084042204946 pid37d6
128.50562734060392  4.443823716296596 137.3932747731971 pid3818
128.99262154191828  4.680581272864464 138.3537840876472 pid3841
129.9992917762576  4.125644594839473 138.25058096593654 pid386c
130.3410818758511  2.064509267268448 134.470100410388 pid37f7
131.07392495728527  4.236080197406291 139.54608535209786 pid379f
131.42523179744023  2.6803114503371632 136.78585469811455 pid3828
131.89595403881833  4.530214665216594 140.9563833692515 pid3909
131.93417042357152  1.5038200287742405 134.94181048112 pid38e1
131.9885384147106  2.3118529954522673 136.61224440561514 pid37cb
132.13163721716913  4.464465748794272 141.06056871475766 pid37b6
133.4340215734252  1.2115526519977609 135.85712687742074 pid3927
133.47379100007873  1.1650784996150052 135.80394799930875 pid382f
134.04013886143207  1.2276949881811103 136.4955288377943 pid37ef
134.088970741965  2.9431086236638686 139.97518798929275 pid38c1
134.10512314326107  3.8152759428352754 141.7356750289316 pid3911
134.7878465855627  4.418582446660347 143.6250114788834 pid37cd
135.62611052583532  2.5884523514865116 140.80301522880833 pid37d9
135.65284678891652  2.2027015394823377 140.0582498678812 pid38a4
136.33197171108716  4.3744118836140125 145.0807954783152 pid3877
137.68107059309182  1.3609077099273512 140.4028860129465 pid3813
137.84347251457055  3.208026882937002 144.25952628044456 pid37e6
138.1746213679454  2.338660609691043 142.8519425873275 pid37c5
138.47932374288806  2.1239425723961722 142.7272088876804 pid3879
138.69623251419173  3.486121083150069 145.66847468049187 pid387b
138.92135210605716  2.1620618859374243 143.245475877932 pid3780
139.52758893129712  2.545128444513589 144.6178458203243 pid3934
140.37365951492407  4.473000064309568 149.31965964354322 pid3844
141.68907337697075  3.704425755497344 149.09792488796543 pid3838
142.465569418615  1.4022448919450876 145.27005920250517 pid37dd
142.6731710012742  3.3607507596994592 149.3946725206731 pid3907
142.84066598061267  2.3756218205621766 147.59190962173702 pid3862
143.11460118039753  4.039591706472477 151.19378459334249 pid3860
144.07322669317622  2.1979685254883754 148.46916374415298 pid383d
144.67322652274433  3.700822858094325 152.07487223893298 pid379e
144.88245797292785  1.5078493368756876 147.89815664667924 pid37f4
144.89251771901485  4.672826912347768 154.2381715437104 pid381d
145.05507777045008  1.497895118970337 148.05086800839075 pid38cc
145.45551347928577  3.1387019921977304 151.73291746368122 pid38f2
146.1143115106567  3.0304575458094396 152.1752266022756 pid3872
146.15988344953905  3.0477198001015595 152.25532304974217 pid378f
146.39120050315543  4.6345619592487335 155.6603244216529 pid38a0
146.61191430486184  3.5694927334748843 153.75089977181162 pid383b
147.25779224709797  3.0773942324949966 153.41258071208796 pid37e9
147.2928276667326  3.631238563162217 154.55530479305702 pid3826
147.33656968615588  4.576434026208226 156.48943773857235 pid385a
148.08121015374337  4.050619503120771 156.1824491599849 pid378c
148.2523760889448  1.2856448478391238 150.82366578462305 pid3822
148.51408326975624  2.758704732655103 154.03149273506645 pid3922
149.12350057888867  3.645366161917288 156.41423290272326 pid37b9
149.9490601430596  1.2496912834088167 152.44844270987724 pid3880
150.35161201499537  4.102126621330056 158.55586525765548 pid37c6
150.72594393465405  3.8255932645985053 158.37713046385107 pid387d
151.2078573519153  2.4677133352724128 156.1432840224601 pid3843
151.32374309896662  2.773765054661544 156.8712732082897 pid388f
152.2346755389133  4.950143637750145 162.1349628144136 pid3785
152.70361728921455  3.2342669265135253 159.1721511422416 pid3814
152.73949753702192  4.403598029766746 161.5466935965554 pid38dd
152.96388635083548  1.1556825028135798 155.27525135646263 pid3786
153.1966229721203  1.2439620614642708 155.68454709504886 pid37c1
153.63930953656117  4.764582396632379 163.16847432982593 pid38d9
154.5735318825753  4.0127989421093915 162.59912976679408 pid37d2
154.88614890656945  4.190640378583787 163.267429663737 pid3856
155.14554864087944  1.5267055312910438 158.19895970346153 pid379a
155.43324756143323  3.839851422234587 163.1129504059024 pid3933
155.76900093949422  3.4995861922605997 162.7681733240154 pid378e
156.70499328015356  1.5803752794831518 159.86574383911986 pid37fa
156.85661379232107  3.127015395815718 163.1106445839525 pid3778
157.11467003533022  4.863202244369704 166.84107452406963 pid37b1
157.45087337596937  1.2538814302186214 159.95863623640662 pid38f5
157.7706711760747  1.3329959723522666 160.43666312077923 pid3906
158.02166266458363  2.1830604790078527 162.38778362259933 pid37df
159.58982437083642  2.94820129725308 165.48622696534258 pid37b4
159.66189809561013  2.9118249991085383 165.4855480938272 pid3937
160.05931513884005  4.7146098778880665 169.48853489461618 pid37c0
160.22162236739163  2.6211041438330724 165.4638306550578 pid37b7
160.57192387883217  4.160625688301843 168.89317525543586 pid37e7
160.94861548054985  1.3554186957316277 163.6594528720131 pid3891
162.7157543600171  2.261264530195537 167.23828342040815 pid3851
162.752175123863  2.363192064002742 167.4785592518685 pid38b9
163.14285647229664  1.5671686211180256 166.2771937145327 pid3796
163.83505605207148  3.509840326714011 170.8547367054995 pid37fb
163.8739331091833  1.041692077698901 165.9573172645811 pid38ae
164.09739437392633  4.763393401664216 173.62418117725477 pid388b
164.95951818463203  1.0005553720176659 166.96062892866738 pid38f4
164.9928286250079  3.4095477656010007 171.8119241562099 pid3787
165.13953893164614  1.157509531094468 167.45455799383507 pid390e
165.27224389634245  1.213342786364895 167.69892946907223 pid384a
165.4972393913783  2.1168264849548164 169.7308923612879 pid37a5
166.09211794689486  4.551758603247674 175.1956351533902 pid3866
166.10967086806033  3.4700796581015996 173.04983018426353 pid3890
167.40723372345153  3.9719136242243906 175.3510609719003 pid37af
167.47089851498703  4.670723306791356 176.81234512856975 pid385c
167.49641524484255  3.4052625086237014 174.30694026208997 pid388e
167.5361293988499  3.4824251167414695 174.50097963233284 pid37fd
167.58517831261534  1.742059341531875 171.06929699567908 pid37e1
167.78086477878105  2.2114287268450026 172.20372223247105 pid38bf
167.99884190028317  4.271846845546551 176.54253559137626 pid3939
168.1357546362  4.93412265282279 178.0039999418456 pid3793
168.84482965271914  1.6796464673956129 172.20412258751037 pid38d8
168.93426642411944  1.5897090296445193 172.1136844834085 pid391c
169.61514039115931  1.8643766517699825 173.3438936946993 pid384c
170.14191144552547  2.0067077649935525 174.15532697551257 pid3936
170.21724225545427  3.146943292120041 176.51112883969435 pid388d
170.73155057563372  1.0752915402886551 172.88213365621104 pid380b
170.86979534636222  1.5031649615434337 173.8761252694491 pid37ec
171.53210256775935  4.4258812887335335 180.38386514522642 pid386b
172.02318677769256  4.508439975900242 181.04006672949305 pid3868
172.5307228265146  3.7373492186093147 180.0054212637332 pid3783
173.40516336389936  3.6197529897929446 180.64466934348525 pid389b
173.55012831733404  3.8986677196165243 181.3474637565671 pid38ef
174.02229579483514  3.348883838600259 180.72006347203566 pid381e
174.10044749248507  2.3029608584325074 178.7063692093501 pid3920
174.1809167335412  3.332226147275498 180.8453690280922 pid38af
174.41479353642677  1.6436423492389514 177.70207823490466 pid3915
174.65289750701083  3.3519317937456186 181.35676109450208 pid3791
174.89137136850357  4.05754540653758 183.00646218157874 pid38f7
175.38671304793797  4.789226458359439 184.96516596465685 pid37fc
175.59674912456882  4.440691792177836 184.47813270892448 pid3815
176.95252512512326  4.988345454336891 186.92921603379705 pid3901
176.98519831249325  4.9960522495698 186.97730281163285 pid38c5
177.08105832253625  2.787873862697557 182.65680604793135 pid37b5
177.14236490260325  3.204722155761197 183.55180921412565 pid38e4
177.1624837973681  3.638271072392493 184.4390259421531 pid37d8
177.38346667749124  2.9441448606186884 183.27175639872863 pid38b6
177.68071072680135  3.178028926964092 184.03676858072953 pid377f
178.18540284190362  2.587460151633135 183.3603231451699 pid382e
178.8255382041624  4.549362248828206 187.9242627018188 pid392a
179.70069679492008  3.6813305281391004 187.06335785119828 pid37d5
179.79843964229988  4.433355168737554 188.66514997977498 pid3806
