2.7315793749976667  1.8894180156829874 82.73157937499766 pid6b6
3.0030694939093996  1.1368891568315929 83.0030694939094 pid6b3
5.446283861829748  0.6580077308215111 85.44628386182976 pid6c0
6.169131763059177  1.2440078179576477 86.16913176305917 pid6cb
6.240413629566327  1.0814500570795473 86.24041362956633 pid6a5
10.135611998176037  1.2230955125885017 90.13561199817603 pid6ba
13.798096709149155  1.4852808775774178 93.79809670914915 pid6a8
14.08647997404826  1.0991673973133267 94.08647997404826 pid6d1
15.052194373978583  0.935536644680975 95.05219437397858 pid6d3
16.931430238770485  1.0270278689406254 96.93143023877049 pid6bf
19.250357831346047  1.040830323941972 99.25035783134605 pid6b8
19.899628828528897  0.7601387785387534 99.8996288285289 pid6c5
22.031078341009692  0.8010940406174312 102.03107834100969 pid6c7
24.31600776058059  1.4234955258315511 104.31600776058059 pid6a7
26.316970841668347  0.8640361795259587 106.31697084166835 pid6b1
30.443429375669385  1.675859120897718 110.44342937566938 pid6b0
34.46586439436683  1.9425433789875766 114.46586439436683 pid6cf
36.66566158256504  1.647959236329897 116.66566158256504 pid6c6
36.89866178961931  1.3787996148016197 116.89866178961931 pid6ac
39.490564367862625  1.6290955226816042 119.49056436786262 pid6cd
53.42927886967624  0.6531183966056453 133.42927886967624 pid6be
64.37371563414251  0.7944731319580016 144.3737156341425 pid6c1
70.54778180676385  1.6413273086359628 150.54778180676385 pid6ae
72.09785194352337  0.8491446032730509 152.09785194352338 pid6c9
81.84710629620365  1.882643872961917 161.84710629620366 pid6a9
83.29720150110633  1.6976740171015772 163.29720150110631 pid6d4
85.36346167996855  1.469855914734516 165.36346167996857 pid6ce
86.21936109918342  1.1150968840592586 166.2193610991834 pid6c2
88.23214556958953  1.4130320097843634 168.23214556958953 pid6b9
89.44649290517135  1.850678883217954 169.44649290517134 pid6c3
95.3926936679595  1.908335931287976 175.39269366795952 pid6b5
96.6939261853217  1.4188593994581165 176.6939261853217 pid6ca
97.34954039361214  1.0732259561959885 177.34954039361213 pid6aa
99.47533468606896  1.9265963290287869 179.47533468606895 pid6d2
101.92510336636926  1.194941725658253 181.92510336636926 pid6d5
103.20927662189533  1.3905537087999935 183.20927662189533 pid6c8
103.43422570474144  1.3929579491700241 183.43422570474144 pid6ab
103.7527673492258  1.895229021104852 183.7527673492258 pid6c4
104.36806888458617  1.7447012142624976 184.36806888458617 pid6b7
111.51917944673956  0.6514231428361277 191.51917944673954 pid6b2
117.09209790981105  1.0346667065369086 197.09209790981106 pid6af
119.48573510793865  1.202927149339445 199.48573510793864 pid6a6
124.21523125058386  0.8141291738101268 204.21523125058386 pid6bb
128.00175483578843  1.5795306141646315 208.00175483578843 pid6d0
129.8841235434806  0.718434153715787 209.8841235434806 pid6cc
130.98243203529378  0.7556365158585114 210.98243203529378 pid6a4
132.22960849340106  1.8245543684327414 212.22960849340106 pid6bd
141.1438791267987  1.997408639427337 221.1438791267987 pid6b4
146.99855662165868  1.1355403021747907 226.99855662165868 pid6ad
147.36920937803194  0.5564306725454733 227.36920937803194 pid6bc
