0.6130149829926856  4.794923677584553 10.202862338161792 pid2d95
0.691221312878394  3.647419779949515 7.986060872777424 pid2dfd
1.1355306067832327  3.8179050629127453 8.771340732608724 pid2e3b
1.1826974190103723  1.120876790953651 3.4244510009176743 pid2dd3
1.6586861769049466  2.2562149792160917 6.1711161353371295 pid2d99
2.4308005263706045  1.3998016752340154 5.230403876838635 pid2db0
2.4320708891237164  4.619612989077703 11.671296867279123 pid2d47
2.821894433308174  4.643669943626107 12.109234320560388 pid2da7
3.0879585843019153  4.045879152999241 11.179716890300398 pid2ea5
3.273249607589497  2.8328308930054096 8.938911393600316 pid2e77
3.400129650238477  2.173919685141406 7.747969020521289 pid2e8f
3.7437830858201493  4.301357155942794 12.346497397705738 pid2de3
3.7480199351724464  4.573777661976122 12.89557525912469 pid2d6e
4.19318482089362  3.0794278641589483 10.352040549211516 pid2d15
4.496962021938769  1.1902684981075695 6.877499018153908 pid2db9
5.68638550559037  3.6976469218255485 13.081679349241467 pid2d56
5.712195516579697  2.8311281079995863 11.37445173257887 pid2e25
5.84158110090641  4.58310856401361 15.00779822893363 pid2e48
6.065579124351759  4.525294310936083 15.116167746223924 pid2e2d
6.143568066088845  1.7961767633560655 9.735921592800976 pid2e86
6.645053487064425  3.8337786331397536 14.312610753343932 pid2d23
6.766394378809251  1.3664554569282252 9.499305292665701 pid2e23
6.827631350620784  2.12515444001794 11.077940230656665 pid2d9f
6.906507512295268  2.0065362981515946 10.919580108598456 pid2dbb
7.400658807787162  4.513433211738876 16.427525231264916 pid2d53
7.700360333313032  4.202178574029694 16.10471748137242 pid2d7b
7.790043548708234  4.685712649342143 17.16146884739252 pid2d4e
8.001197322553635  4.3237789914596805 16.648755305472996 pid2da6
8.649355684441986  4.247656052839233 17.14466779012045 pid2d1f
8.789353494421619  4.291743926353966 17.37284134712955 pid2e84
11.108549777266362  2.8479840012861635 16.80451777983869 pid2e50
11.697502196103194  4.015462669542361 19.72842753518792 pid2e52
11.85965401568742  2.7369834144879346 17.33362084466329 pid2dd2
12.217340406593372  1.299860703589724 14.81706181377282 pid2e87
12.613947592399263  3.964721322831842 20.543390238062948 pid2e1d
12.902339025665032  1.9187697572789952 16.739878540223025 pid2d72
13.086369884365375  3.7583261222523983 20.603022128870172 pid2e95
13.37127608207167  4.012245747926606 21.395767577924882 pid2e1f
13.558854879385054  3.9490007489858927 21.45685637735684 pid2de2
14.102131833688784  4.907517098517554 23.91716603072389 pid2e3c
14.301454466148497  4.847664370693475 23.996783207535447 pid2e24
14.363834256303969  2.8042305268846626 19.972295310073292 pid2de0
14.949633687035718  2.6431684903746526 20.235970667785022 pid2d82
15.34493145334044  4.311482437433186 23.967896328206812 pid2e9c
16.05353351235175  1.699181179802285 19.451895871956317 pid2e4a
16.629073123224284  1.2976400973289883 19.22435331788226 pid2d22
16.796379299407825  2.1094366816904313 21.015252662788686 pid2d19
17.538753140859264  4.9136532889132045 27.366059718685673 pid2ea8
17.595124767419097  3.086730540422383 23.768585848263864 pid2dce
17.655395339331186  1.0822952988900765 19.81998593711134 pid2e02
18.314862298741264  4.240485266372184 26.795832831485633 pid2dbc
19.32469489653935  1.8487379424834827 23.022170781506315 pid2d07
19.36413786964232  4.572430645361436 28.508999160365192 pid2e80
19.566235377922435  3.868252002696684 27.302739383315803 pid2e56
20.900466898033105  3.915348506104019 28.731163910241143 pid2eab
21.052704921839346  2.062649710422557 25.17800434268446 pid2d17
21.222774873965115  3.213043070513574 27.648861014992264 pid2e63
21.227447423033155  3.175697231411741 27.578841885856637 pid2d62
21.600257275099683  3.1258842919810585 27.8520258590618 pid2ead
21.910217245213012  1.0946338760634484 24.099484997339907 pid2cf1
22.512958125988625  3.5455792512410715 29.60411662847077 pid2d13
23.133907535091286  1.780748870909345 26.695405276909977 pid2ea4
23.148542283850553  4.715284077879817 32.57911043961019 pid2dbd
23.67096245272021  4.57900360260299 32.828969657926194 pid2e7a
24.09357148643512  4.737635336599148 33.56884215963342 pid2df0
24.61798135430502  4.4871982603074105 33.59237787491984 pid2e1e
24.648994369464713  4.307681707840594 33.264357785145904 pid2e61
24.731721025436624  4.8940821621193304 34.519885349675285 pid2dfe
25.3050535923614  3.4214045945676337 32.14786278149667 pid2e64
26.346689901897985  4.151345313201315 34.64938052830061 pid2cf7
26.50305585732619  3.8271515838294823 34.157359024985155 pid2dc1
26.60948566072973  3.405131344012881 33.41974834875549 pid2d76
26.89761307092995  4.590773564285433 36.07916019950082 pid2d79
27.496185735874896  2.825254318653689 33.14669437318227 pid2e94
27.50026652159046  2.473291020782454 32.44684856315537 pid2df6
28.280258797276606  3.9983494114887157 36.27695762025404 pid2dc6
28.339664897642088  2.9514941538668746 34.24265320537584 pid2e85
28.79912076400104  3.345919895010689 35.490960554022415 pid2d74
29.66233022271363  4.969971844012215 39.60227391073806 pid2d7d
29.937302381951337  4.275084831092821 38.48747204413698 pid2cf0
29.958471197798936  4.25096546128861 38.46040212037616 pid2e5e
31.42961222944876  4.571350104740796 40.57231243893035 pid2e9a
31.65178026802299  2.4648198032660176 36.581419874555024 pid2e13
32.254584767170215  3.9491622442314034 40.15290925563302 pid2e2a
33.17476403731594  4.504727077502341 42.18421819232062 pid2d5f
34.624679738859946  4.70319652186499 44.03107278258992 pid2e21
35.02317424433659  4.815124134925511 44.65342251418761 pid2cf4
35.080001916539025  1.4242476643944233 37.928497245327875 pid2e35
35.130672206286604  4.584161494011468 44.29899519430954 pid2e3f
36.45401249660106  2.0806582399921605 40.61532897658538 pid2d32
36.745508653163064  2.779656690178533 42.30482203352013 pid2d6b
37.9554350935495  1.6728251224598 41.30108533846909 pid2e4c
38.50895319686863  4.431618745253757 47.37219068737615 pid2d94
38.984868421575484  3.4966520689249774 45.97817255942544 pid2d8a
39.48691365423514  1.952068010141884 43.391049674518904 pid2e26
39.505515467109426  4.798990121471425 49.10349571005227 pid2d9c
39.7987328541975  4.808440367970873 49.41561359013925 pid2e44
40.25366702058714  2.837795872510843 45.92925876560882 pid2e46
40.61079450000277  4.295901409071627 49.20259731814602 pid2e49
42.23248406238795  4.656995052340639 51.54647416706922 pid2cfe
42.448901538221165  1.3185191712640578 45.08593988074928 pid2dd7
42.82472574543366  4.292172248340976 51.40907024211561 pid2e68
43.2207043163424  3.822310350253011 50.86532501684842 pid2d84
43.711036518524395  3.206639158441416 50.124314835407226 pid2dea
44.149468624650744  4.191035614300077 52.5315398532509 pid2dbf
44.548344135605205  2.1582062206404413 48.86475657688609 pid2d75
45.723387977824984  4.496525686630678 54.716439351086336 pid2d1a
45.83696384865343  2.094101381288852 50.025166611231136 pid2e28
46.17869515067488  2.559902484578762 51.29850011983241 pid2dc2
46.7174115864284  2.9144126817185105 52.54623694986542 pid2cee
47.46280996802371  1.3508400071719255 50.16448998236756 pid2d9b
47.56268993167417  3.1929307101047346 53.94855135188364 pid2dc3
47.7781290645232  3.8629315371681083 55.50399213885942 pid2e22
47.946387552588  4.3627087776928075 56.67180510797361 pid2e98
48.852710106088566  2.0041151382521925 52.86094038259295 pid2d83
49.28810387301281  1.9781778599205881 53.244459592853985 pid2dcd
49.6049344461774  4.662940480831519 58.93081540784044 pid2e8e
49.73162800432262  1.5795369207531595 52.89070184582894 pid2d44
49.88184935922207  4.3588912818270025 58.59963192287608 pid2db7
50.35827542732935  2.809513910193014 55.97730324771538 pid2d4f
50.429614987647305  3.396625748663797 57.2228664849749 pid2df5
50.60030375290105  2.577803835204345 55.75591142330974 pid2cff
50.67165715451928  1.7627086777476677 54.197074510014616 pid2d41
51.43515529936308  1.2941795056432657 54.02351431064962 pid2dd9
51.87778521886338  3.087130058416921 58.05204533569722 pid2e10
52.48914695923652  3.9544505214735857 60.39804800218369 pid2e18
52.76685216744379  1.0669675252750044 54.900787217993795 pid2e66
52.938823519493084  2.5630799012993575 58.0649833220918 pid2e16
53.09119516932441  4.354048168024867 61.79929150537414 pid2da3
53.14984786717899  4.1134432716094915 61.37673441039797 pid2de8
53.83365159640525  4.757809217216666 63.34927003083858 pid2dec
54.4681913930828  4.3672811998168495 63.20275379271649 pid2ddb
54.611318949810276  3.779148526480563 62.1696160027714 pid2de6
56.00330908394382  1.983089220129115 59.96948752420205 pid2df7
56.789839757494576  1.5576680458489527 59.90517584919248 pid2d39
56.82632788186789  2.6575346535333413 62.141397188934576 pid2d64
56.97744162272879  2.0399763703881915 61.057394363505175 pid2ea3
58.11348611967537  4.976609928757966 68.0667059771913 pid2d29
58.6371503473027  3.2524816629740814 65.14211367325086 pid2d91
59.70073585107775  3.2298817405069933 66.16049933209175 pid2dba
59.99039237385009  4.886326440843575 69.76304525553724 pid2da4
60.04137948706387  1.8317145624610158 63.704808611985904 pid2e4f
60.5777259894772  1.4190665209886104 63.415859031454424 pid2d2b
60.62536849696661  4.070483194478945 68.7663348859245 pid2dcc
62.65008940525654  1.996970237230617 66.64402987971778 pid2cf8
63.136405568556185  2.0380100203696734 67.21242560929554 pid2d69
63.34213411588052  4.756377585972183 72.85488928782489 pid2d37
63.42102316836944  3.5235948033859175 70.46821277514127 pid2e96
63.61193508592663  2.5331693567979636 68.67827379952256 pid2d50
63.74552445625292  4.992181570917333 73.72988759808759 pid2de9
64.23735872773912  1.2042975605075346 66.64595384875419 pid2d87
64.59945619222967  4.0186328760239824 72.63672194427764 pid2d77
65.14546763076231  3.0788670398420415 71.30320171044639 pid2eaa
66.1650738319667  2.601224877037296 71.36752358604129 pid2d1b
66.39855555847086  3.525904781234271 73.45036512093941 pid2d54
66.54568016929748  2.3959845101711044 71.33764918963969 pid2d63
67.02289925729943  4.291570139763443 75.60603953682632 pid2d6f
67.10072574470335  1.838578519265487 70.77788278323433 pid2df9
67.34139319807815  2.57576163824557 72.49291647456928 pid2dae
67.78752607266838  3.397927861708702 74.58338179608579 pid2e5b
68.1111358418061  2.1923456318142014 72.4958271054345 pid2e42
68.53626727472162  2.339392999386747 73.21505327349512 pid2e38
68.74935161892449  3.543148757840355 75.8356491346052 pid2dc4
68.98518072492452  2.114130553944983 73.21344183281448 pid2ea7
69.00687087930882  3.3506794740353874 75.7082298273796 pid2d12
69.27324076475738  4.060646483912313 77.394533732582 pid2d70
70.32594630588699  3.051860096224531 76.42966649833605 pid2d3d
71.43562814891568  1.4294058601470963 74.29443986920988 pid2e31
71.74073657626404  3.9002406051828324 79.5412177866297 pid2e76
72.01218653034044  4.370742691201002 80.75367191274245 pid2d3f
72.5962458276512  2.440150596772671 77.47654702119654 pid2d7a
73.02048480521063  2.0478768193951415 77.11623844400091 pid2d67
73.66567572845473  4.242538196746638 82.150752121948 pid2d20
73.67744812182983  1.5602345130265372 76.7979171478829 pid2d89
74.8340630772019  2.160215292298453 79.15449366179881 pid2d96
75.34021508119142  2.126883675903928 79.59398243299927 pid2cf6
76.43468513968831  2.3051107073072643 81.04490655430284 pid2e34
76.89146033081062  4.094860985686916 85.08118230218444 pid2dc7
78.03320872573003  2.8329254403338515 83.69905960639774 pid2d3c
78.42543393712413  4.855497763324479 88.13642946377308 pid2d16
78.64132584585732  2.94313218300458 84.52759021186648 pid2d4c
78.93372617887125  3.946225393246288 86.82617696536383 pid2e32
79.38187485188472  1.246888787737105 81.87565242735893 pid2e99
79.56644948783664  1.1028613845498119 81.77217225693626 pid2d8b
81.02724466564143  4.353895318099569 89.73503530184057 pid2dff
81.53320545815377  2.3263176483251784 86.18584075480413 pid2d85
81.6570058522838  1.2146429825662692 84.08629181741634 pid2e9e
82.27487994466887  3.492446739410904 89.25977342349067 pid2de4
82.73803281819977  1.4308015908166194 85.59963599983301 pid2d2c
82.93516048271749  3.5454770471029136 90.02611457692332 pid2e5d
83.17605391714567  1.6932540314734106 86.56256198009248 pid2d38
83.49478889939577  4.639731199322281 92.77425129804033 pid2d6d
83.55495492748862  1.277420963121945 86.10979685373252 pid2dcf
83.99263589778008  2.9372776854412805 89.86719126866264 pid2d05
84.0065558236648  2.983593235744464 89.97374229515373 pid2d0a
84.39818847765893  1.5810272074492921 87.56024289255751 pid2e7b
84.83711947056996  4.632632255534994 94.10238398163995 pid2df1
85.00415139464475  2.4132449139018277 89.8306412224484 pid2d40
85.03243971879596  4.815221417061524 94.662882552919 pid2cef
85.33829577472675  4.260990358365941 93.86027649145862 pid2d1e
85.44123477959566  4.019891671713593 93.48101812302285 pid2d3b
85.66494320000334  1.0928584369359666 87.85066007387528 pid2ea1
86.07603857608704  4.73108024386508 95.5381990638172 pid2d81
86.38580357050543  4.348295570374457 95.08239471125435 pid2e58
87.38282713970139  3.8307524986739128 95.04433213704921 pid2db1
87.66157796620502  3.343666199384919 94.34891036497486 pid2d93
87.70879586494952  3.2204304250809805 94.14965671511149 pid2e6f
88.1323538640703  4.596742599028201 97.3258390621267 pid2e7e
88.25020885303996  2.5619647161218384 93.37413828528364 pid2d02
88.53528348409031  3.0686478344131753 94.67257915291667 pid2e8b
88.60728935755108  1.8420550695154403 92.29139949658196 pid2df3
88.68634096110216  4.339102919788264 97.36454680067868 pid2e4b
89.01106765098102  3.229012812762092 95.4690932765052 pid2e60
89.55252616074645  2.7992887771058874 95.15110371495823 pid2e45
89.59623675476976  4.1929601280423405 97.98215701085445 pid2ded
89.8975245736385  2.9282855825966387 95.75409573883178 pid2e39
90.41860996818563  1.6909565787986103 93.80052312578286 pid2d43
91.12659557075034  4.092313455919945 99.31122248259022 pid2e75
91.27155466283644  1.6884681094171996 94.64849088167084 pid2e05
91.3464535609886  1.4323699022914376 94.21119336557149 pid2e2c
92.0949753294552  1.6000950905733635 95.29516551060192 pid2d7f
92.69860696070451  2.4276456174266414 97.55389819555779 pid2d03
92.7664139648179  3.052787941886139 98.87198984859018 pid2d34
93.06167859572604  3.4629563390293434 99.98759127378472 pid2e6b
93.07048003562223  2.981557110192609 99.03359425600745 pid2d0e
93.16065020732961  1.0423985118690218 95.24544723106766 pid2e97
94.15853911263082  3.7614821837106938 101.68150348005221 pid2cfd
94.46657749375632  2.387827364634963 99.24223222302625 pid2dc5
94.54015650695963  4.235938557618493 103.01203362219661 pid2d06
94.77762250063556  4.311536143392124 103.40069478741981 pid2e89
95.79636690165171  2.694902438365843 101.1861717783834 pid2d55
96.05764555277467  2.3614728002031025 100.78059115318088 pid2e92
96.43325911158912  2.727474063523597 101.88820723863631 pid2e8d
96.74542394627636  1.6649057582636022 100.07523546280356 pid2e12
97.18669765160219  2.1368831697029576 101.4604639910081 pid2d46
98.08038054852523  1.0895440447396303 100.25946863800449 pid2d04
98.84500853413435  1.9735024000564252 102.7920133342472 pid2e67
98.9436127316226  1.3423197562930627 101.62825224420872 pid2def
99.31377774785344  1.9083379178127244 103.13045358347888 pid2e1c
99.7022227421472  4.021570388075492 107.74536351829818 pid2e4d
100.49635792932571  2.1525954340699047 104.80154879746551 pid2dca
100.77430442577312  2.5319585772077406 105.8382215801886 pid2d24
100.78017065191175  2.1016879912516133 104.98354663441498 pid2d49
102.17074447058619  1.5370832321186554 105.2449109348235 pid2d59
102.2014135745351  3.3114345777179595 108.82428272997102 pid2e7d
102.3695326749842  2.2786433739017484 106.9268194227877 pid2d08
102.46943387129802  1.6318546447964417 105.7331431608909 pid2d5c
102.60174775763859  3.729830400130111 110.06140855789882 pid2e5c
102.84905964994022  1.4357881865389102 105.72063602301803 pid2e8c
103.22508540497422  1.3227512107898876 105.870587826554 pid2d42
103.96227404862212  3.595670838277609 111.15361572517733 pid2d88
104.03991721160138  2.4997264075428167 109.03937002668701 pid2df4
104.18636386504271  2.2373200762648304 108.66100401757237 pid2deb
104.3959626958663  4.732434080741768 113.86083085734984 pid2d30
105.37671040101029  2.818281804225569 111.01327400946143 pid2db5
105.75175467897344  2.7621279258258067 111.27601053062506 pid2e79
106.29150206316167  1.7186566635030887 109.72881539016785 pid2d68
106.30841207670808  4.142486292367201 114.59338466144249 pid2d5d
106.51585675533178  1.9985418043336405 110.51294036399906 pid2e57
106.52398307751822  1.251567062734325 109.02711720298687 pid2de1
106.73953199649247  1.5662919426965862 109.87211588188565 pid2e71
107.07820541904088  2.3776072654521663 111.83341994994521 pid2cfa
107.11500227983461  2.8223304161713325 112.75966311217728 pid2e41
107.33874449159117  3.9487126359575435 115.23616976350625 pid2e0b
107.53270155268127  3.7745235837619 115.08174872020507 pid2d78
107.70410040324627  3.505865514468262 114.7158314321828 pid2e72
107.78334331863084  1.7680653059937894 111.31947393061841 pid2db8
107.94427016773867  1.921422295964137 111.78711475966693 pid2e2f
108.06135144673217  4.1765523296538305 116.41445610603984 pid2e43
108.55736821690502  3.5304062335848068 115.61818068407463 pid2e53
108.96268026068233  1.7013872514079362 112.3654547634982 pid2d14
109.73826036567878  4.006556972281534 117.75137431024186 pid2d3e
110.41714885304191  1.255413540440483 112.92797593392288 pid2da0
111.07389153529529  4.426380604570603 119.9266527444365 pid2dfa
111.10313790681523  3.6940236060900133 118.49118511899526 pid2d4b
111.20104893136329  4.491856751583948 120.18476243453118 pid2da8
111.23494009400824  2.480033865906642 116.19500782582152 pid2d9e
112.198088615737  3.6172983136065358 119.43268524295007 pid2e09
112.20025053743987  3.161624574909255 118.52349968725838 pid2d51
113.50691751261033  4.9728370721987165 123.45259165700776 pid2dde
113.60360098700687  4.687682723192747 122.97896643339237 pid2e47
113.86429238523318  3.013883900853393 119.89206018693997 pid2dda
114.26559429226312  1.8447079404094624 117.95501017308204 pid2e82
114.31021679221254  4.88616994870104 124.08255668961462 pid2d10
114.32877946335293  3.4972839303913767 121.32334732413568 pid2e6e
114.48747320888216  3.6025104408106636 121.69249409050349 pid2ea9
114.74711768472116  3.236230724924856 121.21957913457088 pid2e65
115.21328417857598  3.781250765700074 122.77578570997612 pid2d26
115.35086916704249  3.5884805875410635 122.52783034212462 pid2e19
116.06678363186158  2.2698841134861536 120.6065518588339 pid2e5f
116.10413262535587  2.535123330974996 121.17437928730587 pid2d60
116.15550775882167  3.146454206065545 122.44841617095275 pid2dfc
116.21171793733804  2.3997871723981556 121.01129228213435 pid2d98
116.48609080380965  1.4137833912381867 119.31365758628601 pid2d27
116.58353020675335  2.638413394847061 121.86035699644748 pid2db6
116.84976749412614  2.909539495185928 122.66884648449799 pid2e30
116.91900948568438  2.668423660747927 122.25585680718024 pid2d86
117.48158280206859  2.7100331705956417 122.90164914325987 pid2e78
118.23064690711425  4.810637630684538 127.85192216848333 pid2eac
118.32737418050459  3.123422866145208 124.574219912795 pid2d6c
118.52201143513962  3.8680542136845957 126.2581198625088 pid2dcb
120.32542190259576  3.5510618396754516 127.42754558194667 pid2e00
120.3863218737358  1.2528399534924097 122.89200178072062 pid2db2
120.85457355937962  2.548822111814919 125.95221778300946 pid2df8
121.12971453960057  3.91279720107992 128.95530894176042 pid2e9d
121.21475835997073  1.6502586581551832 124.51527567628109 pid2e33
122.97187303004904  3.104707692262598 129.18128841457423 pid2e40
123.4322192636748  1.526572207648154 126.4853636789711 pid2daa
123.53587656605639  2.1170292293387982 127.76993502473398 pid2d33
124.19319191957618  4.2502998696611565 132.6937916588985 pid2e6a
124.44528555511303  3.0548825040213297 130.5550505631557 pid2e29
124.58109175239457  3.7144475805473145 132.0099869134892 pid2dd1
124.58544640926715  2.6308145153186855 129.84707543990453 pid2d28
124.60503665466705  3.5151187958165715 131.63527424630018 pid2d0c
124.93234910803412  1.9867782541353773 128.90590561630486 pid2e59
125.0518999868375  4.517106146083934 134.08611227900536 pid2e06
125.13259789859745  2.5649930959415284 130.26258409048052 pid2e04
125.48124627902543  4.81366330262029 135.108572884266 pid2d36
125.51637860462056  3.648768439232714 132.813915483086 pid2daf
125.65088405985608  1.5985623446445767 128.84800874914524 pid2e70
125.69485205831722  2.0922020563961765 129.87925617110957 pid2e36
125.95561055658527  1.1951951793787718 128.3460009153428 pid2d73
126.20887953190574  4.405230486805639 135.01934050551702 pid2dab
126.77608415550465  4.885458932025811 136.54700201955626 pid2d6a
126.87739281986843  1.9202671013368646 130.71792702254217 pid2dd5
126.91112066232958  3.618369112632849 134.14785888759528 pid2e03
127.49919699432502  1.8728276572311535 131.24485230878733 pid2e9f
127.81463160167259  1.7660191385260502 131.3466698787247 pid2dad
127.96541471725189  1.6709352432487101 131.3072852037493 pid2ced
128.27700424568627  1.7240470559493755 131.725098357585 pid2df2
128.3744094795356  4.527918206291793 137.43024589211916 pid2e6d
128.45154557515934  4.086983964375099 136.62551350390953 pid2ea2
128.99735521466047  1.5455454431137352 132.08844610088795 pid2d35
129.24955928142256  2.2718640165682844 133.79328731455914 pid2e15
129.67162475335934  1.437090155878015 132.54580506511536 pid2dd8
129.72839620634042  1.2582859651776923 132.2449681366958 pid2dfb
130.0843961175626  4.956797154137719 139.99799042583803 pid2e81
130.18414296893127  3.6766909810863093 137.5375249311039 pid2ddf
130.70031323957357  4.746313153970167 140.1929395475139 pid2d61
130.76843466699654  3.015475608423306 136.79938588384314 pid2e1a
131.05321055613038  3.510880545826127 138.07497164778263 pid2ddc
131.76118989846367  3.6695105387880305 139.10021097603973 pid2cfb
132.94079218233492  3.4999049936560525 139.94060216964704 pid2da9
132.97750936484948  4.298758450921013 141.5750262666915 pid2e83
132.99157112893064  3.0391563061884814 139.06988374130762 pid2e88
132.99311453535563  1.6490181930724384 136.2911509215005 pid2d57
133.33652061456337  1.3695124837810426 136.07554558212544 pid2d2d
133.49229279907073  2.055382753158665 137.60305830538806 pid2e74
133.85700072274324  1.4663185170142947 136.78963775677184 pid2d1c
135.04638459215622  4.396623618682726 143.83963182952166 pid2d8f
135.7739335043205  3.29322758267721 142.3603886696749 pid2dd4
136.14867337479387  4.122048337505436 144.39277004980474 pid2d11
136.20235497681955  2.769602330123262 141.74155963706608 pid2cf5
136.2928357576889  1.5930464942274956 139.47892874614388 pid2d45
136.82859283915508  2.882319485560428 142.59323181027594 pid2e37
137.06395165013328  2.7175870154727657 142.4991256810788 pid2d0b
137.54110335693827  3.8815814144454097 145.30426618582908 pid2d31
138.19564650150699  3.1298552434318903 144.45535698837077 pid2d97
138.41288904691842  1.6624774915826666 141.73784403008375 pid2e7f
138.59225443904066  2.813524395993417 144.21930323102748 pid2e17
138.75595894771553  3.584185635868849 145.92433021945322 pid2d66
138.94091928591266  2.2704487265199127 143.4818167389525 pid2e4e
139.14999143248644  3.503596827138728 146.1571850867639 pid2d5e
139.4237400954335  1.4450498373704082 142.3138397701743 pid2d48
140.45438118176682  2.885146082113499 146.2246733459938 pid2da2
140.6867203792708  3.631532998208927 147.94978637568866 pid2d92
141.12733309200863  4.459992154814675 150.04731740163797 pid2e0e
141.4546777369043  1.335113685302388 144.12490510750908 pid2da1
142.25322008830324  2.705339756167992 147.6638996006392 pid2d8c
143.06658235282706  1.4300522628292325 145.92668687848553 pid2e20
143.30100277198795  2.1153308011761043 147.53166437434015 pid2e2e
144.32958261231104  3.277506701122391 150.88459601455583 pid2e11
144.79509512412253  1.9179265067562672 148.63094813763507 pid2d18
145.2511921743592  3.7937708609995187 152.83873389635824 pid2d58
145.4449956953295  2.9105164637234346 151.2660286227764 pid2ddd
145.64204893686272  4.203400518437226 154.04884997373716 pid2e9b
146.566609314887  2.5858101029722063 151.7382295208314 pid2de7
146.57410007639987  3.84256498179591 154.2592300399917 pid2dbe
147.10483358860822  3.296313696460906 153.69746098153 pid2e3a
147.38926847119785  3.2197070648323463 153.82868260086255 pid2dc8
148.21695744557755  4.986144896321947 158.18924723822144 pid2db3
148.30912700210945  3.6776226475751805 155.6643722972598 pid2e91
149.86143041008424  1.7210483581297664 153.30352712634377 pid2d52
150.05570235096053  2.904960265350487 155.8656228816615 pid2e0c
150.99621377479255  2.0353519097633885 155.06691759431934 pid2e90
153.82829685675367  1.5709334087276146 156.9701636742089 pid2ea6
154.59605370403483  4.5685288074992485 163.73311131903333 pid2e07
154.65856640985362  3.0699835736175856 160.7985335570888 pid2cf2
154.68736258724394  1.0887043242212013 156.86477123568633 pid2d71
155.72021796138094  3.6877982254533332 163.0958144122876 pid2d21
155.75428923178046  1.871206109792345 159.49670145136514 pid2e54
155.92830182766625  3.8332447124719837 163.5947912526102 pid2e73
156.02589961525578  4.560970269756849 165.14784015476948 pid2e7c
156.61052308014408  3.13820699163596 162.88693706341598 pid2e69
157.37428794719182  4.006682993494925 165.38765393418166 pid2d2f
158.33775240111916  2.095265016991531 162.52828243510223 pid2e62
158.3461987214226  4.091656387900459 166.52951149722352 pid2dd6
158.47116329242007  4.934626626703719 168.3404165458275 pid2cf3
158.74013032980525  4.769288249816695 168.27870682943865 pid2de5
158.9581434648088  1.0451573555872358 161.04845817598328 pid2d4a
159.3371283892992  3.829747824614776 166.99662403852875 pid2d01
159.58886409195333  1.7324531741936826 163.05377044034068 pid2d2a
159.6707854349333  1.1459136031037587 161.96261264114082 pid2dd0
159.70121459000737  4.864735513207965 169.4306856164233 pid2d5b
160.39051694516306  1.3001616031630818 162.9908401514892 pid2e0a
162.04625369644762  2.144902750369853 166.33605919718732 pid2ea0
162.28683796759418  2.08308633504642 166.45301063768702 pid2e14
162.82230112629742  2.7499702651671623 168.32224165663175 pid2d7c
163.2373440015852  2.3683111910231225 167.97396638363145 pid2d9a
164.1311592704184  2.870449710600364 169.87205869161915 pid2dc9
164.3005781051032  1.7928467567728212 167.88627161864883 pid2d00
164.85958853673776  4.263177042821139 173.38594262238004 pid2d3a
165.13587032855824  3.926956111463551 172.98978255148535 pid2d4d
165.35988144252565  4.582140742204848 174.52416292693533 pid2e8a
165.63298922225607  2.283005147143555 170.19899951654318 pid2d9d
165.83725064017247  3.594677778266937 173.02660619670635 pid2d7e
165.85872027038798  3.05346323995728 171.96564675030254 pid2e0d
165.94548471338896  4.20990221933509 174.36528915205915 pid2dac
165.9538710797567  3.061851776818842 172.0775746333944 pid2d0d
167.1887949822062  4.0077033192192975 175.2042016206448 pid2e93
168.01364543023345  3.64958431752684 175.31281406528714 pid2da5
168.0583268955984  1.820001713430642 171.6983303224597 pid2d09
168.30151111790707  2.1108961925621754 172.52330350303143 pid2d8d
168.74260632751498  2.0484191375588012 172.83944460263257 pid2d5a
168.81534421110925  1.7108023521130642 172.23694891533538 pid2e55
168.95174211499403  3.496466554313428 175.9446752236209 pid2e6c
168.96395225564572  1.9538083708627005 172.87156899737113 pid2d80
169.1571974446536  1.9328579374111867 173.02291331947598 pid2d25
169.52751276627896  2.7094150605785075 174.94634288743597 pid2d1d
169.58302974549864  2.8760807042319154 175.33519115396246 pid2e5a
169.8313117743661  2.6157493238677545 175.06281042210162 pid2e3e
170.97214130797838  1.1540152450557524 173.28017179808987 pid2e08
171.12277744296455  1.28615820405494 173.69509385107443 pid2e3d
171.51352445723975  2.728480038725815 176.9704845346914 pid2d8e
172.04945158775996  3.6621248253528673 179.37370123846569 pid2cec
172.75745909001026  4.3915307759633215 181.5405206419369 pid2dc0
173.08126434933746  4.553367840224997 182.18800002978745 pid2e01
173.1771346015086  2.3946279722137978 177.9663905459362 pid2d0f
173.2176933987494  2.2651147111969725 177.74792282114333 pid2d90
174.0364625238479  2.2569586861669557 178.5503798961818 pid2e1b
174.2947221025203  2.5203903931148144 179.33550288874991 pid2db4
174.3365921943098  3.5186824941306867 181.37395718257116 pid2cf9
176.74826775731424  2.8585258217534637 182.46531940082116 pid2e0f
176.86838377122112  3.058509160373859 182.98540209196884 pid2d2e
176.98169650510778  2.0441009994556327 181.06989850401905 pid2e27
177.35590360497693  4.081799435210917 185.51950247539875 pid2e51
178.4162591215051  2.2450232223046647 182.90630556611444 pid2cfc
179.14124113298078  2.731045697838071 184.60333252865692 pid2d65
179.19726784068675  1.2526137969422764 181.7024954345713 pid2e2b
179.37184585193543  2.902660772567061 185.17716739706955 pid2dee
