3.3117804812362484  1.0158638228510601 83.31178048123626 pid1396
4.160797325321708  1.6066476913674645 84.16079732532171 pid1362
5.6173637140449095  1.518475675029105 85.61736371404491 pid1395
5.776552898449344  0.7180194164341834 85.77655289844934 pid134d
6.325884910301505  1.964867347088033 86.32588491030151 pid1366
6.327743055317791  0.6455764810919185 86.3277430553178 pid13a3
6.331959540394966  1.6199132255099002 86.33195954039496 pid13a7
7.140860484514122  0.82354300566978 87.14086048451412 pid1393
10.887594402944728  1.8282212108010176 90.88759440294473 pid13a5
10.914954468283582  1.1344239807765641 90.91495446828358 pid1377
12.155726169371246  1.3212970766670966 92.15572616937125 pid132b
15.398885342571827  0.8495757346426269 95.39888534257183 pid1373
17.757741173882874  1.5463335814961665 97.75774117388288 pid1383
17.973810802515334  1.3651519190089132 97.97381080251533 pid138f
18.006771648879283  1.8119640126421699 98.00677164887928 pid1365
18.121543119589095  1.579852895622019 98.12154311958909 pid1330
19.575690166919706  1.2600749220200105 99.57569016691971 pid138e
19.906301007042487  0.5912332936014453 99.90630100704249 pid13a1
22.254281385839537  0.9471629449744524 102.25428138583953 pid1337
22.799305926297293  0.8994981067716389 102.7993059262973 pid137d
22.928555240986597  0.6747718468265673 102.9285552409866 pid1335
24.32331190435052  1.981757199094957 104.32331190435052 pid13b1
24.854706452115444  1.602253163714503 104.85470645211544 pid136c
24.885003524440698  1.6230631538324451 104.88500352444069 pid136d
26.742391023423824  1.1085710117303753 106.74239102342382 pid1397
27.72249694194635  1.7401307587531443 107.72249694194635 pid135a
28.29859474443312  1.3258847077296787 108.29859474443312 pid1340
28.34327049166233  0.9161076597036535 108.34327049166234 pid1398
29.975623413124268  0.6206141488682354 109.97562341312427 pid1368
30.347897077146353  0.7151419638690466 110.34789707714636 pid1339
31.73897161520818  1.8868458417091332 111.73897161520819 pid1378
32.69547616233343  1.2557942397016129 112.69547616233342 pid133a
32.936481283324156  1.6337009861779892 112.93648128332416 pid1334
34.36811532717504  1.8568254936003137 114.36811532717505 pid1347
34.411789754586245  1.7737659209113348 114.41178975458624 pid136b
35.9496824395302  1.981472894944651 115.94968243953019 pid139c
37.3803183479853  1.6738467991670332 117.38031834798531 pid132c
37.63970885839924  1.723068296930431 117.63970885839925 pid1384
38.95372998157205  1.7021076965721256 118.95372998157205 pid1375
40.196377038583464  1.380588379494018 120.19637703858346 pid135b
40.7064390660953  0.7717711576023647 120.7064390660953 pid1329
41.554573080015125  0.6439087813485063 121.55457308001513 pid13b5
45.43526264227935  1.4037405975213413 125.43526264227935 pid137c
45.763239455607085  1.3455569113935775 125.76323945560708 pid136a
47.300384264410745  0.9920763842345932 127.30038426441075 pid13b6
48.60607271288623  1.8675387620869623 128.60607271288623 pid1342
49.06773239836891  1.0194946308156028 129.06773239836892 pid138d
51.86359027553603  1.0088206940726498 131.86359027553604 pid1359
53.69581613364218  0.7803178654939336 133.69581613364218 pid13a0
54.87190286544365  1.909787859594698 134.87190286544364 pid1361
59.21676212181774  0.5750086130888226 139.21676212181774 pid1392
62.69418204864521  0.6387123586316834 142.69418204864522 pid138b
64.53122335520116  0.9164588427644575 144.53122335520118 pid1324
64.90052923408214  1.7670343605745744 144.90052923408214 pid13b3
66.34290222806845  1.111505069933577 146.34290222806845 pid138c
66.44142236717163  0.9722590390298871 146.44142236717164 pid135e
69.4118246812195  1.3909945462641753 149.4118246812195 pid13aa
71.63180774862862  1.9366993580520495 151.6318077486286 pid136f
71.80648066207965  1.040602654862678 151.80648066207965 pid1355
72.62528148407111  1.5318538276795208 152.6252814840711 pid13ae
72.66899770569327  1.3146182135130615 152.66899770569327 pid13b2
75.86433206711993  1.934643918983986 155.86433206711993 pid1344
76.3829423445429  0.5510010122672906 156.3829423445429 pid132a
76.40655626738338  1.3558597619059851 156.4065562673834 pid1391
76.9035809682551  1.7749343389655912 156.90358096825508 pid13ab
77.29125823735372  1.9745552886988769 157.2912582373537 pid132e
77.97479328554358  0.6413333961136206 157.97479328554357 pid1349
78.07411222569588  0.8980442778302095 158.0741122256959 pid138a
78.19872183770691  1.8623496557256027 158.1987218377069 pid1343
78.78055508473793  1.6138191065627765 158.78055508473793 pid1325
79.88896781349776  1.2622031385394377 159.88896781349774 pid1338
80.25776261159399  1.8129690828956193 160.257762611594 pid135c
81.05306065663898  1.313857520905671 161.053060656639 pid1385
82.25598905163662  1.7600955590721488 162.25598905163662 pid137f
84.33254052260547  1.0560795906038027 164.33254052260548 pid1345
84.52831552011344  0.6361905523351021 164.52831552011344 pid137e
84.88994045363908  0.995086891546627 164.8899404536391 pid13ad
87.31717884965232  1.6403086710163395 167.31717884965232 pid137a
88.00513963732051  1.9993052947526302 168.0051396373205 pid1333
88.45409870497322  0.73210817070768 168.4540987049732 pid1364
88.48483536363729  1.70445205889465 168.48483536363727 pid136e
90.17029935924833  0.9057942798680262 170.17029935924833 pid1372
91.3669262509027  0.5807516743687726 171.36692625090268 pid139a
91.72808813253616  0.7168784313005461 171.72808813253616 pid1356
92.17299615096694  0.6647362166642812 172.17299615096692 pid1371
93.48973169087394  1.899941194994856 173.48973169087395 pid13b9
95.4624273414262  1.1572100658715514 175.4624273414262 pid1346
95.82387950454998  0.9490454955556396 175.82387950454998 pid132f
98.14521838182124  1.4619627035553935 178.14521838182122 pid1353
99.5913634023173  1.3165585616793074 179.5913634023173 pid139b
101.12715347670932  1.713290613976148 181.12715347670934 pid1332
101.97039404676973  1.9844273099108023 181.97039404676974 pid1381
102.22178048247642  1.9742784508815223 182.22178048247642 pid1341
102.41110124766762  0.68261610536218 182.4111012476676 pid1390
102.97228873141492  1.3124380105907683 182.97228873141492 pid13a8
103.9131823840727  0.6603549351018843 183.91318238407268 pid1376
104.14534125457142  1.5946431971830666 184.1453412545714 pid1354
104.40823699249736  1.205394000055311 184.40823699249736 pid1360
105.63158002668347  1.6385929286351235 185.63158002668348 pid1380
105.81680844875869  1.8645635907799138 185.8168084487587 pid1387
106.41671904936757  1.8054322760313015 186.41671904936757 pid137b
107.76949289624322  1.753571027809206 187.7694928962432 pid1399
108.1246120055858  0.9137791128770825 188.1246120055858 pid135d
108.86793038916947  0.9253246714412181 188.8679303891695 pid13a9
111.7534398737983  1.3584412744588823 191.7534398737983 pid1363
112.68133995168085  1.8114479314102137 192.68133995168085 pid1331
112.86755515387118  1.1919750002800267 192.8675551538712 pid1326
113.46070836097267  1.7163060498829807 193.46070836097266 pid133e
115.1458402164961  0.9543333947985351 195.14584021649608 pid1352
115.78640635635593  1.8948828526797061 195.78640635635594 pid133d
116.65959245386327  1.4050549211286782 196.65959245386327 pid13a6
116.93855738449707  1.9494570626413859 196.93855738449707 pid1370
117.46390431584105  0.6061696454253986 197.46390431584103 pid133f
117.500449773585  1.8537711443526874 197.500449773585 pid13b4
118.20204598176296  1.862337169776102 198.20204598176298 pid13b0
120.18543017327106  1.7332411126636513 200.18543017327107 pid1394
120.9776208071395  1.8666004240163079 200.9776208071395 pid1389
121.06763041203631  1.2044187305500165 201.0676304120363 pid134b
121.40801680817029  1.5614555729700272 201.4080168081703 pid134a
121.43163603046585  1.7487165274007694 201.43163603046585 pid1388
121.47002864009721  1.1177416898765855 201.4700286400972 pid1357
122.51542444883836  0.7811351032435228 202.51542444883836 pid132d
122.5605512529833  1.7789760665179573 202.56055125298332 pid1351
123.71737527599805  1.0342529184569282 203.71737527599805 pid133c
125.34154439827269  1.3422499477299048 205.34154439827267 pid134e
127.37293385075134  0.5160749886584637 207.37293385075134 pid1369
127.45603041140613  0.526245889371644 207.45603041140612 pid1327
129.0079647293811  1.6983060469433944 209.0079647293811 pid1358
129.5188969854627  0.8022362737730944 209.5188969854627 pid133b
130.45849006427028  0.718553830435503 210.45849006427028 pid1336
130.84012786823257  0.9428719248057122 210.84012786823257 pid1379
131.53116963463086  0.7113596969355079 211.53116963463086 pid135f
131.72954691886903  1.7571137865972797 211.72954691886903 pid13a2
131.77591367130867  0.987468323265944 211.77591367130867 pid1328
133.57861111395195  1.7050346292977676 213.57861111395195 pid13b8
134.6206253753082  0.6673060618628383 214.6206253753082 pid139d
134.97489304684518  1.095939149517387 214.97489304684518 pid139f
135.4018200627009  1.029546242381164 215.4018200627009 pid134c
138.54453217883795  0.829006477494711 218.54453217883795 pid134f
138.59950085525932  1.9628851419081002 218.59950085525932 pid1386
140.08398015118885  1.9805441877127319 220.08398015118885 pid13ac
140.30898544437025  0.7176947017766739 220.30898544437025 pid1350
141.48694674080517  1.3451231254771878 221.48694674080517 pid1374
142.3056705094735  1.9460011932479464 222.3056705094735 pid1348
142.3462760481112  1.1135496553469473 222.3462760481112 pid13b7
145.95211618907067  0.9824771053802197 225.95211618907067 pid13a4
146.28893615857532  1.9961713198754416 226.28893615857532 pid1382
147.808093008718  1.3317442285844 227.808093008718 pid1367
148.69331173035488  1.7349405486778329 228.69331173035488 pid139e
149.0273718213013  0.5639287888013235 229.0273718213013 pid13af
