0.3762050571161357  1.9785983940415919 80.37620505711614 pid2d5f
0.5776706299147338  1.5599095058034533 80.57767062991473 pid2e72
0.8138928234836418  0.9288279440636761 80.81389282348364 pid2e01
1.1404893554684215  1.4119783710454084 81.14048935546842 pid2d17
1.4274935299377733  1.9925708025522808 81.42749352993778 pid2dd8
1.959484129234379  1.761707576304802 81.95948412923438 pid2ea4
2.5186453606384553  1.9483790776933685 82.51864536063846 pid2e9c
2.648979890769904  0.6398143492777236 82.64897989076991 pid2e99
2.739755140655431  1.3889589350159828 82.73975514065543 pid2e02
4.692680700919594  0.6871485201572918 84.6926807009196 pid2de3
4.763896846317123  1.02135398532074 84.76389684631712 pid2e49
5.1421892909164715  0.9473729824620889 85.14218929091648 pid2e3a
5.162772181094677  1.4296366624318257 85.16277218109468 pid2de0
5.600386199175139  1.5591937938250646 85.60038619917513 pid2d14
5.703830618960404  1.9734811647554498 85.70383061896041 pid2d50
6.69168107165366  0.526867585316454 86.69168107165366 pid2dbb
6.707039399352055  0.6326888363171599 86.70703939935206 pid2d05
7.965068003332155  0.5742552312430732 87.96506800333215 pid2d83
8.000374817672467  0.7022150200922427 88.00037481767247 pid2d6b
8.2805781699338  1.2717785609237306 88.2805781699338 pid2de8
8.2939561813554  0.6315427545566137 88.2939561813554 pid2dca
8.33213991766127  0.6854924574521479 88.33213991766127 pid2d67
8.66869024804312  1.7434917360212572 88.66869024804312 pid2ddd
8.761230839426714  1.5100042990103346 88.76123083942672 pid2d4a
8.88501413830603  1.94201588266751 88.88501413830603 pid2d8d
8.938733583091258  0.6837061778148751 88.93873358309126 pid2e8a
9.137322491572903  1.7753774985559372 89.1373224915729 pid2eab
9.559002825170138  1.2834191689611318 89.55900282517014 pid2e2d
9.911884949608075  1.6654743219349373 89.91188494960808 pid2dc0
10.41542406452533  0.6264067005500791 90.41542406452533 pid2e03
10.682007664293453  0.5476515160468118 90.68200766429345 pid2df9
10.93629500919967  1.9700034330540062 90.93629500919967 pid2dba
11.402507630525404  1.6252734290003963 91.4025076305254 pid2ea5
11.550691730647038  1.7212196747914188 91.55069173064703 pid2e87
11.591167929872354  1.6706516563171954 91.59116792987236 pid2cef
11.719486370107457  0.5899292063218944 91.71948637010746 pid2e05
11.840113010198394  1.2601365263375106 91.8401130101984 pid2d47
12.217320361181416  1.9216620079535942 92.21732036118142 pid2d8f
12.373270024272415  0.5603707224093217 92.37327002427241 pid2e52
12.525190801599873  1.666157874703304 92.52519080159988 pid2d2f
12.556771506507769  0.6113472672115776 92.55677150650777 pid2de6
13.117369259614604  0.7702180559477387 93.1173692596146 pid2e79
13.699253592343608  1.7279921501538051 93.69925359234361 pid2e43
13.748303379539411  0.5880797156318718 93.74830337953941 pid2d74
14.008951748647934  0.6906071139541857 94.00895174864793 pid2d5c
14.025052012201067  1.9575375973031177 94.02505201220107 pid2dee
14.22087967102792  0.7901343790328952 94.22087967102792 pid2df4
14.856928906609618  1.0591771001273544 94.85692890660962 pid2d89
14.862731452941958  0.6246112930265185 94.86273145294196 pid2df1
15.041516087449475  1.0957578978058085 95.04151608744948 pid2d8e
15.6510554489244  1.2428608836296942 95.6510554489244 pid2da9
16.01404786359055  1.5564985958652633 96.01404786359055 pid2e56
16.294756824022567  1.1626058561776826 96.29475682402257 pid2e8d
16.599055665769225  1.0462000317973936 96.59905566576923 pid2e89
16.998357739009894  1.2848159554725436 96.99835773900989 pid2d5e
18.433296613031025  0.5187911062803403 98.43329661303102 pid2df7
19.04161495502133  1.8889349232939616 99.04161495502133 pid2e1d
19.461740565633196  0.8786693881586268 99.46174056563319 pid2ded
19.60584527440141  0.7691536465747937 99.60584527440142 pid2e1e
19.628168268643027  0.6901916288801797 99.62816826864302 pid2d53
19.89085685557224  0.9560816357625926 99.89085685557224 pid2cf3
20.02926172893481  0.9836289958088402 100.02926172893481 pid2ddf
20.18120649106951  1.2146282441518328 100.1812064910695 pid2e91
20.784456331863648  1.3600196220132361 100.78445633186365 pid2d6e
21.67994198693962  1.899967121177999 101.67994198693962 pid2d25
22.08493292425849  0.503979112024479 102.08493292425848 pid2d84
22.7744373835436  1.0735864216430557 102.7744373835436 pid2d0b
22.792764174888703  0.8138179726934658 102.7927641748887 pid2e51
23.04054447179909  1.3993197498805467 103.0405444717991 pid2e06
23.25819596483495  1.1381815620513875 103.25819596483495 pid2e27
23.328234467552488  1.6482270793608444 103.32823446755249 pid2ced
23.960281144018225  1.8796659165456138 103.96028114401823 pid2e65
24.202802941759877  0.5707259905490099 104.20280294175987 pid2d96
24.730741048537077  1.1185727886063868 104.73074104853708 pid2d9b
25.17467988775986  1.7724194723912814 105.17467988775986 pid2e5c
25.54673632252889  0.8858357358798974 105.54673632252889 pid2e5e
25.756418555027306  1.0128027707853142 105.75641855502731 pid2e94
26.04685805706572  0.597852815998799 106.04685805706572 pid2d7a
26.497414338737247  1.7863832990704023 106.49741433873724 pid2cf5
26.57120067307427  1.780726754908251 106.57120067307427 pid2e4e
27.407610482016796  1.2407064675477344 107.40761048201679 pid2cec
28.114410755608173  1.2969064191239066 108.11441075560818 pid2d28
28.2695321509498  1.5198492797195675 108.2695321509498 pid2d13
28.345103092653623  1.6049832563978428 108.34510309265363 pid2df5
28.75749203211726  1.3343842965939383 108.75749203211726 pid2d71
28.775920530186287  1.2452152202960622 108.77592053018628 pid2e32
30.072373557120518  1.9935080595753236 110.07237355712051 pid2daf
30.35877595468368  0.6606087668607648 110.35877595468368 pid2d41
30.46414406613484  1.3216722983087468 110.46414406613484 pid2e47
30.79105906580018  1.6220531266411033 110.79105906580018 pid2dae
31.085816421288747  1.0411351035508694 111.08581642128874 pid2d20
31.15841982921944  0.844400954763302 111.15841982921944 pid2cee
31.395992520753126  1.0962664380829281 111.39599252075313 pid2e6c
31.53866602697763  1.6434484752274745 111.53866602697764 pid2e78
31.591665629065623  1.0591533399555508 111.59166562906563 pid2e7e
31.98342477263456  1.3985856929333689 111.98342477263456 pid2d73
32.04144055033607  0.6660846721292153 112.04144055033606 pid2e17
32.080464152218724  1.715547060068445 112.08046415221872 pid2e5f
32.88182125615508  1.5955014892341404 112.88182125615508 pid2dde
32.99372702370727  1.8696282512749605 112.99372702370727 pid2e80
33.01507320616762  1.3939516563298588 113.01507320616761 pid2d95
33.49148162382402  0.9764958426830401 113.49148162382403 pid2dc8
33.55864993710286  0.7193266674361578 113.55864993710286 pid2e24
33.983842686493226  1.864267996759977 113.98384268649323 pid2df2
34.61047864481705  0.8514032024624947 114.61047864481705 pid2e8c
35.06469301273504  1.0645794723303474 115.06469301273503 pid2e73
35.55933078059534  1.2729634670076526 115.55933078059533 pid2dea
36.67391209741949  0.558667804820121 116.67391209741949 pid2d3c
36.67414925179464  1.6989947076438598 116.67414925179463 pid2e57
37.22788911681661  1.8712041685617653 117.22788911681661 pid2e88
38.01973412838895  1.7342827213605758 118.01973412838895 pid2d3d
38.37457634510414  0.5595624305800129 118.37457634510415 pid2da3
38.50246590523293  0.6429261733815945 118.50246590523292 pid2e63
39.45193311372506  0.9700474580774732 119.45193311372506 pid2e2f
39.75518123325649  0.8973860018107669 119.75518123325648 pid2e48
39.77337470225103  1.474975945526089 119.77337470225103 pid2d9a
40.229945548612015  1.5296419891069 120.22994554861202 pid2cfe
40.54751755628396  1.409006505902644 120.54751755628396 pid2e3e
40.555163438723284  0.5912098051760095 120.55516343872328 pid2db4
41.062377782487  1.9840770116145168 121.062377782487 pid2de9
41.151698500181446  0.9801159472832184 121.15169850018145 pid2e93
41.330210448400216  1.3467250460229816 121.33021044840021 pid2e6d
41.704899200374456  1.7105020030829503 121.70489920037446 pid2d06
41.74915986445328  1.4468497696793317 121.74915986445328 pid2dc1
41.82224211077638  0.9989062882389077 121.82224211077639 pid2e0d
42.1121063674355  1.6220854403023648 122.1121063674355 pid2da0
42.39055534607567  0.79201471968248 122.39055534607567 pid2dda
44.04752631790357  1.7561057518744538 124.04752631790356 pid2db8
44.97303858199786  1.6952425212370226 124.97303858199786 pid2e77
45.18164244576991  1.6789985832770882 125.18164244576991 pid2d4d
45.460558499681426  0.9373597324756245 125.46055849968143 pid2e8b
45.81521689329849  0.6753970122753077 125.8152168932985 pid2dd3
47.69051190999981  0.8323374169053366 127.69051190999981 pid2d2a
48.1583719254308  1.565026977788965 128.1583719254308 pid2da5
48.20963017229426  1.8847317615580461 128.20963017229425 pid2d69
48.48269514089855  1.5868883707540193 128.48269514089856 pid2de2
48.738556813667486  0.6966909084733421 128.7385568136675 pid2d48
49.27456226341948  1.3772883281302282 129.27456226341948 pid2e14
49.29872115728114  0.9704490013379867 129.29872115728114 pid2e35
49.45667562297369  1.4682140771446908 129.4566756229737 pid2d24
49.75166789581158  1.8112160038044158 129.75166789581158 pid2db5
49.98729485871788  1.2930698825721885 129.9872948587179 pid2dcf
50.06464463523407  0.9791156236731557 130.06464463523406 pid2db7
50.50537470239927  1.1476779655263605 130.50537470239928 pid2e6e
50.72052170157315  1.627489441938168 130.72052170157315 pid2d65
51.313720610352156  0.578562616011335 131.31372061035216 pid2d0d
51.48864335180169  0.5443734533339744 131.4886433518017 pid2e83
51.93508324414579  0.7422614172398508 131.9350832441458 pid2ea9
51.995458540040026  1.5998265861683463 131.99545854004003 pid2e0b
52.074434473654804  1.8252013213970268 132.0744344736548 pid2ea2
52.29659965841502  1.5906202342245388 132.296599658415 pid2e0a
52.43583615886121  1.4459209766772005 132.4358361588612 pid2e2a
52.91112063047635  1.938951069316409 132.91112063047635 pid2d4f
54.278426637859226  1.9332740427505741 134.27842663785924 pid2d58
54.28120677264518  1.792283763485485 134.2812067726452 pid2d30
55.026351770450226  1.8232524596135278 135.02635177045022 pid2d56
55.239463269128066  0.5579381683957809 135.23946326912807 pid2d15
55.755221269114884  0.846767612007311 135.75522126911488 pid2e82
56.273960466703  1.0147352706729935 136.273960466703 pid2dab
56.41136751095744  1.1244456327758567 136.41136751095743 pid2d90
56.91415108352333  1.0648872054386698 136.91415108352334 pid2d6f
57.58639243433664  1.4235224357061087 137.58639243433663 pid2d78
57.60169507792099  1.7152234200024465 137.601695077921 pid2d9e
57.69541977860442  0.6822857590772669 137.69541977860442 pid2d18
57.92708155551359  0.7410588457134551 137.92708155551358 pid2e42
58.416442890493165  0.9935895435944275 138.41644289049316 pid2d77
58.7675082311077  1.872610507916336 138.76750823110768 pid2e34
59.040462311031334  1.2435938891588174 139.04046231103132 pid2e08
59.161092455511564  0.7076950203951282 139.16109245551155 pid2cfa
59.30010081475381  1.5628612192627054 139.30010081475382 pid2e50
59.72498574622046  1.7705749267667985 139.72498574622045 pid2d45
59.96165194212853  0.7159641705955284 139.96165194212853 pid2d66
60.01680181574416  0.6500734470824645 140.01680181574415 pid2d5d
60.1649178280201  0.5438097101898537 140.1649178280201 pid2db2
60.43956117026097  1.7090808574371874 140.43956117026096 pid2d51
60.44104252555131  0.6278249349316531 140.44104252555132 pid2dd4
60.890435787922485  0.8186620522230468 140.89043578792248 pid2d37
60.93000301872241  1.1704350602726614 140.9300030187224 pid2e10
61.33815689234534  0.6154732720255216 141.33815689234535 pid2e54
61.5363399653404  1.4994033481920768 141.5363399653404 pid2cf9
61.826435865090644  0.7600073080648304 141.82643586509064 pid2e38
61.827338703173005  1.7439844026026792 141.827338703173 pid2de7
62.04588388677833  1.6323441926722715 142.0458838867783 pid2dd5
62.163398542345824  0.8023687562833599 142.16339854234582 pid2d55
62.47149962245416  1.9950234634833202 142.47149962245416 pid2dfb
62.601406614246244  1.144954764085618 142.60140661424623 pid2e84
62.93581841884196  0.8723156055272598 142.93581841884196 pid2e64
62.9820881828374  0.961306130223613 142.9820881828374 pid2d1b
63.20237522000896  0.7841429212063677 143.20237522000895 pid2e36
63.558010509306456  1.0584245477503282 143.55801050930646 pid2d0a
63.89591687925989  0.9545231717211984 143.8959168792599 pid2d52
64.30261340176138  1.186798372477224 144.3026134017614 pid2d12
64.68885012399447  0.5482921999466093 144.68885012399448 pid2dac
64.69673957328334  0.8260105295383423 144.69673957328334 pid2d3e
64.980205633696  1.5937780959930765 144.98020563369602 pid2d3b
65.3105559575638  0.7669279950373269 145.3105559575638 pid2d1e
65.35514964734219  1.6730893643335958 145.3551496473422 pid2dad
65.50178859423373  1.910109041524511 145.50178859423374 pid2dc5
66.01919081860463  1.6953077290748484 146.0191908186046 pid2e75
66.71527342810765  1.4729567170090032 146.71527342810765 pid2e8f
66.87968056307918  0.7077925796355755 146.87968056307918 pid2d16
66.9386587517662  1.804077577315058 146.93865875176618 pid2d1d
66.95456737960419  0.5534737398781491 146.95456737960419 pid2d0f
66.97290631095768  0.6141658408845595 146.97290631095768 pid2de5
67.33333437217874  1.28109856523947 147.33333437217874 pid2d87
67.38369140880407  1.7857296131363785 147.38369140880405 pid2d68
67.87075417784985  0.5606882592376552 147.87075417784985 pid2ead
68.61198295599527  0.9613538065860635 148.61198295599527 pid2d19
68.77147979496432  1.244301201020814 148.7714797949643 pid2d27
68.8198858756833  1.3873347651258774 148.8198858756833 pid2e13
69.10697667402408  0.8874990794369573 149.10697667402408 pid2e29
69.12667736773915  0.6650692364393329 149.12667736773915 pid2dd9
70.9075207343554  1.4042380888755128 150.9075207343554 pid2cfd
71.28068484630082  1.3988419066774567 151.2806848463008 pid2d63
71.37166274632058  1.6013935306610207 151.37166274632057 pid2e86
71.48164738371132  0.874296868935639 151.48164738371133 pid2d22
71.60541347970778  1.1045417751393865 151.60541347970778 pid2d0c
71.66895056119348  0.6742001481399661 151.66895056119347 pid2d98
72.39474656684658  1.5863225269668504 152.39474656684658 pid2cf2
72.91578222988521  1.870125896375468 152.91578222988522 pid2e39
72.9908713128359  1.1516659595076884 152.9908713128359 pid2d86
73.04418778235183  1.791760402658461 153.04418778235183 pid2dfd
73.28136342019863  1.3934373753686866 153.28136342019863 pid2d94
73.29365729825743  0.8854401038222156 153.29365729825741 pid2dc3
73.3137423732315  1.3273149877407295 153.3137423732315 pid2d10
73.43478333268035  0.7992279352346152 153.43478333268035 pid2e0f
74.20728022380113  1.6691699658913202 154.20728022380115 pid2ddc
76.34049603007676  1.8407787369005635 156.34049603007676 pid2e53
77.28872128616587  0.6094866420781809 157.28872128616587 pid2ea6
77.45379063476209  0.9406094780371408 157.45379063476207 pid2e9a
78.25262188846368  1.230658544681064 158.2526218884637 pid2d7f
79.39069504858564  0.6615483455331108 159.39069504858566 pid2df6
79.53728833809518  1.9427554970886192 159.53728833809518 pid2e59
80.18063181253142  1.1337810552790326 160.18063181253143 pid2e22
80.18114001752906  1.0544717216659738 160.18114001752906 pid2ea3
80.67979403423975  1.234972524759183 160.67979403423976 pid2ea8
80.95935652745588  1.3282872970746629 160.9593565274559 pid2d88
80.99543413301345  1.87836576367741 160.99543413301345 pid2da4
81.06571641221979  0.9587002979965479 161.06571641221979 pid2d62
81.36006486482606  1.1857627390366914 161.36006486482606 pid2e1c
83.06594540684084  0.7007207633580343 163.06594540684085 pid2d79
83.09142405519789  1.3360140054088947 163.09142405519788 pid2dd6
83.64765575594633  1.655567035892027 163.64765575594635 pid2d49
84.59989451884604  0.6255650813520384 164.59989451884604 pid2db0
84.66669449377575  0.8953280631217484 164.66669449377576 pid2e98
84.99839881575433  1.8861497333692552 164.99839881575434 pid2d80
85.34556385032701  0.8509379306419282 165.345563850327 pid2d4c
85.56887963783153  1.3425021013387755 165.56887963783151 pid2ea0
86.16467805685092  1.3408711044066672 166.1646780568509 pid2d91
86.44715501009443  1.8072272484403995 166.44715501009443 pid2e33
86.82921483649965  1.3890733632475287 166.82921483649966 pid2d35
86.8787346540321  0.702353738818096 166.8787346540321 pid2e70
87.0016685537691  1.5254515375404614 167.0016685537691 pid2e09
87.58990190197558  1.7463784503984408 167.58990190197557 pid2df0
87.61185713529032  1.7578382994911794 167.61185713529034 pid2deb
87.74388331351626  1.3205244013680113 167.74388331351628 pid2e6a
88.033218812591  0.9600416967268782 168.033218812591 pid2d99
88.18803881345659  0.8248218216088811 168.1880388134566 pid2dfc
88.3780364601718  0.9531947610134858 168.3780364601718 pid2dc7
88.69274288931166  1.8637065680889378 168.69274288931166 pid2e21
88.80566500956519  1.5217069182621838 168.8056650095652 pid2e25
88.96805712170986  1.7400076141122935 168.96805712170988 pid2d6d
89.47359710992278  0.7664966287429381 169.47359710992276 pid2cf0
89.6824598802636  0.6779852113174635 169.6824598802636 pid2e60
89.83215601413089  0.9617393719010775 169.83215601413087 pid2e5d
90.05879838899789  1.700166191190685 170.0587983889979 pid2d2c
90.17659688382548  1.3769080860494944 170.17659688382548 pid2e76
90.70474268716546  1.7158392236250442 170.70474268716546 pid2d32
90.73999379737046  0.5790741373510959 170.73999379737046 pid2e97
90.75890818194243  1.0873431961180295 170.75890818194245 pid2e44
91.28650294580093  0.5053626194911608 171.28650294580092 pid2dd1
91.44563586333261  1.339827172903762 171.4456358633326 pid2d9d
91.73523345263274  1.7927949911662997 171.73523345263274 pid2dbf
91.87312250421459  1.1407792562280115 171.8731225042146 pid2e4f
92.34660681091374  0.5397644497279239 172.34660681091373 pid2d34
92.35107878343246  1.2384913741807977 172.35107878343246 pid2e3b
92.41846009729827  0.6909012773978753 172.41846009729827 pid2e19
92.7592616763589  1.2415059131308412 172.7592616763589 pid2ea1
92.85778730490935  1.414424532906784 172.85778730490935 pid2d09
93.17258147165909  0.9304573978062554 173.1725814716591 pid2dcc
93.65477075418178  1.6881434529983657 173.65477075418178 pid2e0e
93.74965765899837  1.4211154036701292 173.7496576589984 pid2e62
94.55502988173775  1.3231728528862914 174.55502988173777 pid2d2e
95.28215808960661  0.990170133697861 175.2821580896066 pid2d6c
95.41502459079368  0.6968630127336608 175.41502459079368 pid2da6
95.61850121720684  0.5322831604912996 175.61850121720684 pid2e0c
96.8492902536265  1.9768932387224523 176.84929025362652 pid2ea7
97.74950040587278  1.8340909633613993 177.74950040587277 pid2d8a
97.89453466671752  0.870390916567518 177.8945346667175 pid2dbd
98.22017561652119  1.8052025469902548 178.2201756165212 pid2e9d
98.50723058884967  1.85620032781824 178.50723058884967 pid2da1
98.82727426479596  0.8114162954160535 178.82727426479596 pid2e04
99.0074586763746  0.9143096298692972 179.0074586763746 pid2e58
99.44448941168379  1.1192463284935004 179.44448941168378 pid2e9f
100.01487644014952  1.7881469860230188 180.01487644014952 pid2eac
100.24982399740337  1.9564501901123408 180.24982399740338 pid2d07
100.42581741965137  1.7493679484415685 180.42581741965137 pid2dd0
101.06435331690932  1.621577475483695 181.06435331690932 pid2e2b
101.14744201771254  1.9263332892860219 181.14744201771254 pid2ddb
101.56419036042496  1.4886724169717003 181.56419036042496 pid2cf1
101.58870384682069  1.5155730800178477 181.5887038468207 pid2e2c
101.92640753163299  1.8292173773985885 181.926407531633 pid2e85
102.05791946083217  1.0164201614963964 182.05791946083218 pid2e18
102.63046611632403  1.1235697059902796 182.63046611632404 pid2e16
102.70147252141574  1.7796049454490193 182.70147252141572 pid2d81
102.81923184213498  0.8485588515450413 182.81923184213497 pid2e28
103.39145229676583  1.6554268724843202 183.39145229676583 pid2e67
103.47397269201066  1.1327495584432086 183.47397269201065 pid2e7b
104.17355869566158  1.0075322811941771 184.1735586956616 pid2df3
104.91603080219411  1.5189195819121277 184.91603080219411 pid2d33
104.99997711755027  1.3602257264157593 184.99997711755026 pid2dbe
105.96454712961133  0.9373181003460135 185.96454712961133 pid2dce
106.23221685036852  0.5323212437638534 186.2322168503685 pid2e20
106.57648611192563  1.1872561755892466 186.57648611192565 pid2e7d
107.45064357789273  1.787280110034605 187.45064357789272 pid2d7e
107.45561590567635  0.6269947327038751 187.45561590567635 pid2db1
108.11356957532655  1.8717354654253038 188.11356957532655 pid2e3d
108.15871470253377  1.7781758307832995 188.15871470253376 pid2e95
108.41155429608101  1.5898487243074328 188.41155429608102 pid2d60
108.86658018737856  1.8132674100592308 188.86658018737856 pid2e23
109.50839218994255  1.0944703384741923 189.50839218994255 pid2d1f
110.19040233386825  1.7920075033305303 190.19040233386824 pid2e7c
110.22675591703934  1.7380086117022355 190.22675591703933 pid2d02
110.60249222787428  1.9603071761282937 190.60249222787428 pid2e1a
110.92314850255458  1.545269422676569 190.92314850255457 pid2e00
110.94373737501277  1.8916923173692632 190.94373737501277 pid2e31
111.46543309469897  1.991063830062022 191.46543309469897 pid2d2b
112.4506330277523  0.8691610307842905 192.4506330277523 pid2e71
113.28624008852734  1.3654520020952146 193.28624008852734 pid2e3f
113.40633878844237  0.65684615411355 193.40633878844238 pid2e6b
113.5669203563379  0.6449568003363221 193.5669203563379 pid2d08
113.67831042303085  0.6602475931542251 193.67831042303084 pid2e81
113.72010342992216  1.7133143777789965 193.72010342992218 pid2d38
113.75403275799853  1.3466595522455131 193.75403275799852 pid2d23
114.10291473548996  1.9384018202790771 194.10291473548995 pid2d7d
114.68043345107374  0.8648775635866379 194.68043345107372 pid2d3a
114.95656069205543  1.0577774924824839 194.95656069205543 pid2db3
115.09843590598192  1.021122389107051 195.09843590598192 pid2e4d
115.10565455827701  0.9548881576926964 195.10565455827702 pid2e90
115.66387120110284  1.6236519460389536 195.66387120110284 pid2d4b
115.69611206777981  0.5748413084766066 195.6961120677798 pid2d01
115.93253695721394  0.6621225352032026 195.93253695721393 pid2d4e
117.35599221796915  0.5367502255369181 197.35599221796915 pid2e4c
117.46473558167867  0.6520617344811162 197.46473558167867 pid2cf4
117.4897624840164  1.508732866354479 197.4897624840164 pid2d36
117.83465974078904  1.2391417979711237 197.83465974078905 pid2d04
117.93028895405173  1.4690791564806482 197.93028895405172 pid2d3f
118.1695096319892  1.7641926403088675 198.1695096319892 pid2db6
118.19247821722294  0.976767601985612 198.19247821722294 pid2d61
118.6921356517746  1.3765585474361703 198.6921356517746 pid2e96
119.1909884525028  1.2284893406608641 199.19098845250278 pid2d9f
119.92043262847578  0.7342650584293202 199.9204326284758 pid2e9b
120.73797670345499  1.6028722314600694 200.737976703455 pid2cf7
121.0277985843148  1.5833491469522007 201.02779858431478 pid2da8
121.13929646428691  1.4765934865258088 201.13929646428693 pid2d44
121.4536754071321  1.2743226086839885 201.4536754071321 pid2e4b
121.54694481388644  0.7748485394552995 201.54694481388645 pid2e92
121.80785072731948  1.8818573847956654 201.80785072731948 pid2e12
121.85883742536456  1.225555638063614 201.85883742536456 pid2dc6
121.89946102415247  1.7872576100136026 201.89946102415246 pid2e45
121.92636185836875  1.50385663895157 201.92636185836875 pid2e1b
122.6111720031498  1.3330056234509744 202.61117200314982 pid2d8c
122.84874121397262  0.9212011803691983 202.84874121397263 pid2e5b
123.09269095237754  1.6943853119459933 203.09269095237755 pid2d7b
123.16641129677022  1.504027103750913 203.1664112967702 pid2cf6
123.26878297902522  1.4280948856572138 203.26878297902522 pid2db9
123.80765080814977  1.897257353597339 203.8076508081498 pid2d54
125.40612705579238  1.8483035999793485 205.40612705579238 pid2e7f
125.5905751969759  1.0587863960236485 205.59057519697592 pid2d31
125.79028567355071  1.4869862895174604 205.79028567355073 pid2e4a
126.15203891530625  1.5540298567620967 206.15203891530626 pid2da2
126.27385601421092  1.0216676229856687 206.27385601421093 pid2d75
127.12471582164284  1.483476839236346 207.12471582164284 pid2dbc
127.46103562665415  0.5992618313585072 207.46103562665417 pid2e55
127.46528984880398  0.5791172674165269 207.465289848804 pid2d1a
127.49484980349423  0.7434890862984904 207.49484980349422 pid2e41
128.0359164389874  1.6387610703908053 208.0359164389874 pid2d97
128.04648414575615  1.9845658911648933 208.04648414575615 pid2d59
128.4425120828674  1.3958895635135369 208.4425120828674 pid2e2e
129.16348477765536  1.9354846086015278 209.16348477765536 pid2d72
129.38569222060985  1.1313347984255344 209.38569222060985 pid2df8
129.4414000547057  1.6854674429738747 209.4414000547057 pid2d2d
129.9723838821398  1.9773733127027335 209.9723838821398 pid2e07
130.10365326791455  1.2507758020164237 210.10365326791455 pid2e46
130.19870993610618  1.370058419579435 210.19870993610618 pid2dcb
130.34332479841504  1.9334263833584344 210.34332479841504 pid2dc9
130.48459019355343  1.2152368164387213 210.48459019355343 pid2d42
130.7854642753603  1.9731725161191975 210.7854642753603 pid2e74
131.02378245642703  0.5158887768814333 211.02378245642703 pid2d85
131.26184677587025  0.9026793011560764 211.26184677587025 pid2e61
131.4201128190778  1.8086892758448683 211.4201128190778 pid2e66
131.79995984403672  0.794252099198212 211.79995984403672 pid2e6f
132.111828414858  1.3195354039361418 212.111828414858 pid2d29
132.4853465285779  0.9212109817033749 212.4853465285779 pid2e69
132.76433047711782  1.2267582926379899 212.76433047711782 pid2e68
132.82631083549273  0.8087524241549324 212.82631083549273 pid2da7
132.9647903694914  0.7413688700421909 212.9647903694914 pid2e7a
133.076924963044  1.04773070179841 213.076924963044 pid2d11
133.16717411848612  1.587679497589916 213.16717411848612 pid2d9c
133.51278931493414  1.6438117590449055 213.51278931493414 pid2d26
133.60904463501322  0.626924594859099 213.60904463501322 pid2d70
133.65552359317877  1.257114390110444 213.65552359317877 pid2dfa
133.7084038129434  0.5713836461822042 213.7084038129434 pid2dec
133.82660958031576  1.4779081560892644 213.82660958031576 pid2e26
133.87873819198884  1.0647047211270078 213.87873819198884 pid2d5a
133.96155976803053  0.867389976040152 213.96155976803053 pid2cfc
134.10609541957794  1.4977411010387975 214.10609541957794 pid2d64
134.26736688454622  1.99806625830649 214.26736688454622 pid2d57
134.37379532404975  1.8487483850971365 214.37379532404975 pid2de4
134.66933526914212  1.2874185928531694 214.66933526914212 pid2e15
134.91226029550745  1.386741823210788 214.91226029550745 pid2e5a
135.08492368469325  1.6345811235099739 215.08492368469325 pid2d03
135.82684445290306  1.5577137667795449 215.82684445290306 pid2dcd
135.870186114091  0.7337189623057403 215.870186114091 pid2d00
137.1196302078605  1.996356618622486 217.1196302078605 pid2d5b
138.0004431729461  1.1187587394600325 218.0004431729461 pid2d39
138.504457401386  1.5222692934048982 218.504457401386 pid2dff
138.62638504901767  0.8912813194334439 218.62638504901767 pid2e11
138.83866819292763  1.8419322515442487 218.83866819292763 pid2d6a
139.1107058156897  1.7389905389672629 219.1107058156897 pid2d40
139.48332824993446  0.9013558720462989 219.48332824993446 pid2e9e
139.89145422743275  1.8900530937758175 219.89145422743275 pid2d82
140.88450109170614  1.0570871363237329 220.88450109170614 pid2cfb
141.2490036901015  1.926609116252281 221.2490036901015 pid2dc2
141.40934670890536  1.575390474264664 221.40934670890536 pid2d21
141.9008407395487  0.6520447271595287 221.9008407395487 pid2d8b
141.97027008711117  1.748256589200547 221.97027008711117 pid2e37
142.76608594963696  0.9197878028874442 222.76608594963696 pid2daa
144.03538083424922  1.185354736651983 224.03538083424922 pid2d43
144.22382428760332  0.7144653087980423 224.22382428760332 pid2e3c
144.41378833852997  1.2832787746211054 224.41378833852997 pid2def
144.47483449373445  0.6147893642297371 224.47483449373445 pid2d92
144.7721111300582  1.1669409080641941 224.7721111300582 pid2de1
144.96262358140734  0.6160401472516054 224.96262358140734 pid2eaa
145.2415112583725  0.7208659164367716 225.2415112583725 pid2cff
145.79752926918118  1.9718674504919687 225.79752926918118 pid2e40
146.02645291306914  1.5589183809298617 226.02645291306914 pid2d93
146.10856050720128  0.5505653548405162 226.10856050720128 pid2e30
146.22264108313297  1.2157965115223615 226.22264108313297 pid2d76
146.56717360202762  0.7130930754784848 226.56717360202762 pid2e1f
146.6786945823691  1.078713070674476 226.6786945823691 pid2e8e
147.19032199328603  1.0662239007618424 227.19032199328603 pid2d0e
147.3938766804074  1.1851073372956649 227.3938766804074 pid2d7c
147.62487260910467  1.343485682155833 227.62487260910467 pid2d46
148.1098352176698  0.9957384782742992 228.1098352176698 pid2cf8
148.36958549411037  1.6940686257609294 228.36958549411037 pid2dd7
148.62373441440863  0.5410992514199799 228.62373441440863 pid2dd2
148.63649541577576  1.086570378890085 228.63649541577576 pid2dc4
148.8201753600195  1.6115458511788612 228.8201753600195 pid2d1c
149.85892105413282  0.5477746567191031 229.85892105413282 pid2dfe
