0.3201726387450643  0.5954244938330038 80.32017263874506 pid7cc
3.2731544356368545  1.2193499833907713 83.27315443563685 pid79f
4.228418526244066  1.7176247134375995 84.22841852624407 pid7ce
8.722162031655644  1.7260717235440062 88.72216203165564 pid7c4
9.326260038923657  1.8019719930009925 89.32626003892366 pid7aa
11.849275419443256  1.9633467527071056 91.84927541944326 pid7b8
17.424010183455184  1.3134545213098565 97.42401018345518 pid7ab
17.700186456170403  1.9020082793602118 97.7001864561704 pid7c0
28.22075542008406  1.9957945501642214 108.22075542008406 pid7ae
29.37431312131413  0.8905906405011846 109.37431312131413 pid7cf
32.2574198848648  1.9443749775069974 112.2574198848648 pid7ba
37.785105161783896  0.7391291481465407 117.78510516178389 pid7bc
38.696441505718745  1.067534495346182 118.69644150571875 pid7b9
41.023574480466465  0.653782570683462 121.02357448046646 pid7c3
49.76378200821415  1.7238891612900618 129.76378200821415 pid7a5
49.99093962148309  0.5864842394102708 129.9909396214831 pid7a9
56.33771505770667  1.896364918938414 136.33771505770667 pid7b2
64.1298287702034  0.5698503404357127 144.1298287702034 pid7af
73.39874016369147  1.3975045340675243 153.39874016369146 pid7be
75.49335940724498  1.3605971938910923 155.49335940724498 pid7cb
77.66257088048133  1.1585486675014742 157.66257088048133 pid7c2
80.02852890771545  0.8259771807703762 160.02852890771544 pid7bd
81.50775962204683  1.559044213043474 161.50775962204682 pid7b4
82.09796898535858  1.3976304414042122 162.0979689853586 pid7a2
85.06524111018685  1.2498056914114868 165.06524111018683 pid7b7
89.82362263891581  1.297776824235275 169.82362263891582 pid7a7
96.4138802681118  1.1418454538229033 176.4138802681118 pid7a0
99.52359820762311  1.880756726365351 179.5235982076231 pid7ca
99.97807970667978  0.6371526617663099 179.97807970667978 pid7ac
105.44010319294715  0.5042877899568841 185.44010319294716 pid7b6
106.35857678423673  0.6942617702282394 186.35857678423673 pid7bf
109.98460886671671  1.1726790450511455 189.9846088667167 pid7c9
112.85110788318903  1.8404634322941806 192.85110788318903 pid7a1
116.40687261386248  0.6055076869253733 196.40687261386248 pid7b3
116.95338843528884  1.0964055847127436 196.95338843528884 pid7cd
121.12248346669111  0.8767102815254205 201.1224834666911 pid7bb
123.7387420862436  0.793307472724166 203.7387420862436 pid7a4
125.19103200833554  0.5054671882276693 205.19103200833553 pid79e
130.8640852315755  1.1392244449882176 210.8640852315755 pid7ad
132.25572607780234  1.8924735528606744 212.25572607780234 pid7a6
133.2340367413738  1.2533383426968578 213.2340367413738 pid7b0
134.55124038294738  0.9554694101418424 214.55124038294738 pid7c1
136.32950617314617  1.9356036000102528 216.32950617314617 pid7c6
136.43191710443648  1.1219351529795856 216.43191710443648 pid7b1
136.45075659706012  1.9953669214873178 216.45075659706012 pid7a8
138.65892567256338  1.937789770736023 218.65892567256338 pid7c7
138.86885580341865  1.840596753075061 218.86885580341865 pid7b5
143.07479489764347  1.848109800566461 223.07479489764347 pid7a3
145.44389135121446  1.1991594037157225 225.44389135121446 pid7c8
145.44856261934086  0.7296210375792569 225.44856261934086 pid7c5
