0.5825384129340327  4.242478644587326 9.067495702108685 pid1314
1.6845627709956257  4.584261026900866 10.853084824797358 pid12f9
2.474115106098893  2.3160031569332205 7.1061214199653335 pid12fa
2.7652887363865686  2.509266253058746 7.783821242504061 pid12fb
6.345782636621191  1.4413391722282718 9.228460981077735 pid12a2
6.579371252123838  1.9129163451167077 10.405203942357254 pid12c9
7.965865774294398  4.459797926516237 16.885461627326873 pid131b
9.724317507923708  4.443397145076451 18.61111179807661 pid12ad
9.853814954299963  3.8841271359732135 17.62206922624639 pid1320
9.881037493291236  4.875180018824608 19.631397530940454 pid129e
10.574638614758003  2.539972302980324 15.654583220718651 pid12e8
10.623535628138093  1.091011310914911 12.805558249967916 pid12bf
14.284895167718483  2.868762366972695 20.022419901663874 pid12eb
14.685819734208234  3.7530312222664044 22.191882178741043 pid1297
15.21796286198761  1.6731468038074166 18.564256469602444 pid12be
16.273657455226555  1.2205506744254873 18.71475880407753 pid1311
18.18357505591798  1.269971460361103 20.72351797664019 pid1315
20.310027576814534  4.211414005220096 28.732855587254726 pid131c
20.92180868996638  3.074717829332984 27.071244348632348 pid1322
21.66454898893823  4.9667146088636365 31.597978206665502 pid12db
23.03177981180697  2.850131869488948 28.732043550784866 pid1318
23.707227564566764  3.570316484298815 30.847860533164393 pid1309
24.68176411115439  2.0435894644449544 28.7689430400443 pid12ea
24.967760710798647  3.8172511642028604 32.60226303920437 pid12fd
31.336619626799504  3.496115835481214 38.32885129776193 pid12e5
31.348144839668212  3.048697610019245 37.4455400597067 pid12d9
31.85023135252516  2.268312915713663 36.386857183952486 pid12b6
32.87485681526395  2.2293440718451754 37.333544958954306 pid12bb
34.2923053947537  3.37210895979872 41.036523314351136 pid12fc
34.56318756229067  2.54643265477873 39.65605287184813 pid12d4
35.549859642212446  1.177593864856004 37.905047371924454 pid1316
35.65707543482833  3.978675508896425 43.61442645262118 pid12e0
36.7389943652892  4.056452414746628 44.85189919478246 pid131e
37.75834889749665  4.274878875676107 46.30810664884886 pid1307
39.06242313423102  4.577946609932058 48.21831635409514 pid12ce
40.22219446625243  2.626498420621365 45.475191307495166 pid12a1
40.46364043976659  4.484156269880328 49.43195297952725 pid12e1
40.7359061647418  3.3911316088574446 47.51816938245669 pid12aa
42.676007687556435  4.0939647023195 50.863937092195435 pid12f2
45.480467999958336  1.5366504105777308 48.5537688211138 pid12a6
45.725637906079434  3.099783477428296 51.92520486093603 pid1295
46.732981316740904  4.016257302863863 54.76549592246863 pid12a5
49.17995329071473  3.0527917172238905 55.28553672516251 pid12a3
49.68621604330275  3.1006229447453033 55.88746193279336 pid1298
51.37621573401118  2.4465531101834235 56.26932195437803 pid129b
51.461557881255295  3.230648088765787 57.92285405878687 pid12d5
52.834571147579574  1.3419318589279956 55.518434865435566 pid12d0
54.526623641962026  2.2078642089415372 58.9423520598451 pid12c6
55.40922455265931  3.175304371624159 61.759833295907626 pid12c0
55.708192816546976  4.526064225230471 64.76032126700792 pid1308
56.78142792348485  2.0199884289491337 60.821404781383116 pid12bd
59.4284632742268  1.5457294939570727 62.519922262140945 pid12ac
60.72888972200861  3.771433690032465 68.27175710207354 pid1312
61.25222341256596  1.3532859683576044 63.95879534928117 pid12dc
61.44341421319543  3.7024459742902778 68.84830616177598 pid12d3
61.77389553248288  3.591931109708253 68.9577577518994 pid130e
63.76147468315944  2.8106726285171217 69.38281994019368 pid1305
66.19306155014809  4.139850414219689 74.47276237858746 pid12f6
66.5293671198144  4.2314816621886315 74.99233044419165 pid1304
66.67827631857793  3.949372914307504 74.57702214719293 pid12f3
67.18548999289418  3.6117222777541755 74.40893454840253 pid12b9
67.6019880585481  2.537789671125678 72.67756740079946 pid128e
67.60689429710375  3.570958829604808 74.74881195631336 pid12c3
68.29446310079624  1.5487156121933179 71.39189432518288 pid12d2
68.84427132192388  2.0451511906296562 72.93457370318319 pid12e9
69.4147780032491  3.8347691564844473 77.084316316218 pid12f4
70.97283081396262  2.8202256935278687 76.61328220101835 pid12e6
73.2829560334486  3.5679828868723282 80.41892180719326 pid12ec
73.7279041607466  2.419529926207911 78.56696401316242 pid12ff
73.81348699877316  2.673582049323208 79.16065109741957 pid12a8
74.56985494018348  3.106670390192479 80.78319572056843 pid1323
74.80192285659118  2.8075192353718097 80.41696132733479 pid12f0
75.61629494103133  1.4595718579491264 78.53543865692959 pid12b5
78.02396924626902  1.3472813534929284 80.71853195325488 pid1321
82.03369573921826  4.9920458278814 92.01778739498106 pid130f
85.13139496567835  1.4231007561686568 87.97759647801567 pid1313
86.89018998382635  3.0587745931386765 93.0077391701037 pid12c5
87.07616215086927  3.808513745071182 94.69318964101163 pid12f8
87.27855215218685  2.989190422317768 93.25693299682239 pid1317
90.29741167661322  3.9530266434211576 98.20346496345553 pid12cf
92.42115489187788  3.3856063692063656 99.1923676302906 pid1292
92.82101527481653  1.6035467311609901 96.02810873713851 pid12e4
93.24990393071276  2.0221209563910723 97.2941458434949 pid1294
93.88809424774286  4.851674982305655 103.59144421235416 pid12c8
96.41767834928376  1.4479199100239977 99.31351816933176 pid12b7
97.49152274248817  2.5270740712150572 102.54567088491828 pid12ab
101.55999113951981  2.4906677813811187 106.54132670228205 pid131d
101.9016572018277  2.9143007491199597 107.73025870006762 pid12b1
104.16421445528917  1.0350829980290999 106.23438045134736 pid12a4
104.53582339144565  3.228242785611085 110.99230896266782 pid12ae
105.02649659027952  1.7131281456372878 108.45275288155409 pid1296
105.52971665980976  4.096525819031525 113.72276829787282 pid1291
105.74405154848469  2.5952814212563218 110.93461439099734 pid12e2
110.08227590381333  4.299182731951589 118.6806413677165 pid12b0
110.12137201185388  4.208523416791717 118.53841884543732 pid12a9
112.4163081899515  2.581956139851246 117.58022046965398 pid12ef
113.67120447730217  3.8076281635482143 121.2864608043986 pid12cc
115.922603798542  3.4272133896913988 122.77703057792479 pid130d
119.32794358143428  1.7966489832674735 122.92124154796923 pid12f5
121.33801266836888  1.6612823191440222 124.66057730665692 pid12c2
122.33624887746429  4.34616386036098 131.02857659818625 pid12ed
123.23262104138983  2.5857367118571934 128.4040944651042 pid12d1
124.81656831272477  4.736974760379734 134.29051783348424 pid12b8
126.19914685842448  1.6868843295252582 129.572915517475 pid12da
126.55887610254149  3.3446672840075227 133.24821067055655 pid12df
127.75867224121667  3.6647488056804605 135.0881698525776 pid1310
130.69218704521904  4.28981402616848 139.27181509755601 pid1299
131.07983670941087  4.567577328430222 140.2149913662713 pid12fe
132.38758279815687  2.7555870431067584 137.89875688437039 pid131f
139.14402983125015  4.1785544658543206 147.5011387629588 pid12cd
139.54663821270182  1.9398059580536073 143.42625012880904 pid12af
140.62809612626685  2.8690792827740754 146.36625469181502 pid12ba
140.92889171644063  4.696318257175835 150.3215282307923 pid1319
142.29473890965815  1.875551645405952 146.04584220047005 pid12c4
143.71113684906575  2.230849953972946 148.17283675701165 pid129c
143.82274421234266  3.9479723194522554 151.71868885124718 pid12f7
144.0763193709625  2.5917890980353087 149.2598975670331 pid12b3
146.96525338332998  1.096727030867601 149.15870744506518 pid1300
148.43261939173593  1.3957982967641533 151.22421598526424 pid12e3
148.61780008237184  4.78589736290689 158.18959480818563 pid12dd
148.62322190606548  4.741742365958828 158.10670663798314 pid1303
149.207054664943  4.481488349004311 158.17003136295162 pid12de
151.26185127325968  2.2363966803136606 155.734644633887 pid129f
153.33903726196658  4.747818645408608 162.8346745527838 pid1293
153.5497409969963  4.223494179924692 161.99672935684566 pid12a7
154.11290971885157  1.7526288489674067 157.61816741678638 pid12b4
154.28782285586087  3.4029163092900006 161.09365547444088 pid129d
156.79341853692878  1.3884465638733374 159.57031166467544 pid1290
157.30009599455542  4.923680422230399 167.14745683901623 pid131a
158.0368468956721  2.072423997143681 162.1816948899595 pid12a0
162.31211955159338  2.972315872564128 168.25675129672163 pid12ee
163.0186162219621  4.761391187169856 172.5413985963018 pid12d6
163.34612269729735  3.364821532947926 170.0757657631932 pid130a
164.2826449393797  3.1423312549704367 170.5673074493206 pid1302
164.31803168727956  1.332164797549114 166.98236128237778 pid128f
165.659821826887  1.7188052671167418 169.09743236112047 pid1306
167.50112920105317  1.3269489048116383 170.15502701067646 pid12c7
168.3190069639756  1.3156710001524505 170.9503489642805 pid12b2
168.6563298891033  2.721319971366316 174.09896983183592 pid12d7
169.82870189020426  2.176084129938836 174.18087015008194 pid12cb
170.52632360851234  4.201473155227443 178.92926991896724 pid1301
170.52705024144936  1.4621725928858362 173.45139542722103 pid12bc
171.75474949812437  2.302789775372094 176.36032904886855 pid12f1
172.0053143309254  4.490071293857177 180.98545691863973 pid12d8
172.93636710126364  2.5661839280115752 178.06873495728678 pid130b
174.25918068031382  2.2617975271621247 178.78277573463808 pid12c1
175.21978544778216  4.891514163151114 185.0028137740844 pid130c
177.00687311393855  3.5373846754419542 184.08164246482247 pid129a
178.21917972856122  1.629225742344694 181.47763121325062 pid12ca
179.71627390628632  2.893276408780332 185.502826723847 pid12e7
