0.2989377581501196  1.6898967350086311 80.29893775815012 pid800
1.7410419958613532  1.4313787266800875 81.74104199586135 pid7e7
12.922416876491067  1.263794845739199 92.92241687649107 pid7df
13.065735605677764  0.6772178310569125 93.06573560567776 pid7fd
13.712396897664918  1.9262122783154159 93.71239689766492 pid7f5
14.557450341187216  1.3275341231079152 94.55745034118722 pid7fc
16.699343564181905  0.89170870961052 96.6993435641819 pid7db
23.611674328441357  1.4321520222556365 103.61167432844135 pid7de
25.03771585997903  1.332717384623329 105.03771585997903 pid7ef
27.043683076157393  1.205897328570782 107.0436830761574 pid7d2
30.624904531080254  1.140069536465714 110.62490453108026 pid7f4
30.695802573438908  1.8781613942659203 110.69580257343891 pid7d3
35.283698101850874  1.9482820342048637 115.28369810185087 pid7d7
35.562209104982124  1.261133746882145 115.56220910498212 pid7eb
42.46660852834171  1.7100394263489505 122.46660852834171 pid7ec
42.80474551230315  1.6338622235646918 122.80474551230316 pid7e5
43.20048181852645  1.8790005108424395 123.20048181852644 pid7e8
47.17555797489222  0.7734027722018103 127.17555797489223 pid7d9
52.388204168844375  0.6009806273783211 132.38820416884437 pid7fa
54.98345593330094  1.8449901483196247 134.98345593330095 pid7f1
56.02237514269889  1.651966221069636 136.02237514269888 pid7f3
56.140790674048596  1.0886337860697222 136.1407906740486 pid7e1
57.83020402634323  1.5442390822235788 137.83020402634324 pid7fe
63.396737117140326  0.7989581683951705 143.39673711714033 pid7da
63.71843965862495  1.1804051899508516 143.71843965862496 pid7e9
66.90248376295607  1.7494787126528213 146.90248376295608 pid801
70.0745939356257  1.717907571670739 150.0745939356257 pid7d0
70.30414763404595  1.7105297166916376 150.30414763404593 pid7f0
76.86804180754824  0.5551303523476742 156.86804180754825 pid7ea
83.66387949437843  0.8951530020077725 163.66387949437842 pid7f7
88.64681222195885  0.812640255770928 168.64681222195884 pid7fb
90.61999394370517  1.2386332564572269 170.61999394370517 pid7e6
92.70708881237786  1.2537469249127347 172.70708881237786 pid7d1
99.8740478563845  1.7748999795361216 179.8740478563845 pid7e3
105.15569788067367  1.9405413242074863 185.15569788067367 pid7d8
108.3638360646675  1.1554386005609436 188.3638360646675 pid7e2
112.2684419543741  1.0581212087890561 192.2684419543741 pid7d6
112.64147897033945  1.790187667462224 192.64147897033945 pid7f8
113.20035700058594  1.6102995551128005 193.20035700058594 pid7e0
117.5034758899653  0.5120200324704981 197.5034758899653 pid7ff
118.91002960592647  1.6466462927285592 198.91002960592647 pid7e4
119.95245694706041  1.738858642160638 199.9524569470604 pid7d4
121.82332436998493  0.6943695660819759 201.82332436998493 pid7ed
123.1310561083678  1.6725208928304776 203.1310561083678 pid7f6
126.29575909587186  1.034253611343237 206.29575909587186 pid7dc
137.45776778819658  1.4203083050975827 217.45776778819658 pid7dd
138.40770557053244  0.9592584276778244 218.40770557053244 pid7f2
146.97379585708413  1.3807773260604617 226.97379585708413 pid7d5
147.0879499010827  0.9849091531804932 227.0879499010827 pid7f9
149.464100203583  1.1320488362702774 229.464100203583 pid7ee
