2.355558508132949  1.2853121281774271 82.35555850813294 pid863
3.4211915465891196  1.5238519045554737 83.42119154658911 pid840
3.7628386137133707  0.7823769625217782 83.76283861371337 pid834
9.986233463709905  1.422189840728855 89.98623346370991 pid852
13.214504119303571  1.3265314811396647 93.21450411930357 pid858
13.591032992456725  1.8554495079270776 93.59103299245672 pid85e
13.879293392001724  1.0571914092744867 93.87929339200173 pid861
17.71466905334595  1.4317623287641221 97.71466905334594 pid85d
22.24547075986504  1.4210054131259362 102.24547075986504 pid838
22.58968311198753  1.8770837621653105 102.58968311198753 pid843
25.46848904700897  1.6447431669349117 105.46848904700897 pid84e
26.777516239997297  1.3677234734767105 106.7775162399973 pid850
27.86813163392832  0.5083232953190738 107.86813163392833 pid860
33.84605457977539  1.7764826592993668 113.8460545797754 pid857
33.97129153308185  1.2192690730300688 113.97129153308185 pid84c
36.01191480768276  0.9003781096902688 116.01191480768276 pid83d
40.43452017614531  1.3686304954273398 120.43452017614531 pid854
42.167777847731294  1.1638049011124254 122.16777784773129 pid865
42.48762950368569  0.6972976327806542 122.4876295036857 pid85f
42.51830836738692  1.1219485904522197 122.51830836738692 pid83c
44.50686632318558  0.9855592235327846 124.50686632318558 pid83a
47.423039353575824  0.9339941351364771 127.42303935357583 pid839
47.59486056986667  1.5258279068700806 127.59486056986667 pid836
53.43484270991872  1.4682021685298852 133.4348427099187 pid83f
57.77388224286823  1.6059352638417013 137.77388224286824 pid862
63.37864359100361  1.8736461670137343 143.3786435910036 pid859
65.69375827378424  0.5542655766374398 145.69375827378423 pid849
70.66290156366408  0.958381479344376 150.6629015636641 pid841
73.84727186181598  1.5276263538542485 153.84727186181598 pid842
75.2097832743422  0.7110361831959124 155.20978327434221 pid85a
83.47232640365802  1.735962791778266 163.47232640365803 pid837
86.99825644370364  0.7331643160728335 166.99825644370364 pid851
94.84788700493145  0.553894248746263 174.84788700493147 pid845
95.23240690978764  0.9062236595081788 175.23240690978764 pid85b
96.11044001524841  1.5121724044711586 176.1104400152484 pid835
100.14599032762813  0.8454634966110977 180.1459903276281 pid853
106.56891212513706  1.6787366606245622 186.56891212513705 pid84d
107.9675695998188  1.651563545815901 187.9675695998188 pid848
110.77265788773583  0.7312415992026884 190.77265788773582 pid856
111.10673171858409  1.7526338651132383 191.1067317185841 pid846
112.72606586727859  1.7583375826655971 192.72606586727858 pid84f
115.37987315387616  0.6167784470377312 195.37987315387616 pid864
120.76198310125916  0.6819407785511189 200.76198310125915 pid84b
121.01565341578515  0.8445060726242335 201.01565341578515 pid85c
121.11764453060195  0.9205196105884258 201.11764453060195 pid855
128.30783215370957  0.8257570442730083 208.30783215370957 pid844
130.94594669999938  0.6137662065885305 210.94594669999938 pid847
134.93053702896788  1.2571053477364706 214.93053702896788 pid84a
136.28734915792228  1.2888470865137085 216.28734915792228 pid83e
146.20985374575218  1.2968887297231635 226.20985374575218 pid83b
