1.1054083127000291  1.6961108772570581 4.497630067214145 pid830
2.98562733824449  0.9808928811841535 4.947413100612797 pid824
3.3006250457819797  0.9473510268326127 5.195327099447205 pid81d
5.186719905770332  1.2947512069502944 7.776222319670921 pid82a
6.601040194208718  1.6321583628965017 9.865356920001721 pid811
6.706427052241015  1.8677788087911793 10.441984669823373 pid816
8.298016422861043  2.347994854010971 12.994006130882985 pid819
11.347314992292635  2.3474820682081985 16.042279128709033 pid822
13.378256186223968  2.628639296063288 18.635534778350543 pid820
13.647099262235308  1.3165126514386651 16.280124565112637 pid815
16.632233470696033  1.6408128469417154 19.913859164579463 pid804
18.544282199722407  2.535556895133089 23.615395989988585 pid80f
24.053893651550652  1.5737292079413208 27.201352067433294 pid826
26.132012713486287  2.0003099185644033 30.132632550615092 pid808
27.02513830180329  1.2854637271663092 29.596065756135907 pid809
27.93155424819692  2.4387780595249167 32.80911036724675 pid802
28.933487574396853  2.143930204935778 33.221347984268405 pid810
30.66169798895273  2.7958393417799323 36.253376672512594 pid82e
31.710395066501373  0.989268203117331 33.68893147273604 pid821
32.14075594348429  1.6622845450952068 35.4653250336747 pid80a
32.756546539553725  0.8212789709134503 34.399104481380625 pid82b
36.77431372670041  0.852726483049569 38.47976669279955 pid80b
37.4860437780232  0.48938282493654867 38.4648094278963 pid828
37.99842067194766  0.8212962652331123 39.64101320241389 pid80c
39.99482823083744  0.7817176383130131 41.558263507463465 pid81c
45.75761943296952  2.351090388954775 50.45980021087907 pid823
46.047873579788565  2.9451035776756602 51.938080735139884 pid82f
48.17974970746959  1.8699725019819167 51.91969471143342 pid825
52.30172627540283  0.45253289895324617 53.20679207330932 pid80d
61.04016397789922  1.092917905177736 63.22599978825469 pid807
62.19890904552368  2.302696457660354 66.80430196084438 pid817
65.49915884472789  1.8154973889940216 69.13015362271594 pid818
67.66805488469325  0.6982138239022906 69.06448253249783 pid803
68.88888344624716  1.91382614058915 72.71653572742547 pid805
68.95402653420803  1.8086067809155226 72.57124009603908 pid81b
69.68532420252426  0.635792105974056 70.95690841447237 pid832
70.36973680126528  1.6529063323140618 73.6755494658934 pid814
77.56100159335769  2.442960088905911 82.44692177116951 pid81e
78.82126029929067  1.3407688121650443 81.50279792362076 pid813
79.1592163272875  2.6184977951368342 84.39621191756116 pid806
79.1821016588178  0.8710784595304801 80.92425857787876 pid827
81.90487932672562  0.9002498030086951 83.70537893274302 pid82c
82.32541797036951  2.2962111912429193 86.91784035285535 pid82d
82.36847720631337  1.517256729596503 85.40299066550638 pid812
85.24065911791223  2.167225688993149 89.57511049589853 pid80e
86.52803979518305  2.520132827466581 91.56830545011621 pid81a
89.99258099410812  2.053347613518322 94.09927622114476 pid833
92.10641572548359  1.1789626679065806 94.46434106129675 pid831
94.54591576726709  2.310615229415307 99.1671462260977 pid81f
97.31791067379504  0.5613626963834208 98.44063606656188 pid829
