0.29782732645559085  0.5997315650346581 80.29782732645559 pid2650
1.0578187563847707  0.999646835736068 81.05781875638478 pid274d
1.210793124378906  1.3995354511062883 81.21079312437891 pid263a
1.2626218705028835  0.7824076931428587 81.26262187050288 pid260a
2.3023048488377995  1.267967911203369 82.30230484883779 pid25fb
2.6585684128942133  0.6840320203575438 82.65856841289421 pid2607
2.7695539320620743  1.3791276510072152 82.76955393206208 pid2664
2.7959758341145555  1.7278182613426822 82.79597583411456 pid2705
2.8769338366342936  0.8546615597786199 82.8769338366343 pid273b
3.317833729090297  1.3682114732896205 83.3178337290903 pid26a4
3.8984773397260697  1.7808196540164714 83.89847733972607 pid275e
4.283105908014489  1.7562681901927357 84.28310590801449 pid2672
4.372213946833847  1.1762371852668811 84.37221394683385 pid2691
4.389256147605369  0.9745438084110585 84.38925614760537 pid271b
5.506129392061299  0.8345552192404391 85.5061293920613 pid2667
5.866280207415614  0.7009210657855305 85.86628020741561 pid26a3
6.118427014646572  1.8714268147529476 86.11842701464657 pid266e
7.069881632126618  0.715896469123541 87.06988163212662 pid26b5
7.395660142647681  1.5031945228690975 87.39566014264769 pid2682
8.59896780001157  1.3032441770590406 88.59896780001156 pid2787
8.787340826187501  1.4571561917674885 88.7873408261875 pid270c
8.841234191821767  0.8085258906264692 88.84123419182177 pid26b6
9.462924503052184  1.4540973890131863 89.46292450305218 pid2712
9.540314844366993  1.4454093680022273 89.54031484436699 pid2612
9.821732128872718  1.7458301193838828 89.82173212887272 pid270b
10.308245103710846  0.7190765700869971 90.30824510371085 pid270f
10.472872014680156  0.7230489300038649 90.47287201468015 pid2731
11.285840306101157  0.8401169737497418 91.28584030610116 pid274c
11.87032933546236  1.4384064545975883 91.87032933546236 pid25f6
11.9108168603688  1.770896359418634 91.9108168603688 pid2696
12.100942687798788  1.2447206206854569 92.10094268779879 pid2737
12.135733537398819  1.0414418133835504 92.13573353739882 pid26ae
12.372185824298615  1.5424774300997228 92.37218582429861 pid2790
12.492985244093113  1.2213048282963217 92.49298524409312 pid2795
12.681126027259854  1.0705545852251261 92.68112602725985 pid261f
12.956358951637526  1.530082380301208 92.95635895163753 pid273f
13.975045385691748  1.6057406244191954 93.97504538569174 pid26de
15.130582927751485  0.5981616625705738 95.13058292775149 pid25f8
15.159899420896084  0.5429276518634878 95.15989942089608 pid2793
15.163849621753133  1.1738538085665748 95.16384962175313 pid279f
15.170034206231792  1.7183789016468924 95.17003420623179 pid2614
15.330647490707728  0.9810121932434549 95.33064749070773 pid26ac
15.415875306870403  1.1370168417470234 95.4158753068704 pid272a
15.729289178734135  1.9786744283801896 95.72928917873413 pid2688
16.10875099519446  1.3850021645826274 96.10875099519446 pid26ab
16.658388384933314  0.6015770059952623 96.65838838493332 pid26e5
16.800455870828333  1.0480512146533014 96.80045587082833 pid2670
17.716341781099825  1.1201692525212663 97.71634178109983 pid2692
18.066330026476813  0.9448027299252695 98.0663300264768 pid25fc
18.993902087226143  1.4900946240109594 98.99390208722615 pid2676
19.014049690825736  1.4695308727147562 99.01404969082574 pid276f
19.337188235958617  1.8749354155391522 99.33718823595862 pid25fd
19.54200324733759  0.5153055546996441 99.54200324733759 pid2663
20.13056929792643  1.6117979898565495 100.13056929792643 pid25f1
20.354644160370977  0.7458497493013321 100.35464416037098 pid26fe
20.61529318297802  1.0488448415909017 100.61529318297802 pid268a
21.097073770471287  1.1567195363858347 101.09707377047128 pid2638
21.105714376147876  1.8611743702222574 101.10571437614787 pid26ed
21.30392326839459  1.7537915744985422 101.30392326839458 pid26b2
21.526909903063444  1.0678545138972289 101.52690990306344 pid2602
22.293213856344547  0.8203985574994845 102.29321385634455 pid270e
22.301311772881576  0.7945401937576324 102.30131177288158 pid26a2
22.733473204626364  1.6462906479257378 102.73347320462636 pid273a
23.042487271454327  0.9541536899748286 103.04248727145432 pid271e
23.320656405821694  0.9779839631381718 103.3206564058217 pid2783
24.826856321157504  1.2223790647421606 104.8268563211575 pid26b3
24.981985852123938  1.981740755675929 104.98198585212394 pid268e
25.275557606099607  1.4863920930577754 105.27555760609961 pid26f8
25.588304134064682  1.9573697000794468 105.58830413406469 pid2736
26.329266529677703  1.319699885755702 106.32926652967771 pid2770
26.444220501464  0.6868787269440249 106.444220501464 pid261e
26.499877755713737  1.2984887754063765 106.49987775571374 pid26c5
26.981435650155984  0.836829371626311 106.98143565015599 pid26bd
27.15777978909275  1.9692810976814794 107.15777978909276 pid279e
27.25768361622199  1.9451477132025685 107.25768361622198 pid2765
27.288920129011462  0.9317798691435196 107.28892012901146 pid2733
27.46293260991027  0.6744720710967818 107.46293260991027 pid25e4
27.51243862608485  0.794489899725185 107.51243862608484 pid26bc
27.54836720125925  1.0451897307437148 107.54836720125925 pid2619
27.848269657225817  0.9050820567535851 107.84826965722581 pid2617
27.910366602889187  1.1167232249308532 107.91036660288918 pid2622
28.515989091467787  1.7397882476818296 108.51598909146779 pid2657
29.267158615599943  0.9549127888002855 109.26715861559994 pid25e5
29.51448526012504  0.5496138632334601 109.51448526012504 pid263d
29.753330688376355  0.6822858345115727 109.75333068837635 pid26b0
29.982832372246687  1.6390944328396893 109.98283237224669 pid2671
30.071794067698153  0.7304412737309139 110.07179406769815 pid2773
30.9886613641901  0.6129463329573273 110.98866136419011 pid26f6
31.086462915502512  0.9690853723854411 111.08646291550251 pid276c
31.590346931120116  1.6756152075643502 111.59034693112011 pid26d0
31.77478539450707  0.6531946265609267 111.77478539450706 pid27a3
31.94525061974094  1.6226929051836128 111.94525061974093 pid269f
31.989221858895256  1.0090955711413232 111.98922185889526 pid26ee
32.27450453200345  1.19270474055828 112.27450453200345 pid2643
32.5274851313782  1.5864045416265995 112.5274851313782 pid2714
32.83633245326219  0.5292043585047037 112.83633245326219 pid2678
33.0352270851026  1.6269791068995993 113.0352270851026 pid2741
33.18267356990348  1.6182642341427267 113.18267356990347 pid2797
33.73174168451188  1.613943183043935 113.73174168451189 pid2786
33.77603019668159  0.8402648229203422 113.77603019668159 pid265e
33.970577045317  1.7553232729085422 113.970577045317 pid2739
34.347343004103266  0.5247566176635994 114.34734300410327 pid2653
34.41716560169966  1.0661135196685465 114.41716560169965 pid279d
34.741023201997436  1.7867636405471516 114.74102320199744 pid2772
35.373839414706715  1.2500906281731665 115.37383941470671 pid2755
35.5980614425876  0.8800753924973183 115.5980614425876 pid276a
35.59817444586901  1.4967609353840485 115.598174445869 pid2690
35.638490608459065  1.57378197591681 115.63849060845907 pid2628
36.03415319532498  1.9541719748598676 116.03415319532499 pid2689
36.19804123141506  1.4856390921392657 116.19804123141506 pid26c8
36.24731600070449  0.9545776185420931 116.24731600070449 pid26ba
36.28932487142687  1.3311756861246065 116.28932487142687 pid2700
36.36090190869555  0.6180155841873487 116.36090190869555 pid272b
36.972346867789796  0.9530779020185789 116.9723468677898 pid262b
36.981993718558236  1.4676872387724103 116.98199371855824 pid26e8
37.31159955258469  0.7850126859081721 117.31159955258468 pid25e7
37.39295265452879  1.0535190578940128 117.39295265452878 pid2726
38.25333225956355  0.6479343892248808 118.25333225956355 pid26fb
38.25797094410077  1.1900368842948739 118.25797094410078 pid26cb
38.4259372218214  0.5811989995398628 118.4259372218214 pid27a4
38.53257158500186  1.838201764230607 118.53257158500186 pid26e0
38.60355028160653  1.6484519356018614 118.60355028160653 pid262f
38.99817724036649  1.3267141250075194 118.99817724036649 pid268c
39.19197652233983  1.2370485387698433 119.19197652233983 pid267b
39.21985916946158  1.4032972855116936 119.21985916946159 pid2661
39.33419068141612  1.3341972055911837 119.33419068141612 pid26e7
39.99857688083283  0.526818560450186 119.99857688083283 pid271c
40.05198207311984  1.3599730014782012 120.05198207311983 pid2665
40.18908526069152  1.6076517521202967 120.18908526069151 pid26c7
40.27311816204854  1.7105936083735078 120.27311816204855 pid26b8
40.334161531444664  1.6270262517795402 120.33416153144466 pid2751
40.57169245835924  1.3806716151904177 120.57169245835924 pid2763
40.87864263075038  1.8470756460384765 120.87864263075038 pid276e
41.117522673406405  1.5170561660273911 121.1175226734064 pid26a7
41.20734420787654  0.6505658489602131 121.20734420787653 pid25ef
41.7394514204522  1.7010801929572539 121.7394514204522 pid2632
41.75563122124287  0.7894144048541714 121.75563122124288 pid268f
41.773772234105714  1.454836146282532 121.7737722341057 pid265c
42.26988561420919  0.7547456096579808 122.26988561420919 pid262d
42.435606754368  1.7177012458368979 122.435606754368 pid2719
42.55294214899731  0.8407408188880643 122.55294214899732 pid27a1
42.60430251192865  0.6253770216863608 122.60430251192865 pid271d
42.90293597068291  1.2978596615765718 122.9029359706829 pid2799
43.036258807351366  0.5893014646082737 123.03625880735137 pid2640
43.095100251576774  0.566320942181153 123.09510025157678 pid266f
43.148179612701774  0.6649632539989692 123.14817961270177 pid273d
43.19300306295861  1.6209872291780203 123.19300306295861 pid273e
43.28975862569966  1.8705487076699623 123.28975862569966 pid278a
43.388053302951576  1.2459905393535067 123.38805330295158 pid2744
43.42187145594822  1.8426962165277936 123.42187145594822 pid26e3
44.90879826724832  1.8584718654227177 124.90879826724833 pid261d
45.318672467410195  0.8342598707027533 125.3186724674102 pid266d
45.405993917618204  1.0254536333014246 125.4059939176182 pid2774
46.426237512067885  1.4031476472845783 126.42623751206789 pid2646
46.93032377292783  1.9032087986076043 126.93032377292784 pid26eb
47.465884049188624  0.9203980563456093 127.46588404918862 pid278e
48.329312519757536  0.6288503783089592 128.32931251975754 pid278c
49.02002807330866  1.3134165371500421 129.02002807330865 pid2634
49.08156323888941  0.5472797268081975 129.0815632388894 pid26f4
49.43084716131758  1.3019501450031061 129.4308471613176 pid25f0
49.89244320730192  1.344303263694524 129.89244320730194 pid272f
49.94487771704813  1.9460296200789446 129.94487771704814 pid2669
50.07756179033743  1.336635603258662 130.07756179033743 pid26b9
50.11390275075586  1.40013312672144 130.11390275075587 pid2610
50.19762817394026  0.5417848704848204 130.19762817394025 pid2683
51.16505009488259  1.2794494044775275 131.1650500948826 pid26d7
51.522454251418  0.8321891493860804 131.522454251418 pid26cc
51.690403188062376  1.2098057226156564 131.69040318806236 pid265f
51.95480322675438  1.784612040977069 131.9548032267544 pid2651
53.043711278414854  1.3815483882282602 133.04371127841486 pid262c
53.35097137796212  1.3433558781252526 133.3509713779621 pid2706
54.25213488571353  1.2628007734554125 134.25213488571353 pid26c0
54.27362887564689  1.9847190156873145 134.2736288756469 pid25fa
54.4863403867833  0.9597870597037759 134.4863403867833 pid267f
55.47089924012582  1.231539106132774 135.47089924012582 pid272e
55.81536485009387  1.1523689247371918 135.81536485009389 pid270a
56.36252495338914  1.9774208046084647 136.36252495338914 pid26d8
56.56487394257808  1.9592090222561163 136.5648739425781 pid26ef
56.66127733038943  1.1616927837977453 136.66127733038942 pid2775
56.872632518944265  0.6446558070676794 136.87263251894427 pid277c
57.02311143875093  1.5940236224878002 137.02311143875093 pid260d
57.6206304586074  1.7947203327230383 137.6206304586074 pid277d
57.62571245914819  1.351576708041224 137.6257124591482 pid2673
58.26477667585307  0.8894747041568303 138.26477667585306 pid2717
58.46856654718689  0.5633995090191681 138.4685665471869 pid2767
58.747898798334695  0.6109992289633239 138.7478987983347 pid2721
58.781785321625044  1.9987055871105148 138.78178532162505 pid2715
58.91011859267196  1.7374139591041748 138.91011859267195 pid2697
59.401073983385146  1.0545302372340215 139.40107398338515 pid26da
59.53986964430179  1.8115068266328334 139.5398696443018 pid264c
59.88606279160597  1.8865015279267132 139.88606279160598 pid2711
60.408054972185  0.5906148166066141 140.408054972185 pid26c9
60.45600737522794  0.7831776687394261 140.45600737522795 pid2791
60.49061525211072  0.5437557843355176 140.49061525211073 pid26ad
60.81893358725497  0.6883350869547833 140.81893358725497 pid25ec
60.92609583559599  0.95371985460628 140.926095835596 pid2709
61.33282136212227  0.9757538318228769 141.33282136212227 pid2609
61.34828014892925  1.9134452038276526 141.34828014892923 pid263c
61.73292873065282  0.7608021161662906 141.73292873065282 pid27a0
61.86609935522114  1.1776235089055453 141.86609935522114 pid2629
61.91236165889195  1.3828637076278187 141.91236165889194 pid26b4
61.938423932778505  0.9390499612389399 141.9384239327785 pid25f9
62.04310143723601  0.5737157208990202 142.043101437236 pid2710
62.38179499873284  1.3863988461680838 142.38179499873286 pid26ca
62.38323787468693  1.0541776088623456 142.38323787468693 pid26f0
62.53331805088212  0.9427521339049718 142.53331805088212 pid2656
65.13992046278999  0.6796342625388956 145.13992046278997 pid272c
65.43636876957561  0.8599868150915995 145.4363687695756 pid25ed
66.0811321699675  0.781037875307886 146.0811321699675 pid2623
66.58142056519057  1.9545162496502746 146.58142056519057 pid278b
66.77202594055703  1.7438770998770385 146.77202594055703 pid267e
67.24007203354937  1.8015736551735992 147.24007203354938 pid26a5
67.40939869420575  0.840768322004915 147.40939869420575 pid2725
68.60537612892594  0.502156628538683 148.60537612892594 pid26ec
68.90163814179829  1.4541043249941126 148.9016381417983 pid26bb
68.95358935779727  1.0014712326081223 148.95358935779728 pid25ee
70.04814294096194  0.7644620316678714 150.04814294096195 pid2776
70.38484864913116  1.1510754483488739 150.38484864913116 pid2720
70.79483228506174  1.002885947504726 150.79483228506174 pid26c4
70.8002848723026  1.8589148717555648 150.8002848723026 pid26aa
71.18701383126569  0.596921035729649 151.1870138312657 pid2777
71.62516651053117  1.233610673220938 151.6251665105312 pid2608
71.8136167948993  1.0668223514724846 151.8136167948993 pid2729
73.00319849276914  1.8792246388541205 153.00319849276914 pid2789
73.62692191138441  1.3462484559201777 153.62692191138441 pid277b
73.70290786867108  0.7200206616153966 153.70290786867108 pid2675
74.5894069346408  0.6022315076837171 154.5894069346408 pid27a2
74.75431690475315  1.155166076738562 154.75431690475315 pid2687
74.94253683299654  0.9811885338608868 154.94253683299655 pid262a
75.07171948804947  0.8143017765293645 155.07171948804947 pid2621
76.29345612050177  0.856748590044808 156.2934561205018 pid26c6
76.39995647145456  1.8073031907789692 156.39995647145457 pid2716
76.4582613846234  1.9284321758705836 156.4582613846234 pid2644
76.72494845617834  0.9024883250432952 156.72494845617834 pid261b
76.82327701705572  1.488369950242866 156.82327701705572 pid26a8
76.84137943962018  1.708475173026751 156.8413794396202 pid275d
79.23509392585939  0.7951254370915721 159.2350939258594 pid2600
79.84030757188758  0.7061434539874871 159.8403075718876 pid2761
80.30432111453291  0.6083091304225534 160.3043211145329 pid25fe
80.59626569553636  1.8771842574383184 160.59626569553637 pid2718
81.20725106453293  0.8023257306238043 161.20725106453293 pid26af
81.98564971720987  0.6007479292304712 161.98564971720987 pid265a
82.0651440943659  1.3895371859476207 162.0651440943659 pid26dd
82.17128454078285  1.479201224150256 162.17128454078284 pid26c3
82.39683657780402  0.5205573815435814 162.39683657780404 pid274b
82.62993018823592  1.1859301315265205 162.6299301882359 pid27a5
83.07791576239964  0.5390793728909513 163.07791576239964 pid265d
83.51875520398433  1.3170653253717022 163.5187552039843 pid2708
84.41262183069001  1.835941580074941 164.41262183069 pid2684
84.50227248511786  0.7603743963573344 164.50227248511786 pid2652
84.50780496928233  1.9648426505874106 164.50780496928235 pid2611
84.57119542476586  1.2615729382120966 164.57119542476585 pid2760
85.8656700773447  1.0042036160265753 165.8656700773447 pid2658
85.98129785942703  1.2866628926449801 165.98129785942703 pid2659
85.99211310941857  1.9717370108770935 165.99211310941857 pid2655
86.30890152018448  1.448804135225989 166.30890152018446 pid25eb
86.48840520590132  1.4916577025472393 166.4884052059013 pid2753
86.79551232944806  1.0546780584224609 166.79551232944806 pid2642
86.94114537509036  0.7428460201421383 166.94114537509034 pid271f
87.50700663147909  0.6860635220484937 167.5070066314791 pid2699
87.64092978436446  1.2296639069752895 167.64092978436446 pid26d9
87.65679019656119  1.271340177539125 167.6567901965612 pid2766
89.64234822152633  1.2054582568804098 169.64234822152633 pid26f9
90.29124556649099  0.666620302455105 170.291245566491 pid260c
90.57994655665613  0.6257681949075521 170.57994655665613 pid2613
91.1662529280395  1.227114255124567 171.1662529280395 pid26db
91.31537038765651  1.1728175324199435 171.31537038765651 pid2668
91.41400680469323  1.3298170858201714 171.41400680469323 pid279c
91.62214739067075  1.5387904466769569 171.62214739067076 pid269b
91.87954445134284  1.764364630537975 171.87954445134284 pid2724
91.94307943767312  0.986942082670101 171.94307943767313 pid25f2
92.43862942326005  0.8127223053838911 172.43862942326007 pid278f
92.48114937421633  1.9385729204703401 172.48114937421633 pid2749
93.82103373874811  1.3286597223653296 173.8210337387481 pid2648
94.06640180532777  0.9598714233314167 174.06640180532776 pid26a0
94.75390673065976  1.0284211781826444 174.75390673065976 pid268d
94.91256801253434  1.9143667327554577 174.91256801253434 pid26b1
94.97859773215679  1.7390101458671967 174.9785977321568 pid2780
95.35398852444459  1.7198868025885867 175.3539885244446 pid2734
95.52077787575138  1.6023540041245807 175.52077787575138 pid26a6
95.60526669098172  1.9829064754433037 175.60526669098172 pid2666
95.87694058027391  1.064912084446666 175.87694058027392 pid2635
95.94862623242231  1.0882703355019012 175.94862623242233 pid2649
96.03788511362725  1.290159344860689 176.03788511362725 pid25f3
96.71571575359235  1.6353066911142262 176.71571575359235 pid2627
96.78598944818921  1.3927346370626645 176.7859894481892 pid25f4
96.79615768320379  1.2452010347351865 176.79615768320377 pid2722
96.89806768372603  1.2027782857889016 176.89806768372603 pid26a9
96.99062462379928  1.977409551661188 176.99062462379928 pid26ce
97.090066733237  1.245409263042589 177.090066733237 pid26d4
98.66814963564768  1.3448043300606145 178.6681496356477 pid26d3
98.71908322308735  1.1964841049426855 178.71908322308735 pid263b
98.73313995696336  1.2201863118725456 178.73313995696336 pid26df
98.91855515766939  0.9815111171850082 178.9185551576694 pid2750
99.46562436665664  1.78727372192315 179.46562436665664 pid2742
99.69145335236979  0.5604829949183512 179.6914533523698 pid26e6
99.89139659874496  1.7951747135909861 179.89139659874496 pid26fc
99.94837356837262  0.5038582746791861 179.94837356837263 pid25ea
100.39157759948971  1.2895201467641249 180.39157759948972 pid2677
100.47863159870076  1.6054109213886525 180.47863159870076 pid2752
101.59283384995898  1.2248357032370214 181.592833849959 pid2781
102.34485759584918  1.6337993615748454 182.3448575958492 pid261a
102.53445543652855  1.2139790013545275 182.53445543652856 pid2686
102.70511583432348  0.6291357059339717 182.70511583432346 pid2679
102.8087265107091  1.814503603264439 182.8087265107091 pid2637
103.2713087845956  0.7013190378322349 183.2713087845956 pid2603
103.40293114078116  1.299997098828566 183.40293114078116 pid269c
104.0429126736136  1.233159706581128 184.0429126736136 pid2757
104.88631796172528  1.4768002103119127 184.8863179617253 pid276b
104.99964262551458  1.1157510558165962 184.99964262551458 pid26be
105.46495109793977  1.3802899845491146 185.46495109793977 pid26c2
105.49520727221666  0.7313887034861903 185.49520727221665 pid269d
105.9168883816187  0.7745936931484647 185.91688838161872 pid275c
107.17270233473707  0.9617425522789106 187.17270233473707 pid2631
107.22002948572312  1.3963997520555471 187.2200294857231 pid26e4
107.7422144987007  0.6798092101244196 187.74221449870072 pid2771
107.89607132121871  1.7971715262888237 187.8960713212187 pid272d
108.32976379151089  1.2243185483341383 188.32976379151089 pid267d
108.48068908780702  0.7643775356766349 188.48068908780704 pid2759
108.5503999601042  0.972291164040981 188.5503999601042 pid2636
108.66567119975227  1.6583093275325453 188.66567119975227 pid2743
109.3158321857917  1.9985932556619215 189.3158321857917 pid2756
109.8765643337476  1.2841298488624038 189.87656433374758 pid277e
110.06525429840379  1.9987307462047335 190.06525429840377 pid279b
110.49103060437393  1.1272037909564125 190.49103060437392 pid2639
111.12672071414737  1.2763665948679814 191.12672071414738 pid274f
111.65513831250702  0.9326319919457207 191.655138312507 pid2738
111.96115166128044  1.5734026540257218 191.96115166128044 pid271a
112.04258557475332  1.942049551808641 192.04258557475333 pid2784
112.09891928551475  1.7544872395753386 192.09891928551474 pid2794
112.2001807786727  0.6720000933709503 192.2001807786727 pid2798
112.41263749298263  0.8198381296108794 192.41263749298264 pid26f2
112.99786511109484  1.2456255747087446 192.99786511109482 pid275a
114.52125307338613  0.7337886386896655 194.52125307338613 pid26f5
114.52254765162952  1.5958829477684455 194.5225476516295 pid260b
114.71284439445935  1.655914897426608 194.71284439445935 pid2792
114.8196817432904  0.9559070277234611 194.8196817432904 pid2713
115.09929420153978  0.6724339387673905 195.09929420153978 pid2745
115.10063862901147  1.9345373043771237 195.10063862901148 pid26f1
115.16669521513978  0.9158728120447599 195.16669521513978 pid2778
115.42625107472874  1.6059921624207472 195.42625107472873 pid2748
115.96735552345943  0.6946554390421479 195.96735552345945 pid2620
116.5764954531234  0.7504457770657831 196.5764954531234 pid2782
116.75546642464721  0.7934432688004629 196.7554664246472 pid2785
117.51816133575755  0.9228634014888587 197.51816133575755 pid26d5
117.81977315007379  1.6848942511680245 197.8197731500738 pid261c
118.52183489757674  1.5527528099766346 198.52183489757675 pid2702
118.80561854495156  0.8401615142959848 198.80561854495156 pid2730
118.98108862005571  1.9932242323393572 198.98108862005571 pid279a
119.09871466889943  1.1509859261333029 199.09871466889945 pid2788
119.39498997830799  1.0282612966157152 199.394989978308 pid264b
119.41620354071972  1.659542638081383 199.41620354071972 pid25e8
119.47821758095073  1.9043174378321337 199.47821758095074 pid264e
119.48226090933274  1.517516739381024 199.48226090933275 pid2698
120.0883874892475  1.0839615885464875 200.0883874892475 pid278d
120.2624288315963  0.928162965926363 200.2624288315963 pid26bf
120.4251285560551  1.4995670391128328 200.42512855605509 pid2626
120.47862286880476  1.7293855117960055 200.47862286880476 pid269a
120.78332706413534  1.247621760477898 200.78332706413534 pid275b
121.05465950274618  0.9735447070749337 201.05465950274618 pid2728
121.05595029569827  1.2608219389129818 201.05595029569827 pid275f
121.10283745573813  0.701030597980898 201.10283745573813 pid26d2
121.1429193157074  1.3589544921584333 201.1429193157074 pid2615
121.17045223088495  0.5699150672600429 201.17045223088496 pid2779
121.21070891642677  1.78953638636978 201.21070891642677 pid25f5
121.34840345293273  1.028454399654275 201.34840345293273 pid277a
121.72411537866212  1.0065487051964224 201.72411537866213 pid2704
121.73839308965745  1.0486473226458106 201.73839308965745 pid2674
122.38708711002133  0.8766891951046012 202.38708711002133 pid2680
122.60391132065506  1.752383155232298 202.60391132065507 pid26e2
123.24014975855434  1.200253658187375 203.24014975855434 pid2624
123.37802384855804  1.4414961707573573 203.37802384855803 pid26ea
123.95465996454276  1.0002078011583602 203.95465996454277 pid264d
124.27793035506787  0.8987120004832205 204.27793035506787 pid264a
124.86397482228043  0.6657404417635968 204.86397482228043 pid2647
125.07253927689018  1.9273772091193324 205.07253927689018 pid264f
125.10085184274345  1.10549798993539 205.10085184274345 pid2732
125.71465643626031  1.5394803438733273 205.71465643626033 pid26c1
125.7746109256565  1.3355835801525344 205.7746109256565 pid263f
125.81874827315308  1.0247589799574497 205.81874827315306 pid2601
126.20670107076154  0.84715962943638 206.20670107076154 pid26f3
126.3475724991603  1.6789256671791 206.3475724991603 pid277f
126.84993307826973  0.6433807388133801 206.84993307826971 pid2740
126.95746791174466  1.1170496771951703 206.95746791174466 pid2616
127.3006906427896  1.1589355594733937 207.30069064278962 pid2703
127.3895759512269  1.996877210974155 207.3895759512269 pid25ff
127.5443606987152  0.844505434196216 207.5443606987152 pid2681
127.73174245062619  1.3810312488351102 207.7317424506262 pid2660
128.12929064430196  0.7920769301306807 208.12929064430196 pid266a
129.11162810879696  1.7873862625230166 209.11162810879696 pid25e9
129.7681403182816  1.3445554552575223 209.7681403182816 pid2764
130.76251586603902  1.6751611272068163 210.76251586603902 pid2735
130.88088787647527  0.5248517234843548 210.88088787647527 pid2604
131.18469984603624  1.8709349044662618 211.18469984603624 pid274e
131.32166948338752  1.199566248963562 211.32166948338752 pid263e
132.50583419291078  1.5490121326478554 212.50583419291078 pid2694
132.747780344753  0.7842449862480605 212.747780344753 pid2768
132.75520695545634  0.6609635686224904 212.75520695545634 pid26d1
133.3036889781231  1.043548577029207 213.3036889781231 pid26f7
133.6633733922519  1.451951797772694 213.6633733922519 pid273c
133.70562104692056  1.8270183684198715 213.70562104692056 pid26dc
133.82337989513857  0.8299848394551634 213.82337989513857 pid270d
133.9076907657633  1.330933072398516 213.9076907657633 pid2641
134.65376178945758  1.5412045517304054 214.65376178945758 pid2625
135.1302223210004  1.9193644673983112 215.1302223210004 pid2605
135.28479574067688  1.4527473760062195 215.28479574067688 pid26cd
135.87789964667212  0.5586234121572324 215.87789964667212 pid2747
136.52747837001354  1.3185527388422194 216.52747837001354 pid2685
136.70097436069906  1.2301105029105766 216.70097436069906 pid2654
136.71778826212946  1.3021357080207667 216.71778826212946 pid2762
136.85736134550183  0.8173323073515968 216.85736134550183 pid2645
137.08724320268385  1.6581902813640226 217.08724320268385 pid269e
137.19609500994952  1.2472171542233912 217.19609500994952 pid260e
137.3593093718956  1.7141349757658513 217.3593093718956 pid26cf
137.54641835714133  1.9484927381494923 217.54641835714133 pid2695
138.36630643646376  1.4847402382038046 218.36630643646376 pid2618
139.74778460858346  0.8740101071247776 219.74778460858346 pid26a1
139.80058294961515  1.2043400583337833 219.80058294961515 pid267c
140.2164226392583  1.9434147891966098 220.2164226392583 pid25e6
140.60829919621548  1.6650175300089576 220.60829919621548 pid26d6
140.98496638104865  1.5650756556086471 220.98496638104865 pid260f
141.13496124037204  0.9768578902415149 221.13496124037204 pid266b
141.19806783391283  1.8507826431685477 221.19806783391283 pid267a
141.2848007750006  1.675152335696117 221.2848007750006 pid274a
141.58002993497286  0.7326410730394202 221.58002993497286 pid26fd
141.64183980699931  0.6583799850695506 221.64183980699931 pid2796
141.69157532103446  1.6413269260818653 221.69157532103446 pid2701
142.3773800160869  1.2456300395945648 222.3773800160869 pid2707
142.6025339628641  1.5780660863465306 222.6025339628641 pid2630
142.6511423665767  1.723052057289716 222.6511423665767 pid262e
142.9819142000405  1.419838008528048 222.9819142000405 pid266c
143.21664408685794  1.2506029718020442 223.21664408685794 pid2758
144.11058231558968  1.929352693607985 224.11058231558968 pid2746
144.28683248381523  0.9441900833150616 224.28683248381523 pid26b7
144.29003690790415  1.4544558574786641 224.29003690790415 pid2727
144.31287300248388  0.7470080670560489 224.31287300248388 pid26e9
144.42947023249525  1.992432619638221 224.42947023249525 pid2662
144.44013994501628  0.8789764130520744 224.44013994501628 pid26ff
145.0012578767233  1.0394397238307151 225.0012578767233 pid26fa
145.55420544959642  0.5772307575337601 225.55420544959642 pid2633
146.4893657749978  0.9288694641957824 226.4893657749978 pid265b
147.06172591067914  1.339289330850029 227.06172591067914 pid2769
147.0769399424184  1.6560074039556762 227.0769399424184 pid2606
148.0228243428393  1.3658180556780848 228.0228243428393 pid2693
148.4602559508428  0.5358780818523119 228.4602559508428 pid2754
148.57869260502883  1.6461951620744706 228.57869260502883 pid25f7
149.00591099462204  1.395117961665709 229.00591099462204 pid276d
149.03494784981038  0.6386768954585611 229.03494784981038 pid26e1
149.55129869615087  1.1187825639275415 229.55129869615087 pid2723
149.83203032605778  1.0237199162883037 229.83203032605778 pid268b
