1.9842963126920243  2.375250206327004 6.7347967253460315 pid6c5
5.042747497482047  2.35461124565599 9.751969988794027 pid6a7
6.317909697888425  2.9110464566884735 12.140002611265372 pid6c6
7.120510895177945  0.48434569893867896 8.089202293055303 pid6c0
7.6703144683705204  2.749700692682944 13.16971585373641 pid6b0
14.764558148224005  2.1854853163286094 19.135528780881224 pid6c9
14.863660025520165  2.9562076627330818 20.77607535098633 pid6d2
16.673379572045977  2.637917694658395 21.949214961362767 pid6a6
17.825848585178463  2.632043109402889 23.089934803984242 pid6ad
18.57962754672836  2.208393576764343 22.99641470025705 pid6a9
18.86589908867635  1.7709161915276077 22.407731471731566 pid6ce
21.48975793145723  1.9198073262680104 25.32937258399325 pid6c3
23.36628554717076  2.92383540078053 29.21395634873182 pid6ba
23.659131730737116  0.9901997777243744 25.639531286185864 pid6b6
24.023719864679983  0.697038497169046 25.417796859018075 pid6c8
26.327294725707716  2.9779988096156305 32.28329234493898 pid6ae
27.559732390181168  0.9307316109855499 29.421195612152268 pid6bb
28.82868434619147  1.017222732053829 30.863129810299128 pid6a8
30.225946309022255  2.502360476617923 35.2306672622581 pid6b1
33.37208203778446  2.674929227049407 38.721940491883274 pid6a4
33.57639218354247  1.887939120917593 37.352270425377654 pid6ca
34.613838613561455  1.5154300838082855 37.64469878117803 pid6d4
38.05002801306181  0.9072326610959618 39.864493335253734 pid6c2
39.47345432625835  1.0031874271339252 41.479829180526195 pid6b7
41.73991222107326  1.71238495602447 45.1646821331222 pid6bf
45.18964333194283  2.7496499552701983 50.68894324248323 pid6be
49.44680684669491  2.80282496640829 55.052456779511495 pid6b5
54.92345924207541  1.754072681103251 58.431604604281915 pid6aa
56.692249966860096  0.5296597538808425 57.75156947462178 pid6cf
58.0062380237906  0.8661125664121228 59.73846315661485 pid6b9
58.9201734044922  1.8089544595195584 62.53808232353132 pid6bd
61.14017197883209  2.69571944557625 66.53161086998459 pid6c1
61.66969382242284  0.7081841813641345 63.086062185151114 pid6bc
62.408475941854405  0.7566067816564295 63.921689505167265 pid6b8
63.74288733283476  2.864429684187046 69.47174670120886 pid6d5
67.35752296347383  0.4116274463152092 68.18077785610424 pid6d3
68.80507551657966  2.025431902892724 72.85593932236512 pid6ab
72.03319056211522  2.738666167893206 77.51052289790164 pid6ac
73.80715012022982  0.7944838163993495 75.39611775302852 pid6b4
74.81400011549691  2.3703984085874397 79.55479693267179 pid6cd
76.0394508382841  0.8421046206134035 77.7236600795109 pid6d0
76.86258790613115  0.7457480685682618 78.35408404326768 pid6b2
77.73269860290091  2.2013588928083148 82.13541638851754 pid6c7
82.11656752532178  2.3037850997597507 86.72413772484128 pid6d1
85.76168678636053  1.8665051399308186 89.49469706622216 pid6b3
87.70417629867079  0.43418940677393364 88.57255511221865 pid6cb
91.61126980788947  1.79646210134587 95.2041940105812 pid6a5
93.45251228827709  2.215162462203608 97.88283721268431 pid6c4
99.24012163746201  2.361832266971223 103.96378617140445 pid6af
99.99328896524915  2.7355985911657106 105.46448614758057 pid6cc
