3.5056370338995912  4.164218685197949 11.834074404295489 pida4b
3.91811828207822  2.0847367782551363 8.087591838588493 pid9e1
5.103881518769997  1.7930023341256174 8.689886187021232 pida00
6.62812593146697  4.625490670770823 15.879107273008616 pid9f2
6.8419137066613045  1.9084350952679223 10.65878389719715 pida46
7.264159192981703  1.9163959677232385 11.09695112842818 pida12
7.816499516659661  4.464969376922661 16.74643827050498 pid9c9
9.216855735097226  3.381217882957234 15.979291501011694 pida3e
9.255681620933455  3.199246363503176 15.654174347939808 pida56
9.624411376882957  1.5516912951911732 12.727793967265303 pid9d3
12.401034646729553  2.850648715041082 18.102332076811717 pida38
12.499186814887489  1.9119299731504102 16.32304676118831 pid9ea
12.53077935592157  1.8519309401562212 16.234641236234012 pid9e0
15.636988427918869  2.2842885045616637 20.205565437042196 pida1a
17.644356307381543  1.5758856212973074 20.796127549976156 pida0f
18.801247882121057  4.198907984139979 27.199063850401014 pida4e
19.043218260980584  2.033377603524048 23.10997346802868 pida3c
19.194777281695313  3.8756106073966685 26.94599849648865 pid9df
22.4220423227911  4.07634114330356 30.57472460939822 pida30
22.592938358339214  4.61797720804956 31.828892774438334 pid9de
22.75626162139059  3.4724589711732317 29.701179563737053 pida36
24.316838624385703  1.7280150325867596 27.77286868955922 pida43
24.330972495700006  4.748747836913898 33.8284681695278 pid9dc
25.203710359075686  4.861058461997308 34.925827283070305 pida05
25.692004259758814  3.4229070050855004 32.537818269929815 pid9c4
26.68636590226641  2.9252217740478077 32.53680945036203 pida42
26.893328628605772  1.3638667245293599 29.62106207766449 pid9ce
27.237505794731575  1.3943817068060782 30.02626920834373 pida3b
29.408103072455383  1.944847463684785 33.29779799982495 pida47
30.523647736397223  3.7108756338596574 37.94539900411654 pid9ee
31.727240414289852  3.5252865163692966 38.77781344702844 pid9eb
32.03226290449751  1.0594442421529862 34.15115138880348 pid9fc
32.85927198425086  1.0940023145798965 35.04727661341065 pida13
35.34022244574355  4.755820032248122 44.8518625102398 pida06
38.63005229465614  1.6807503236322172 41.991552941920574 pida07
39.191862194539596  3.1788208593447966 45.54950391322919 pid9e7
40.877004540673305  1.3042165133898265 43.485437567452955 pid9ed
41.23331664457822  2.1577765380616047 45.548869720701425 pida55
42.49679182330111  4.80356585906307 52.10392354142725 pid9e9
44.509089721909405  1.4534766339693967 47.4160429898482 pida2a
45.76786070156411  4.216875210960784 54.20161112348568 pid9d9
46.277504260481784  3.646023748488743 53.56955175745927 pida01
47.09505663153767  4.4932454235962584 56.08154747873019 pida52
48.50381833072201  3.8116796608255865 56.127177652373184 pida0c
51.53443550732339  3.5198739447392553 58.5741833968019 pid9d0
51.62089366389099  1.9693568615737136 55.55960738703842 pida02
51.84056165825243  2.5338526259156295 56.90826691008369 pida23
54.50305046884051  4.071920220163331 62.646890909167176 pida1d
56.39639285090818  3.466788561674906 63.32996997425799 pid9cf
59.091329570662865  2.036596508326185 63.16452258731523 pida1c
60.11649708416284  4.129365510278827 68.37522810472049 pid9cb
64.77078787292358  1.587205772573674 67.94519941807093 pid9c6
65.15188289057495  1.4901304426878847 68.13214377595072 pida4a
65.50027041937476  2.7168570626795665 70.93398454473389 pida51
66.32969550769516  2.035117306646122 70.3999301209874 pida10
68.42801683406428  1.1934560634446925 70.81492896095367 pida35
70.58162424185014  1.0402510474177866 72.6621263366857 pida2c
70.8969083975449  3.373916835319212 77.64474206818333 pid9da
71.85630933774821  2.469823738176697 76.79595681410161 pida40
74.9747470456011  2.4769380135784265 79.92862307275796 pida2d
78.14094675432767  3.6770084810309362 85.49496371638955 pida1f
78.44879560952998  4.426414396706106 87.3016244029422 pida31
78.48953090717187  4.694921717186087 87.87937434154404 pid9e5
80.24012203735526  1.361122646781852 82.96236733091897 pid9ca
80.33476308558207  4.523775499687289 89.38231408495665 pida44
80.50439334006765  3.3936900317752756 87.29177340361821 pida4d
86.01810973831387  2.8924726116044206 91.8030549615227 pida14
88.85006423983901  4.725662185287806 98.30138861041462 pida0e
91.92254026102536  1.8191151245558954 95.56077051013715 pida29
94.48453406882307  3.5781934829435826 101.64092103471023 pida54
94.69031786735643  3.794184806696845 102.27868748075012 pida22
96.98896920568629  1.571225893689169 100.13142099306462 pida3d
98.88526310933078  4.316410197393376 107.51808350411753 pid9cc
99.12849468903846  3.362150104458183 105.85279489795482 pida48
99.48421018604135  2.693802284557397 104.87181475515615 pida59
100.72027422552395  3.000684444571949 106.72164311466786 pida03
102.04344382955918  1.6662688875189708 105.37598160459711 pid9e6
103.73444451524249  4.723520857311813 113.18148622986611 pida15
109.20461121727442  4.581005077926179 118.36662137312678 pida3f
109.79624977538437  1.0020713303976652 111.80039243617969 pid9f0
109.9331150381097  1.2240735227667945 112.38126208364329 pid9fd
110.2654512049446  4.716749841155438 119.69895088725548 pida41
111.04679707855449  3.4219779629916576 117.8907530045378 pida27
111.23305654976582  3.1348957986620616 117.50284814708995 pida58
111.72086194298312  1.8852952792846156 115.49145250155235 pida4c
114.77988235555381  2.950490095899274 120.68086254735236 pida19
116.10425874215079  3.5153489724345808 123.13495668701995 pid9f7
116.16159539695309  1.43514793538739 119.03189126772787 pid9cd
116.80445995964084  1.7084126176062626 120.22128519485337 pid9ff
117.94717494018205  4.568116368993547 127.08340767816915 pida33
119.32863072911472  2.2771319929112495 123.88289471493722 pid9c8
123.70127602396634  1.9152085613382166 127.53169314664278 pida57
124.06749203766731  1.4300328884215112 126.92755781451032 pida4f
124.47797741767812  3.601546776885269 131.68107097144866 pida2f
125.41998085118607  3.030492807925297 131.48096646703667 pida49
126.6704805911197  4.561280204580984 135.79304100028168 pid9f6
127.21667164333037  1.5409960622256604 130.2986637677817 pida39
128.25696170940978  4.5878922849033 137.4327462792164 pida26
129.94310796647278  2.8075301870256464 135.55816834052408 pid9d2
131.92227573216223  3.7737577481669984 139.46979122849623 pid9f5
133.9851614144108  2.234570796615108 138.45430300764102 pida28
134.97343172118855  1.7515855647867706 138.47660285076208 pid9f4
135.34578837409228  2.613653783796202 140.57309594168467 pid9e4
136.9002056331392  4.6337495232322485 146.1677046796037 pid9c5
137.09625717314185  2.5921587640280728 142.280574701198 pid9d4
138.66425177918998  2.467193642448504 143.598639064087 pid9db
141.0229307236205  3.757019816222644 148.53697035606578 pida2e
141.02398730408316  4.019516807086337 149.06302091825583 pida53
141.11122376540794  4.518810514118869 150.14884479364568 pida34
141.52359279019936  4.295295565368814 150.114183920937 pida1e
142.17904908492469  4.181547477159164 150.542144039243 pid9d8
145.59722364136653  3.5304020707596795 152.65802778288588 pida20
146.80362722047963  3.9147895005336983 154.63320622154703 pida1b
146.91277944513268  3.348713405536391 153.61020625620546 pid9d5
147.537858626607  3.9111542757652793 155.36016717813757 pida04
148.913192942392  3.0979522758733684 155.10909749413872 pid9f3
149.73096080080802  4.559099533866841 158.8491598685417 pida32
151.0103627402421  4.781194081068883 160.57275090237988 pid9f8
152.76461338529995  2.9552950158087063 158.67520341691736 pida2b
153.1106363875861  3.2322051891551733 159.57504676589645 pid9fa
153.47013845215272  4.950781930369053 163.37170231289082 pida11
154.12771120139823  1.943873120554838 158.0154574425079 pida21
154.44113462126938  2.6594658765090218 159.76006637428742 pid9fe
155.03003713140404  4.935108165533235 164.90025346247052 pida25
155.34192982793098  4.594739908204929 164.53140964434084 pida0b
156.1462347134125  1.1763122808121493 158.4988592750368 pid9f9
160.40845005971428  3.214453589267666 166.8373572382496 pid9d1
162.05557027637298  4.879657844470914 171.8148859653148 pid9fb
162.5277190618043  2.679302471893229 167.88632400559075 pid9f1
163.64439392507657  4.04791814724082 171.7402302195582 pid9c7
163.84381832684872  4.53749907525056 172.91881647734985 pida3a
164.03362194388166  4.486761133586436 173.00714421105454 pid9dd
164.8313853999787  4.853740312128441 174.53886602423557 pid9d6
167.08308290437915  1.0571139778996677 169.19731086017848 pid9e2
167.97092123142406  1.1851564111125765 170.3412340536492 pid9ef
170.61828954544492  4.13038690698621 178.87906335941733 pid9e3
171.06413423466847  3.5263976656501947 178.11692956596886 pida16
171.37272656895573  3.2905483652909493 177.95382329953762 pida0d
172.94526819818913  4.2733190829351155 181.49190636405936 pida0a
173.08520992384436  2.1352918494371913 177.35579362271875 pid9e8
174.20811119955536  3.6444723811795496 181.49705596191447 pida24
175.2632376417608  3.9126870729519 183.0886117876646 pida37
175.27699463836694  1.6246063658308105 178.52620737002857 pid9ec
176.79506546109087  2.504595153090002 181.8042557672709 pid9d7
177.6332745822235  4.51105049952148 186.65537558126644 pida50
178.2680128825976  1.946191065263303 182.1603950131242 pida09
178.82346930932175  3.6228161127339398 186.06910153478964 pida08
178.94374023081852  3.528359386484327 186.00045900378717 pida18
179.0273855398939  1.0048188525211699 181.03702324493625 pida17
179.7949165194379  1.6362790794772732 183.06747467839244 pida45
