0.8524149367849576  1.7640758821435298 4.380566701072017 pid2b28
1.5321674176611988  2.4543922728489944 6.440951963359188 pid2aad
2.0202216537896467  2.2264572174788313 6.473136088747309 pid2b12
2.0924389532296805  3.1549751612674677 8.402389275764616 pid2aa8
2.4411776190962553  3.3376416053065756 9.116460829709407 pid2acb
2.4649338398094556  3.2889352133604595 9.042804266530375 pid29f8
2.809318207343592  4.871443312705843 12.552204832755278 pid2ae8
3.7261216341310965  3.2221929971503207 10.170507628431738 pid29e5
5.311716597632515  3.223701079826838 11.759118757286192 pid2a04
6.159754189163862  2.696751609776915 11.553257408717691 pid2a1c
6.5263562569640765  1.2821301194180807 9.090616495800237 pid2aef
6.586570927016544  4.0877238778122145 14.762018682640973 pid296e
7.119549627199488  3.0257759427112307 13.171101512621949 pid2aff
7.530576440180539  3.479964229672766 14.490504899526071 pid29ae
7.837490924941362  1.9432153504924337 11.723921625926229 pid2975
7.91327727150046  1.3816583220857277 10.676593915671916 pid2aed
8.014822851595005  3.2911192050671536 14.597061261729312 pid2abc
8.236881836303358  4.9525515982665445 18.141985032836445 pid29c4
10.111988347413783  3.6566259436477453 17.425240234709275 pid2a4d
10.117211180397321  2.801505807477746 15.720222795352814 pid2b0f
10.85784620974308  2.2937897725433105 15.445425754829701 pid297b
10.941058864953385  2.7299776582523565 16.4010141814581 pid2b0d
11.161583324734591  3.5514536033048856 18.264490531344364 pid298e
11.469111570189682  1.798050752221013 15.065213074631707 pid29c6
11.553068121702246  2.857530424631028 17.2681289709643 pid297e
11.686964672632653  2.5809154242046937 16.848795521042042 pid2ae3
11.907774069313096  1.071659162114857 14.05109239354281 pid2b06
12.533974011523707  3.2910408220606855 19.116055655645077 pid2b14
12.75199859752705  4.70722515891691 22.16644891536087 pid298b
13.708879663960708  1.0456678751847073 15.800215414330122 pid2a2c
13.799458913362583  2.811390850480905 19.422240614324394 pid2aaa
13.904278188052535  1.3427924608159607 16.589863109684458 pid2a36
13.90461970166938  4.251584480308127 22.407788662285633 pid2b19
14.03999748501871  2.0026096522601864 18.045216789539083 pid2ac0
14.044773838688227  3.944767380559336 21.9343085998069 pid2ac3
14.45744572306928  1.9308289239485572 18.319103570966394 pid2ad0
14.570047236929096  4.5341047357707716 23.63825670847064 pid2984
15.313292806101684  3.5774762662042536 22.46824533851019 pid29ff
15.926648727062926  3.620174299565359 23.166997326193645 pid299b
15.951264083570553  4.329217721825234 24.60969952722102 pid2ad1
16.208648601673797  3.222617507970108 22.653883617614014 pid2ac4
16.375705607809024  2.3811089233720004 21.137923454553025 pid2990
16.952501047796396  2.3553354645299436 21.663171976856283 pid2a2f
17.1012665287141  4.415030593164165 25.93132771504243 pid2ad6
17.422584561074494  3.842115509737335 25.106815580549164 pid2993
17.79600682724253  4.995041771465126 27.78609037017278 pid2a32
17.853058365620928  1.315701297883908 20.484460961388745 pid2a7e
18.254808504748553  4.509404694606541 27.273617893961635 pid29e9
18.444895183135547  3.0146112241923952 24.474117631520336 pid2a35
19.08854598077496  4.882764450204659 28.854074881184278 pid2a8f
19.775358184548534  3.246003449524575 26.26736508359768 pid2ab6
20.178978850758703  3.784292070085221 27.747562990929147 pid29a7
20.301471079183624  2.4988715736308316 25.299214226445287 pid2a48
20.62072871055561  3.6988321132903796 28.01839293713637 pid29da
20.66914111519972  3.819562232581856 28.308265580363432 pid29cc
21.147969835849317  3.266065741673714 27.680101319196744 pid2a52
21.814418130794692  1.2311025215373035 24.2766231738693 pid2a16
21.824900767416644  4.854709464732202 31.53431969688105 pid2a6b
22.41150749552608  3.9640394120721854 30.339586319670452 pid29d2
22.539318916850522  1.7355574269601135 26.01043377077075 pid2a6c
23.325639948105955  3.720601963864074 30.766843875834105 pid29e0
23.477448630397216  4.119613287690659 31.716675205778536 pid29bc
24.38031115386498  2.5047016293927813 29.38971441265054 pid2ab7
25.32534884248244  4.144522162286242 33.61439316705493 pid296b
25.347608414517694  4.87108464452089 35.08977770355948 pid2adb
26.27297237798604  3.596839637619944 33.46665165322593 pid2afb
26.511815660916067  1.49196534906981 29.495746359055687 pid2a85
26.73032304959199  3.076047516283047 32.88241808215808 pid2a41
26.96821847737147  2.267622357798741 31.50346319296895 pid2adc
27.181209375780725  4.244200700948355 35.669610777677434 pid2a20
27.390047015716  3.265671776846565 33.92139056940913 pid2a42
28.291896781552865  4.652703516681995 37.597303814916856 pid2a69
28.79353391728928  3.3928949997754603 35.5793239168402 pid29db
29.09050179142512  4.737006074200286 38.56451393982569 pid2a9e
29.563672517163067  2.1155344091095065 33.79474133538208 pid2b16
29.98730817349501  3.5706829040909907 37.12867398167699 pid2a5b
30.92234549196885  4.220949373196538 39.36424423836193 pid2a7b
31.29906422934887  2.8245138933669 36.94809201608267 pid2ab0
31.338974654506867  3.6256556874451418 38.59028602939715 pid2aac
31.395346363804318  3.7795290399212336 38.95440444364679 pid2a78
31.40576581800356  4.7218310100194465 40.84942783804245 pid29fb
31.605837580725755  4.244425820831916 40.09468922238959 pid2b05
31.64609965799944  1.975275956001199 35.59665157000184 pid2ae2
32.14041217701017  3.386913152003231 38.91423848101663 pid2aab
32.62664076856284  2.5694016780209923 37.76544412460482 pid2a8a
32.85864358792035  3.269813438966784 39.39827046585391 pid2a73
32.8763288305729  4.976969510375713 42.83026785132433 pid2abb
33.36894485952062  2.0808452397588355 37.53063533903829 pid2a1f
33.43955858327452  2.160214511068729 37.75998760541198 pid2a2e
34.989761497711314  3.611657376439925 42.213076250591165 pid2aec
35.02912249142383  3.861665483727542 42.75245345887891 pid29d0
35.067669092067845  3.602121018873389 42.271911129814626 pid2a8b
35.09268911066607  1.0711339473082138 37.234957005282496 pid2b17
35.283644956027494  3.580748060631108 42.44514107728971 pid2a54
35.61650503500445  1.0037591297939072 37.62402329459226 pid2a5d
36.060643340650415  4.61867875053185 45.298000841714114 pid299e
36.236570781096404  3.4709797443324915 43.17853026976139 pid2a37
36.477131801951394  4.894180446096659 46.26549269414471 pid2ad5
36.76187467194741  4.85415260181101 46.47017987556943 pid2a84
36.86209460604792  1.3099348880212585 39.48196438209044 pid2ac2
36.88112231131412  2.2901493442928347 41.461420999899794 pid2a47
36.96415002849212  3.7607213233039385 44.485592675099994 pid2a56
37.00765720459676  1.7371610620326927 40.48197932866215 pid2ad2
37.12377776999652  1.5988773670053251 40.32153250400717 pid2a5e
37.95955732768524  2.3179455324990124 42.59544839268327 pid29b3
38.11154005238013  4.571444105813352 47.25442826400683 pid299c
38.60103727958928  4.281999896511252 47.16503707261178 pid2af3
38.81039566295711  3.1218289642580292 45.05405359147317 pid2998
38.850159945206975  1.9177334464732714 42.68562683815352 pid2b01
40.43124067262551  2.927200271146443 46.2856412149184 pid2b20
40.60046231750199  2.505336627893228 45.61113557328845 pid29a6
40.72998719922784  3.4462828694169523 47.622552938061744 pid2a91
40.95979896287107  3.7831270384309184 48.52605303973291 pid2a40
41.06210058023332  4.970477905089285 51.00305639041189 pid2aae
41.319796903643024  3.059931413832148 47.439659731307316 pid2b26
42.67405412484102  1.532378625760697 45.73881137636241 pid2a26
42.77576770486847  2.4127337197686303 47.601235144405734 pid2ace
42.83465628589341  4.674347156245763 52.18335059838493 pid2af9
42.924280766218345  1.1222879548874394 45.168856675993226 pid2a19
43.32017031609935  4.243424040727782 51.80701839755491 pid2ab4
43.368685373174316  2.2486995916307233 47.866084556435766 pid29dd
43.66547128067519  4.194801138754023 52.05507355818324 pid2a86
43.9902299405261  1.2475841639646887 46.48539826845548 pid29fd
44.5923527784913  1.058434777538439 46.70922233356818 pid29dc
44.667207341442115  3.2981307128387307 51.263468767119576 pid2b13
45.00902475703472  2.08354040386193 49.176105564758586 pid2992
45.02417218899764  4.846667839001009 54.717507866999654 pid2a72
45.15248809424208  2.802841273476332 50.758170641194745 pid2aa5
45.352147561536796  4.2229481210946656 53.79804380372613 pid2af6
45.37325379500879  1.063369079644338 47.49999195429747 pid29f6
46.050925211854214  3.1713399472365262 52.393605106327264 pid2a1e
46.250976217307525  4.87491824586137 56.000812709030264 pid2a0f
46.76937527649384  4.7979853206207554 56.365345917735354 pid29b8
47.05058182296762  3.1789085009327422 53.40839882483311 pid2b1b
47.17479522396389  3.142339810345304 53.4594748446545 pid2ab8
47.303044499995565  3.9684487951707244 55.23994209033701 pid2a57
47.99908264186557  1.5262491360430914 51.05158091395175 pid2af2
48.35612592249839  1.4408138817597882 51.23775368601797 pid29b5
48.61262682062554  2.3649133631679766 53.342453546961494 pid2ae6
49.50653798833494  3.2463702262207863 55.999278440776514 pid2974
51.13606099029568  2.373444874342509 55.8829507389807 pid29b1
51.54648307228753  4.298990964774269 60.14446500183607 pid2ad8
51.93440683690257  2.5457730290697325 57.02595289504203 pid2aca
52.72521230155606  4.418159436506979 61.56153117457002 pid2b22
53.00549812375459  3.696386945980044 60.39827201571468 pid2ade
53.54795730907327  2.655063482699154 58.85808427447158 pid29e7
53.60756437049263  4.0721480216582595 61.751860413809155 pid2a33
53.69003635735073  2.874113046931027 59.43826245121278 pid297f
53.901758549172314  1.666350763714683 57.23446007660168 pid2a01
53.987369157149914  1.0753442420730308 56.13805764129597 pid2aa3
54.183807891114355  3.3924451796005424 60.96869825031544 pid2ad9
54.333345211540625  4.708188356656917 63.749721924854455 pid29f3
54.83717665482123  4.9678470918630175 64.77287083854726 pid2a09
54.912894765267865  2.185147713693433 59.28319019265473 pid296c
55.00860024993389  4.623746699279089 64.25609364849207 pid2b11
55.03511406642004  2.247488291678286 59.53009064977662 pid2b1c
55.41035341542186  1.7056503282209952 58.82165407186385 pid2a44
55.73323631481652  3.1623865613958504 62.05800943760822 pid2a30
56.01370517808403  3.999439678770538 64.01258453562511 pid2a7f
56.047942340978395  2.543877679266879 61.13569769951215 pid2a27
57.21128902580041  4.771212643300036 66.75371431240049 pid2a1b
58.06862678525867  2.472486972421289 63.01360073010125 pid2aa4
58.91144425421019  4.570882147359893 68.05320854892997 pid2a6f
58.967491752586746  2.5996299609993407 64.16675167458543 pid2a24
59.31125817106216  1.4388316966145553 62.18892156429127 pid2a25
59.74050962528927  2.5398991369672927 64.82030789922385 pid298c
61.30094577831623  3.298196271787177 67.89733832189059 pid2afc
61.425257946638496  4.877738972120408 71.1807358908793 pid2a3c
61.605529527003874  4.107712666934798 69.82095486087347 pid2971
61.713416335648255  1.8157773665102632 65.34497106866878 pid29f2
61.88613884433528  4.9585260203899555 71.80319088511519 pid2a05
62.08010881713363  4.236732445822469 70.55357370877857 pid29d1
62.284314806785744  2.6538431547681443 67.59200111632204 pid2985
62.74314729635021  2.0298052776566733 66.80275785166356 pid299a
63.01636184416737  1.1404127309460343 65.29718730605944 pid29c2
63.5557096843559  2.290191223126375 68.13609213060865 pid2970
63.64273507378155  2.4893909836805066 68.62151704114257 pid29a8
64.0301618867373  4.82699180503757 73.68414549681245 pid29c8
64.03141151196796  1.8643839908542916 67.76017949367655 pid29c5
64.13016120671298  4.7817943849818665 73.69374997667671 pid29c3
67.01753781679763  2.7840458888357884 72.58562959446921 pid2b1a
67.26627458971957  2.9177204895551703 73.10171556882992 pid2a31
67.80931042926066  4.401279426572002 76.61186928240467 pid29ba
68.53931158294594  1.1577293838784946 70.85477035070294 pid2ae4
68.58047701107034  3.399051105252777 75.3785792215759 pid29ce
69.2063185624184  1.4621108838734567 72.13054033016532 pid2b04
69.37315138219688  3.724277195409734 76.82170577301635 pid2977
69.58535026853235  3.3125285129486612 76.21040729442967 pid2a94
69.76869879970181  4.5761541990627475 78.92100719782731 pid2b24
69.81872259036892  1.4127387179639395 72.6442000262968 pid29e8
70.16053293877677  2.4767987652719485 75.11413046932067 pid298d
70.64038143110281  3.9448181480536855 78.53001772721018 pid2a45
71.0943544346909  3.320533079670217 77.73542059403134 pid2a64
71.26153790518157  3.8359939204448446 78.93352574607125 pid2a46
71.35122796540111  4.36772280636516 80.08667357813142 pid29b6
71.6523097425385  3.3051962505962753 78.26270224373106 pid29e4
71.86899037569529  4.531361497711227 80.93171337111775 pid299f
72.06120177731248  2.6297373649365756 77.32067650718562 pid2aa2
72.08798779660954  1.4193430869214114 74.92667397045236 pid29af
72.1875257092332  1.3515449921921694 74.89061569361753 pid2a71
72.68731709934977  2.7574175149528037 78.20215212925538 pid2acd
72.73778896951619  1.3918316243465743 75.52145221820933 pid29cf
72.79229820915428  1.9764743327925336 76.74524687473935 pid2981
73.65237865198254  2.5002057383655485 78.65279012871365 pid2a3f
74.62682001384653  1.2773089858270628 77.18143798550065 pid29bb
75.36693265032508  1.5624070719540883 78.49174679423326 pid2a61
75.58956163151811  1.8702156864308694 79.32999300437984 pid2969
76.45049500345503  2.6365782690242763 81.72365154150359 pid2a2a
76.53438388939784  4.7605699499723 86.05552378934244 pid29ea
76.86305278763427  4.700463627342133 86.26398004231854 pid2a07
77.62975511798734  4.763056420823861 87.15586795963506 pid296a
77.7263719658497  4.5303066634389655 86.78698529272762 pid29a4
77.88241402997106  1.194888829764206 80.27219168949946 pid29a1
78.88376020256635  1.8426243579446462 82.56900891845564 pid2a97
78.98409918281438  1.5790542188088108 82.142207620432 pid2af7
79.07651641098579  2.762988968611665 84.60249434820912 pid2b0a
79.16534443461263  3.519260036818685 86.20386450825 pid29f1
79.64361552739837  4.031291291175142 87.70619810974866 pid2a2b
79.8521692870378  2.034297217435193 83.92076372190819 pid2a89
80.35539972498593  1.8654490561414647 84.08629783726886 pid29e1
80.52500575468939  3.5363675079141332 87.59774077051766 pid2a10
80.67256180642852  3.6279919178885396 87.92854564220559 pid29df
80.93020045720598  1.3349679922941293 83.60013644179425 pid29a2
80.96877209051854  4.736384365535589 90.44154082158971 pid29b4
81.04960923510464  4.957215294469628 90.9640398240439 pid2a1a
81.58683744753745  4.116413854310371 89.8196651561582 pid29d9
81.99438015133398  2.672017145220194 87.33841444177438 pid29ac
82.55217850181062  1.7355743456370827 86.02332719308478 pid2a92
83.00301663312034  3.99321366681525 90.98944396675084 pid2ac7
83.29305449789751  3.03672945912229 89.3665134161421 pid2ada
83.32458397356595  1.0564712911510923 85.43752655586813 pid2979
83.46227656744402  4.6850278547284585 92.83233227690094 pid2a2d
83.70028061101864  1.7586796719751439 87.21763995496893 pid2a63
84.22976307728582  3.64201755458569 91.51379818645721 pid2a9b
84.96380231898587  2.6963302071275614 90.35646273324099 pid2ab3
85.10042874410371  1.1996170373935096 87.49966281889073 pid2b0b
85.21633188851906  1.310910334073816 87.8381525566667 pid29a5
85.48280194780081  4.424943331264847 94.33268861033051 pid2a0c
85.89213203492584  4.57648956673666 95.04511116839916 pid2aa9
86.19930092800307  3.1475594888136422 92.49441990563035 pid2aeb
86.66145489171168  3.3103365398248594 93.2821279713614 pid2b1e
86.80355619584486  3.6683930136527745 94.14034222315041 pid2b29
88.24909164625609  2.416657198000667 93.08240604225742 pid2a34
88.33404774007973  1.0496557070474886 90.4333591541747 pid2a03
88.66067763477632  2.4620925854586906 93.5848628056937 pid2aba
88.8554259942098  2.621938111600794 94.09930221741138 pid2a74
88.99508480377919  4.609909228236898 98.21490326025298 pid2a99
89.24128249411272  3.284884198917211 95.81105089194715 pid29b2
89.4822722096683  1.4706296037869655 92.42353141724223 pid2a17
90.12283996205468  3.7339143095077634 97.5906685810702 pid2aa0
90.17658171707724  3.8913095149659416 97.95920074700912 pid2a13
90.50882959990992  3.299363534933048 97.10755666977602 pid2add
91.22142280927562  4.758176883994291 100.7377765772642 pid2adf
91.58554279451886  1.3229267967167093 94.23139638795227 pid2a93
92.60868357759065  3.0991065756602856 98.80689672891123 pid2a39
93.32356077373794  4.776070269985535 102.87570131370902 pid29f0
94.63831506233669  3.0787604438455993 100.79583595002788 pid297d
94.78749628359826  4.199216696343928 103.18592967628612 pid2acc
95.33818458246365  3.72864372438815 102.79547203123995 pid29f7
95.41239123305282  3.3148983102681897 102.0421878535892 pid29e6
95.4589564646252  2.6195948489018717 100.69814616242894 pid2987
95.62626206336361  1.6043374155885881 98.83493689454079 pid29a9
95.69548090026896  1.6079345553384812 98.91135001094592 pid2ae5
96.48236673012889  2.4429488013721286 101.36826433287314 pid2b00
96.54360829366104  1.5551878395370338 99.6539839727351 pid299d
96.66265479313313  4.813915969520549 106.29048673217423 pid2978
97.27038691966673  3.5215451853289297 104.3134772903246 pid2acf
97.42668420566355  3.906103413492789 105.23889103264912 pid2b27
97.79547976431924  1.6159069800735613 101.02729372446636 pid2a95
97.93186130973345  2.5046757642242303 102.94121283818191 pid29ee
98.218866360963  4.092915184536135 106.40469673003528 pid2a11
98.27750025967225  4.34566035262927 106.96882096493079 pid2a12
100.8180034230172  4.041003037137253 108.9000094972917 pid2a7c
101.44107584502241  2.1675924334497454 105.7762607119219 pid2a6e
101.75747075806689  2.9491328111965287 107.65573638045994 pid2ad4
101.85579965609692  3.0131078130882454 107.88201528227341 pid29bf
102.26121304294179  1.099573252799035 104.46035954853986 pid2b0c
102.90685907230817  2.0338326209200424 106.97452431414825 pid2ac6
103.21053846744933  3.576586430732454 110.36371132891423 pid2973
103.22036453429175  2.455820003618841 108.13200454152943 pid2a4b
103.6494089435687  1.2431374713254395 106.13568388621958 pid2b1f
103.78020435098101  1.257596552234515 106.29539745545004 pid2a4c
104.10490199921175  1.6036275171973702 107.31215703360648 pid29d5
104.71183257904677  3.819707652545499 112.35124788413776 pid2a66
104.75317766781275  1.5411763057207208 107.83553027925419 pid29e3
104.83437391864528  1.6678679020315288 108.17010972270835 pid2a79
105.52957727744354  2.825876583737922 111.18133044491938 pid2b10
105.54671389915754  1.6832136058252356 108.91314111080801 pid29fa
105.65760479063961  3.9639081799544806 113.58542115054857 pid2997
105.83277586838865  4.351027765932251 114.53483140025315 pid2972
105.85185608444482  4.443964514865904 114.73978511417663 pid2a55
105.85355961724906  1.0136083711903776 107.88077635962982 pid2ab1
105.86156922396178  2.0171110022005747 109.89579122836292 pid29a0
106.03589163090267  2.35113869809462 110.73816902709191 pid2a8e
106.24066651481925  1.0321369956383553 108.30494050609596 pid2b07
106.7161185419084  3.049933159992106 112.81598486189262 pid2982
107.45194994822361  3.6426380298415233 114.73722600790666 pid2a9f
107.49032922276227  3.9695619382760543 115.42945309931437 pid2a21
107.72670426749802  2.94686467104683 113.62043360959169 pid2a38
108.4087747704606  4.482976712864987 117.37472819619057 pid2a0d
108.70378690181813  3.649419453419141 116.00262580865642 pid29f9
108.75303173183063  4.4165268204710495 117.58608537277273 pid29c1
109.55736614129339  4.562960345201736 118.68328683169686 pid2a29
110.44051028913015  3.3966594878614105 117.23382926485297 pid2a0b
111.60955910283361  2.932424729213727 117.47440856126107 pid2aaf
112.10145884660703  4.121541303087026 120.34454145278109 pid2a60
113.090375677671  3.0614716632090273 119.21331900408906 pid2aa6
113.31764565445002  3.957667954778862 121.23298156400774 pid29ed
113.77121810915759  3.532268890126939 120.83575588941146 pid2a08
114.97652435417545  2.799453454374346 120.57543126292414 pid2a65
115.96219380233136  2.2672292916495786 120.49665238563051 pid2a8d
116.46058840869972  2.2743943657146053 121.00937714012893 pid2994
116.78083055354556  4.932009688699912 126.64484993094538 pid29d3
116.82339461417654  2.465486816711666 121.75436824759987 pid2a5f
116.9913448773566  3.1966305275880584 123.38460593253271 pid2b02
117.15663748120409  4.166833073801781 125.49030362880765 pid2a51
118.23689107896244  1.1027447160968324 120.4423805111561 pid2a90
118.24134923793605  4.168956917471901 126.57926307287985 pid2ae7
118.55764458719266  4.855799601030563 128.26924378925378 pid2a70
118.91831707338719  1.1728152180827447 121.26394750955268 pid297c
118.97730267786102  1.4403449190083282 121.85799251587767 pid296f
119.11122011707658  4.019142322609426 127.14950476229544 pid2b1d
119.45972780770674  2.4617075233177075 124.38314285434215 pid2abe
119.64428324960515  1.8431945264199512 123.33067230244505 pid2a67
121.03844752426797  2.1417759064938484 125.32199933725566 pid29f5
122.01125499352004  1.4614965142438443 124.93424802200772 pid2a06
123.06779497144477  3.5785683469434106 130.22493166533158 pid29b9
123.1666082218279  3.7351955909785843 130.63699940378507 pid2aee
123.28819159832447  2.432157728102551 128.15250705452956 pid29eb
123.31577646659088  3.6623628499780287 130.64050216654692 pid2a5c
123.36210151897562  3.2758614300739217 129.91382437912347 pid2a68
123.37204335574606  3.7258268405050528 130.82369703675616 pid2989
123.57011889657095  4.957716662317808 133.48555222120658 pid29cb
123.73933184975584  2.4947858730563865 128.72890359586862 pid2a83
124.20231714292544  3.9769060413101727 132.15612922554578 pid29c7
125.82305017658686  2.884390168958742 131.59183051450435 pid2af0
126.26803385431454  2.4058260982191677 131.07968605075288 pid2a02
126.52249041992702  4.546090177215385 135.6146707743578 pid2a00
126.80239749597017  1.69646928438681 130.1953360647438 pid2a88
128.23706999199388  4.704804772685798 137.6466795373655 pid29d8
128.35311481308764  3.730630134561705 135.81437508221106 pid2aa7
128.54300020928918  1.485793392332691 131.51458699395457 pid2ae1
129.56169944286492  4.687985570788539 138.937670584442 pid2a75
129.65217758467884  4.266684430070947 138.18554644482074 pid2a3d
129.70523761854614  4.048587167927309 137.80241195440075 pid2a76
129.94082774846734  3.1761254692674736 136.2930786870023 pid29fe
130.0030226685886  2.4065474244629272 134.81611751751447 pid29be
130.58296919692924  2.7903193117323037 136.16360782039385 pid2b0e
130.64509604311434  3.3102662917998016 137.26562862671395 pid2ae0
131.0001749280844  1.2517965991870934 133.50376812645857 pid2af5
131.07901773368454  1.257948489966667 133.59491471361787 pid29ec
132.0243673334488  3.5537258546432935 139.13181904273537 pid29d6
132.07957801109225  1.020644317695338 134.12086664648294 pid2991
132.11210707149465  4.063085111511576 140.2382772945178 pid2a6d
132.67573194546  1.7288929083377438 136.13351776213548 pid2a9c
132.78990952989815  1.9027809966440343 136.59547152318623 pid29a3
132.9728898441817  4.459409104831804 141.89170805384532 pid2a23
133.31552702717065  3.6359156918486337 140.58735841086792 pid2976
133.35167922209814  1.925333253762802 137.20234572962374 pid2a3b
133.63226928083  3.738364676405582 141.10899863364116 pid2af8
133.76551180928575  4.295644555724637 142.35680092073503 pid29ca
134.05960272295178  2.3335940041924528 138.72679073133668 pid2a80
134.19933388300544  4.063363928659749 142.32606174032495 pid2a77
134.285876528299  4.312426145054372 142.91072881840776 pid2a53
134.85364129509227  3.0965044857893544 141.04665026667098 pid2a96
135.36461229729647  1.5069418774588499 138.3784960522142 pid2af1
136.17466015050525  2.321882168032257 140.81842448656977 pid298f
136.27334271678012  1.8167321029500147 139.90680692268015 pid2a8c
136.88082690786533  1.9774751626903888 140.8357772332461 pid2b21
137.33281301576636  2.395481058612299 142.12377513299097 pid2aea
137.57937409395225  2.0301136622705993 141.63960141849344 pid2980
137.6646330056956  2.7288744662932287 143.12238193828207 pid29fc
138.10283675687208  1.4274742544870973 140.95778526584627 pid2ac9
140.2053795564619  2.698863213458253 145.6031059833784 pid29c9
140.30976303655584  1.0906694179874 142.49110187253063 pid2a3a
140.65827961219813  1.9601024529070425 144.5784845180122 pid2a58
140.88335602614526  2.7062534934570364 146.29586301305935 pid2a18
141.0886947796416  2.578477713334185 146.24565020630996 pid2abf
143.0706579899022  4.03276666266083 151.13619131522387 pid2af4
143.75103702371254  2.6079641048808337 148.9669652334742 pid29ab
143.92130869803447  4.36730257245371 152.65591384294189 pid2ab2
144.7942031647919  1.7901658606610904 148.37453488611408 pid2b18
144.84318343066124  1.1976741159482058 147.23853166255765 pid2afa
145.9063471336973  4.405874871285274 154.71809687626785 pid2a81
147.14389090838796  2.92882866920844 153.00154824680484 pid2ac5
147.67654494454513  1.7614393341157957 151.1994236127767 pid2abd
148.43431246333512  2.802518164999774 154.03934879333465 pid29e2
148.80399792505153  1.7287738736079912 152.26154567226752 pid29ef
149.31678043669535  4.900418380902603 159.11761719850057 pid2a4f
149.52136939850888  4.75945270208242 159.0402748026737 pid2a15
149.74727144263497  1.0310013222407557 151.80927408711648 pid2a87
149.89285827664133  4.6650210241588255 159.22290032495897 pid29c0
150.1146915073279  4.218575737014518 158.55184298135694 pid2a4a
150.5639367867449  3.7879657720092794 158.13986833076348 pid2a0e
151.14189950513423  4.242948369799118 159.62779624473248 pid2a28
151.29301288500918  4.742839687766851 160.77869226054287 pid29d7
151.55582518207788  4.06638981014977 159.68860480237743 pid29de
151.8198939879067  3.3310601598055936 158.4820143075179 pid2a43
151.85055325876726  2.74544932624615 157.34145191125955 pid2a5a
153.07517640973222  1.4702847378325479 156.0157458853973 pid2a3e
153.10854682056058  1.0060979037848856 155.12074262813036 pid2ab9
153.33896008490584  2.678609061147656 158.69617820720114 pid29ad
153.40113489582433  1.6226071331046747 156.6463491620337 pid29b7
153.4894157634732  3.620095500823884 160.72960676512096 pid2b03
153.84830471188369  1.3506523002421669 156.549609312368 pid2a0a
154.42787622545092  1.7950546310557027 158.01798548756233 pid2986
154.45219423979867  3.9973253954955643 162.4468450307898 pid2996
154.52093447504132  3.5407003177822634 161.60233511060585 pid297a
155.4526475732917  2.9820621420016584 161.416771857295 pid2b23
155.93064227024246  2.3001778235299057 160.53099791730227 pid2a9d
156.27015008452707  4.851413588910441 165.97297726234797 pid2a6a
156.72737855712148  3.5247204609311344 163.77681947898375 pid2968
158.73205086286248  3.552437577423453 165.83692601770937 pid2a1d
159.4474959931432  2.5578414063780475 164.5631788058993 pid2b15
159.85077439045102  3.9081693732942897 167.6671131370396 pid2a22
160.1633610910969  3.8004694448269714 167.76429998075085 pid2a7a
160.29262463054138  3.856222023730054 168.0050686780015 pid298a
160.9922487584371  3.8373691969776553 168.66698715239244 pid29bd
161.7585733674128  4.401608119298472 170.56178960600974 pid2b08
162.5926323460112  4.557748182852448 171.70812871171609 pid2a62
162.9237900231843  4.012105590690714 170.9480012045657 pid2a7d
163.887635430425  4.033828920936154 171.95529327229733 pid2b25
164.1896236689205  1.5763024483990402 167.34222856571856 pid29b0
165.40364261503387  4.484639557401223 174.37292172983632 pid2ad7
165.4220287171964  4.118020271744621 173.65806926068566 pid29d4
166.13022726797308  4.57788156274429 175.28599039346167 pid2a4e
166.318750020215  3.442387491044574 173.20352500230413 pid2ac8
166.33259283377228  3.4766850608202624 173.2859629554128 pid2a9a
166.33412713578045  2.647935091689059 171.62999731915858 pid2a98
166.4675840404914  1.0423300614365978 168.5522441633646 pid2ae9
166.5970994667444  1.8883475890731543 170.3737946448907 pid2a59
166.70770207568683  4.952433560744812 176.61256919717644 pid2afd
167.18749110711298  4.465399274967244 176.11828965704746 pid2a49
168.05041249851942  1.4638070682269633 170.97802663497336 pid29cd
169.11274429686623  2.8056108417114274 174.72396598028908 pid296d
169.20398602445405  2.2897301721634413 173.78344636878094 pid29aa
169.81872754577975  4.38029209420049 178.57931173418072 pid2afe
169.88690363188596  1.3080201979456163 172.50294402777718 pid2b09
170.24072703462602  1.1093201048810113 172.45936724438803 pid2aa1
170.273230214291  3.826246763156795 177.92572374060458 pid2ac1
170.35319228930527  1.5855351065648824 173.52426250243502 pid2ad3
170.85739114837085  2.193854229349207 175.24509960706928 pid2983
171.32911788240048  1.6779011999458873 174.68492028229227 pid2995
171.73167375640077  2.050967772656351 175.83360930171347 pid2a14
173.68712980473322  3.9735857183396925 181.6343012414126 pid29f4
173.87076347958404  4.585565247871511 183.04189397532707 pid2999
175.28957640605475  4.112104398043872 183.5137852021425 pid2a82
176.3207192555835  2.601935124041123 181.52458950366574 pid2a50
177.76010167431102  4.761027286965168 187.28215624824136 pid2988
179.80086316263487  1.4507212146971726 182.7023055920292 pid2ab5
