4.62138766459076  0.9529999870155189 84.62138766459076 pid6d9
4.808566134630599  1.1415398368060568 84.8085661346306 pid6f4
7.993579243977955  1.5860695671887015 87.99357924397796 pid6fe
8.121646639893493  0.8567614695171846 88.1216466398935 pid6dd
9.078391160577166  1.5932441156754957 89.07839116057717 pid6ec
9.649920430402192  1.2631105695210723 89.64992043040219 pid6e6
13.448350691596433  1.8957730740267096 93.44835069159643 pid704
13.475377772667112  1.1932906598508493 93.47537777266712 pid6e3
22.764588629573616  0.8431179205441351 102.76458862957361 pid700
27.80263589877209  1.8671933285722941 107.80263589877208 pid701
32.38176903859578  1.260049788552879 112.38176903859578 pid6e1
33.173586483131686  1.44470677139891 113.17358648313169 pid6f9
33.17855773539083  0.659871786509725 113.17855773539083 pid6e5
34.04107036934424  1.526543980956703 114.04107036934424 pid6f3
38.78754732808039  0.9823357686880013 118.7875473280804 pid6ff
43.711009326855674  1.2529060236713 123.71100932685567 pid6f8
52.00711912187971  1.2842415403646306 132.00711912187973 pid6d6
56.47646415394441  1.8740966410372508 136.47646415394442 pid6fa
57.068098445658485  1.733984088613645 137.06809844565848 pid6eb
57.53484260171697  1.4233613278955946 137.53484260171697 pid6e7
59.21123459213873  1.5384533871123973 139.21123459213874 pid6f2
68.33521534903834  0.9702285726571049 148.33521534903832 pid6db
75.72055807326308  0.5766576883286583 155.72055807326308 pid6fd
81.70984932783831  1.3490443482381018 161.7098493278383 pid6ef
84.43646272386414  1.2386582878651258 164.43646272386414 pid6f5
86.05260290906998  0.7423107296899842 166.05260290906998 pid6d8
86.46011553187756  1.760864653945799 166.46011553187756 pid6da
88.69742170530871  1.429691046553776 168.69742170530873 pid6fc
101.05808474306362  1.565797351576872 181.0580847430636 pid707
102.56382320602275  1.2741915467340443 182.56382320602273 pid705
107.12171888499918  1.61820858576825 187.12171888499918 pid6fb
107.60904894730294  1.1717951628975558 187.60904894730294 pid6e8
108.73212929327998  0.6111076437051846 188.73212929327997 pid6f1
109.58187509203408  1.2810980156035547 189.58187509203407 pid6ed
115.9877287750677  1.026845642498059 195.9877287750677 pid6e0
118.56242862005242  1.6721551119027633 198.5624286200524 pid6e4
119.23142636173387  0.8069780751948052 199.23142636173387 pid6df
119.74533250915839  0.6818309090266471 199.7453325091584 pid6ea
120.44658449309316  1.7055026187124522 200.44658449309316 pid6d7
121.578110584026  0.5143578938542254 201.578110584026 pid703
122.8219220120476  1.722515348343294 202.8219220120476 pid6f0
124.60500779130706  1.674049382068035 204.60500779130706 pid702
125.0280968456953  1.042062928735173 205.0280968456953 pid6f6
126.97842983073362  1.765272882484586 206.9784298307336 pid6ee
129.98097054774996  1.7797422646372676 209.98097054774996 pid706
132.7037982508876  1.5671439715164683 212.7037982508876 pid6f7
134.7652158471284  1.4648936055652968 214.7652158471284 pid6e9
137.41171355764743  0.9474865671356665 217.41171355764743 pid6e2
140.65161408027902  0.9541638544135973 220.65161408027902 pid6dc
142.7049796242752  1.0835585494468316 222.7049796242752 pid6de
