0.24859436479452435  1.3378762531932336 80.24859436479453 pid4d11
0.41036454659982846  1.8430670175539532 80.41036454659982 pid4cf8
0.551729308130483  1.5192270059195159 80.55172930813049 pid4dc6
0.933699584097436  1.6655878163298774 80.93369958409744 pid4dd5
1.2475474348813853  1.5447390724062766 81.24754743488138 pid4d31
1.3156819855528357  1.8427545119741946 81.31568198555284 pid4d52
1.3351001647433025  0.6416637917474362 81.33510016474331 pid4ccf
1.6033862450265557  0.547271746419054 81.60338624502656 pid4dfa
1.8883929058039872  1.4065603846966312 81.88839290580398 pid4d88
1.908205004907343  1.2204140010376685 81.90820500490734 pid4d47
2.352606808105717  1.8192462567809806 82.35260680810572 pid4dc3
2.88357834412038  0.6592146062268784 82.88357834412038 pid4cdd
3.6610143023982356  1.8712288028494437 83.66101430239823 pid4e4d
3.7686371411351063  1.105407544510026 83.7686371411351 pid4d1a
3.8148707964910713  0.9696328087495476 83.81487079649108 pid4d7f
3.9763670602115777  1.182954797787374 83.97636706021157 pid4d0e
4.12873842247678  1.6774692264624071 84.12873842247679 pid4e40
4.291984745003708  1.099853567743137 84.2919847450037 pid4d70
5.3561016062421025  0.7534630436570813 85.3561016062421 pid4d1f
5.4473696769245015  0.6550921226159425 85.4473696769245 pid4d80
6.8241371180739865  0.5648046191861507 86.82413711807399 pid4db4
7.337659325841594  1.5960044215524396 87.3376593258416 pid4d98
7.529379158557514  0.9959690674072843 87.52937915855752 pid4cbc
7.672218657042756  1.5217482600941845 87.67221865704276 pid4e0e
10.02903016262815  1.6577205751431427 90.02903016262815 pid4caa
10.061751220852239  1.503805243178148 90.06175122085224 pid4d41
10.406730855197988  1.5325669707303637 90.40673085519799 pid4e03
11.277525302791869  0.5480743914266013 91.27752530279187 pid4d23
11.863935086433413  1.259453968093326 91.86393508643341 pid4d5c
12.432235371356647  1.384188607670417 92.43223537135665 pid4dea
12.465838131247315  1.9581611976994155 92.46583813124731 pid4cb4
12.788545213513697  1.187223286101363 92.7885452135137 pid4e01
13.664582211312732  0.9754543879621147 93.66458221131273 pid4e26
13.709696347339706  1.7586154264829834 93.7096963473397 pid4d5f
13.73004988240556  1.212494029224198 93.73004988240555 pid4d9a
13.878765438643942  1.76858519346331 93.87876543864394 pid4cd9
14.570597569401938  0.6491121095865191 94.57059756940194 pid4cec
14.90946672083308  0.7000404359913928 94.90946672083308 pid4cbb
15.138029297717603  1.7086870098798221 95.13802929771761 pid4d56
15.465769254308647  1.3826592465787402 95.46576925430864 pid4cfd
15.727013031114051  0.5281166067136461 95.72701303111405 pid4d2b
16.137102270418502  0.7546038188391958 96.1371022704185 pid4da0
16.193852987751136  1.6665020968965263 96.19385298775114 pid4d0d
16.28261359535  1.002425649011623 96.28261359535 pid4d8a
16.926933294892777  1.1610679260529864 96.92693329489278 pid4e45
17.270916984380808  0.716986274301474 97.2709169843808 pid4ce6
18.644705010002582  1.6709165839630806 98.64470501000258 pid4cff
18.83768436127354  1.390605127332678 98.83768436127355 pid4d8f
18.869400839454325  0.9957442775577354 98.86940083945433 pid4e04
20.297859078755824  1.7093417593703324 100.29785907875582 pid4cdc
20.793810755550073  1.638508314082687 100.79381075555007 pid4dca
21.06626312162877  1.2935793371569178 101.06626312162877 pid4e22
21.310443460512147  1.544824302083438 101.31044346051215 pid4dae
21.748826770106533  0.835242101109107 101.74882677010653 pid4d9b
21.83853092124658  0.7997985474270692 101.83853092124659 pid4ce9
22.75284979975785  1.0434138905467587 102.75284979975785 pid4d9e
22.752899397676824  1.3773849658615747 102.75289939767683 pid4e3a
23.297490507209677  1.6615929050896814 103.29749050720967 pid4d97
23.59624004199144  0.8694668503292979 103.59624004199144 pid4dab
25.031991753537326  1.786727254290962 105.03199175353733 pid4c9b
25.434589021301324  1.730300646627701 105.43458902130132 pid4e21
25.44895086019881  1.304333819954242 105.4489508601988 pid4ca9
25.524938727881725  1.2377594790217514 105.52493872788173 pid4df0
25.65130874362468  0.6974517604948702 105.65130874362468 pid4caf
27.065861843741324  1.7610144904327614 107.06586184374132 pid4de2
27.429485115765363  1.6629643103498812 107.42948511576536 pid4e3f
27.478969262799247  0.9585783296343439 107.47896926279924 pid4cd7
27.564704789905875  1.5050537852095145 107.56470478990587 pid4cf1
27.594629150548528  0.9709963180688854 107.59462915054853 pid4dc7
27.701361522501404  1.2421108173548183 107.7013615225014 pid4dda
27.752910337204156  1.9997581217035376 107.75291033720416 pid4e08
27.842566399105845  1.9603438318860267 107.84256639910585 pid4e32
28.446773233370504  1.3993489629107543 108.44677323337051 pid4dcf
29.143209114716367  1.3771145624073207 109.14320911471637 pid4cdf
29.212448557013595  0.6020217205219467 109.2124485570136 pid4d95
29.293155163078293  1.6912299100113934 109.2931551630783 pid4ddc
29.347266364161754  0.6233703795454343 109.34726636416175 pid4d46
29.364911231656553  1.839543469710677 109.36491123165655 pid4e41
29.427027047219717  1.8738344265451419 109.42702704721972 pid4db6
29.89965279122444  0.888083568153643 109.89965279122444 pid4e4b
30.571311673951502  0.6762917299280999 110.5713116739515 pid4c96
31.176678659835765  0.6156466341499256 111.17667865983577 pid4dec
31.515654125195354  1.1163729599952532 111.51565412519535 pid4da4
31.74073975981329  0.8665224953401746 111.7407397598133 pid4cc7
32.033843391261705  1.440174260539366 112.03384339126171 pid4d33
32.23054268803414  1.405127764946318 112.23054268803415 pid4d6d
33.190948137913075  0.7704753905697859 113.19094813791307 pid4c98
33.48419945803269  0.9655605026647132 113.48419945803269 pid4d79
33.55105310604239  1.283225890444255 113.55105310604239 pid4e15
33.86056332210083  1.106118605168604 113.86056332210083 pid4e33
34.357612230364566  1.7562246807190547 114.35761223036457 pid4dce
34.54932209490701  1.9449650954089717 114.54932209490701 pid4cd6
35.590590782595186  1.9790206689025323 115.59059078259519 pid4d6a
35.859112936661596  0.8883767465118189 115.8591129366616 pid4ca3
36.01455565774213  0.891099213416713 116.01455565774214 pid4cbd
36.38929239710776  0.7600835344329493 116.38929239710777 pid4d6c
36.9428445926394  1.1443215230423902 116.9428445926394 pid4d40
37.50962012333073  1.448293367155901 117.50962012333073 pid4cc1
37.61566542905503  0.9979425046876345 117.61566542905503 pid4d1e
37.762991505242475  0.5489946836154826 117.76299150524247 pid4dfd
37.99319430255055  1.9706006389433184 117.99319430255055 pid4da6
38.24728986938131  1.5029693784862537 118.24728986938132 pid4d21
38.75807223648632  1.0972118283146854 118.75807223648633 pid4cac
38.936203321100734  1.4704094010560285 118.93620332110073 pid4e3c
39.102821776486394  0.7490741615819552 119.1028217764864 pid4df2
40.05983668399743  0.7570393393929857 120.05983668399743 pid4d1c
40.303246348913376  1.92348998593015 120.30324634891338 pid4dd4
40.46689219733457  0.7862700051001403 120.46689219733457 pid4d26
40.9217263533409  1.9549352099811663 120.9217263533409 pid4d5d
41.16593118024511  0.5062879374990892 121.16593118024511 pid4d7c
41.44371214502912  1.9617638365605876 121.44371214502911 pid4c9f
41.67878644400479  1.83623293510205 121.6787864440048 pid4d90
42.35391161122789  1.0180053826323054 122.35391161122789 pid4de4
42.65007510391702  0.8728007579826138 122.65007510391702 pid4d0a
42.7982376126205  1.9963744847901377 122.7982376126205 pid4d1b
42.808984758294514  1.6267122712786726 122.80898475829451 pid4d68
42.81077292422947  1.476572135041662 122.81077292422947 pid4cd4
43.30832347946786  1.927569954657367 123.30832347946786 pid4df7
43.60084579869907  0.5131075613028169 123.60084579869907 pid4cd5
43.64150000821248  0.6469999088226045 123.64150000821249 pid4e1b
43.81631361715239  1.1473323096920514 123.81631361715239 pid4dc0
44.60897699208795  1.7679642342691273 124.60897699208795 pid4d8d
45.4019729723801  0.7217595154548002 125.4019729723801 pid4d03
46.05422968582617  0.88621516570776 126.05422968582617 pid4d9c
46.20820599484744  1.350492381850291 126.20820599484745 pid4d14
46.23895421371222  0.7584708480072554 126.23895421371222 pid4de5
46.49961436115927  1.3516841996262516 126.49961436115927 pid4d92
46.86154910975277  1.4057277840851168 126.86154910975277 pid4cdb
46.921948328548794  1.0972047162666665 126.9219483285488 pid4d9d
47.00720075441428  0.6471699197593738 127.00720075441427 pid4d43
47.02006148951976  1.5281162088254976 127.02006148951976 pid4df5
47.38565543876722  1.482685563554499 127.38565543876723 pid4c9e
47.803778146793086  0.9405721443779308 127.80377814679309 pid4dde
48.04306687881173  1.4691082079482853 128.04306687881171 pid4df6
48.19700546618229  1.2970742764471725 128.1970054661823 pid4d7d
49.03251177532426  1.744692229614758 129.03251177532425 pid4ce2
49.29943039658343  1.310025164333989 129.29943039658343 pid4dac
49.4720451322697  0.6749878408666179 129.4720451322697 pid4dd9
49.81852853954106  1.13948187473669 129.81852853954106 pid4cc6
50.428091261036805  1.0286961465444855 130.4280912610368 pid4dd2
51.53987346492177  1.8948054791184563 131.53987346492175 pid4dbd
52.41327148287151  0.6834007060246172 132.4132714828715 pid4e02
52.94367322300022  1.023348145799948 132.94367322300022 pid4da8
53.08016920098654  1.9139374509881435 133.08016920098655 pid4da3
53.272263548195426  1.576311688248246 133.27226354819544 pid4cd0
53.4184620360486  1.6328264743021037 133.4184620360486 pid4dbc
53.43787377234065  0.9400950279550647 133.43787377234065 pid4da7
53.541924568010124  1.940904745849594 133.54192456801013 pid4d12
54.84271830939773  0.9586820636733131 134.84271830939772 pid4d39
55.960285915408896  1.4749162711563537 135.9602859154089 pid4e4f
56.13666725671282  0.6253105673800108 136.13666725671283 pid4d6b
57.027975162947136  0.7197690891254231 137.02797516294714 pid4cf9
57.05792880825971  0.642892910812586 137.0579288082597 pid4e44
57.64889740482185  1.6059519100550739 137.64889740482187 pid4d2e
57.69245229971707  0.7263609162501203 137.69245229971708 pid4e2b
57.70251423248089  0.5718296195705177 137.7025142324809 pid4d71
57.705908280675025  0.8212386171197179 137.70590828067503 pid4d25
58.22889867868765  1.2686740508508472 138.22889867868764 pid4e0d
58.79764695593614  1.8400472290708896 138.79764695593613 pid4d19
59.04245400504901  0.9501440187418113 139.04245400504902 pid4e31
59.63579221746003  0.7815820249589477 139.63579221746002 pid4db2
59.66855898398693  1.8457886929201193 139.66855898398694 pid4cee
59.84593245333259  1.4943801909560288 139.84593245333258 pid4d96
60.19853139218644  1.562430932360543 140.19853139218645 pid4d89
60.93418902200586  1.0891130339514001 140.93418902200585 pid4d83
61.08859972592476  1.0830405288095373 141.08859972592475 pid4d24
61.492948347894  1.3150668394735203 141.492948347894 pid4d06
61.88192686072091  1.6688050745244762 141.8819268607209 pid4e1f
62.07027714916716  1.5853541441003498 142.07027714916717 pid4db1
62.373634863557186  1.5744725425872863 142.37363486355719 pid4ce1
62.70216541424682  1.1693804513529327 142.70216541424682 pid4ddb
62.88630989145192  1.2931353957685152 142.88630989145193 pid4d93
62.971038252568725  1.5510936552238361 142.97103825256872 pid4dc8
63.34071208267726  1.0818495814834472 143.34071208267727 pid4e4e
63.6458762041076  1.542217841388838 143.6458762041076 pid4def
63.746844510479974  1.9149616333123085 143.74684451047997 pid4de1
63.87397409205145  0.6317967731011829 143.87397409205144 pid4e27
64.54064753656255  1.2100465621711878 144.54064753656255 pid4e4c
64.60596971992193  0.6466516803628997 144.60596971992192 pid4d0c
64.82978281944375  1.1598879048906097 144.82978281944375 pid4d22
64.83659415131665  0.598170770756294 144.83659415131666 pid4d37
64.92344658765998  1.9645641601505677 144.92344658765998 pid4cc3
64.9647414495002  0.7207598202872451 144.9647414495002 pid4d6e
65.28051879143068  1.5022793635587854 145.28051879143067 pid4d6f
65.38685296002454  1.1574960146841107 145.38685296002456 pid4e47
65.68129770224456  1.5372522648494167 145.68129770224456 pid4ca7
65.89018231512424  1.480248126103424 145.89018231512424 pid4d3f
66.00915955688598  1.6496063852549243 146.00915955688598 pid4e24
66.69549524211139  0.6137616230547962 146.6954952421114 pid4dbf
67.68964668899775  0.6495556961917979 147.68964668899775 pid4d20
67.85059400707146  1.2452690511773388 147.85059400707146 pid4daa
67.8716576252622  1.7768471939010735 147.8716576252622 pid4e00
68.18140881813024  1.7772991648665097 148.18140881813025 pid4deb
68.46605300079685  0.9320167825159928 148.46605300079685 pid4e4a
68.5522839169121  1.8310089641619864 148.5522839169121 pid4c9c
68.70606595641307  1.104670301560181 148.70606595641306 pid4e49
69.29173451734752  1.0889479505444728 149.29173451734752 pid4c92
69.86345784663145  1.6213058184594833 149.86345784663143 pid4dd1
70.01621239329327  1.4220112679030608 150.01621239329327 pid4ceb
70.04021567807158  1.5551358468473981 150.04021567807158 pid4ccc
70.2911410669677  0.9424809090877306 150.2911410669677 pid4cb9
70.48973316524274  0.8363208928370667 150.48973316524274 pid4d51
70.59348745730496  1.3078633691721446 150.59348745730495 pid4d45
70.59733399307785  1.6528736800186379 150.59733399307785 pid4e07
70.81565870047638  1.690884095506913 150.81565870047638 pid4d2a
71.92286445097322  1.9211498510769103 151.92286445097324 pid4e51
72.31546430307166  1.0449888017855362 152.31546430307168 pid4cfc
72.40841524642858  1.3433092211204036 152.40841524642858 pid4d4a
72.76983646524955  1.3270229898917103 152.76983646524957 pid4dc2
72.79892530436318  1.2011003646946223 152.7989253043632 pid4cd3
73.03814131647461  0.9374785809433492 153.0381413164746 pid4e10
73.14719205341746  1.333212794694358 153.14719205341746 pid4ce5
73.41934260959552  1.2735403834388848 153.4193426095955 pid4d8b
73.4973528268643  0.7276114847643727 153.4973528268643 pid4cc8
73.5691107027508  1.404748984020066 153.5691107027508 pid4d94
74.1938963750677  1.4708210264905655 154.1938963750677 pid4d5e
74.26959266870401  1.9064579551433958 154.269592668704 pid4e06
74.56150548023253  1.1126824128006167 154.56150548023254 pid4e1c
74.57306610321847  0.8484575957224666 154.57306610321848 pid4d74
74.60649410263355  0.9428643771634737 154.60649410263355 pid4d28
75.33479672210834  1.3067907139027142 155.33479672210834 pid4d3d
75.50544068991914  1.7287552129822137 155.50544068991914 pid4de9
76.18789110479042  1.665286097298059 156.18789110479042 pid4d8e
76.38206364868238  1.4160941193705074 156.3820636486824 pid4df4
77.09994326241527  0.6808770474767557 157.09994326241525 pid4d91
77.31634369785803  0.7096949629059568 157.31634369785803 pid4e12
77.50795686791453  1.0733376111758026 157.50795686791452 pid4ca2
77.52442777489172  1.015744917096175 157.5244277748917 pid4cef
77.74959420977311  1.8901208767393638 157.7495942097731 pid4d5a
78.09616981446999  1.2634309919185973 158.09616981447 pid4d0f
78.23773623111023  1.6891410368519777 158.23773623111023 pid4cb5
78.30041722103053  0.830209948178648 158.30041722103053 pid4cb1
78.6721536932109  1.512601349738531 158.6721536932109 pid4c91
79.20419138137316  1.7988124177496712 159.20419138137316 pid4d04
79.280974077749  1.9563258368634808 159.280974077749 pid4d87
80.4778536927018  1.0700572483575173 160.47785369270179 pid4cc2
81.00859270402083  1.9274357692385582 161.00859270402083 pid4ca4
81.46652398674878  1.1314049835502349 161.46652398674877 pid4e0f
81.69163117759366  1.9543834683916805 161.69163117759365 pid4ce0
81.74592566634288  1.2474945813425573 161.74592566634288 pid4d2f
82.19252662309425  1.0942676664149862 162.19252662309424 pid4daf
82.62439018932989  1.6592256516390542 162.6243901893299 pid4e23
83.17411489681587  1.9372427429300776 163.17411489681587 pid4d00
84.2795139041326  1.7131149230188578 164.2795139041326 pid4ca8
84.31561738576556  0.7137372697612034 164.31561738576556 pid4de3
84.50784033988354  1.5104213217209628 164.50784033988356 pid4e0c
84.63307360545994  0.7202849807195031 164.63307360545994 pid4d85
84.87883061995981  1.2664661917626425 164.8788306199598 pid4d4d
84.91403649672723  1.1168683244658995 164.91403649672725 pid4e39
85.45007816355218  1.7942558858936353 165.45007816355218 pid4c95
86.39810193111612  0.7829551600864949 166.39810193111612 pid4e18
86.85342191465729  1.8673890056765263 166.8534219146573 pid4da5
87.28022248809465  1.2618356907020214 167.28022248809464 pid4dd3
87.43091154713227  1.8899676661673057 167.43091154713227 pid4d9f
87.45071702790501  1.2183846841446393 167.450717027905 pid4d05
87.5089308197575  1.4306903499768153 167.5089308197575 pid4cf0
87.52133333133166  0.8485662058819607 167.52133333133168 pid4e30
87.73789957405808  1.8636275484621962 167.73789957405808 pid4e29
87.96320603405954  1.561510535790728 167.96320603405954 pid4d67
88.09604002789914  1.547128245107223 168.09604002789914 pid4e36
88.23836302335896  0.6107099752475613 168.23836302335894 pid4db9
88.54480162343455  1.1288973683487895 168.54480162343455 pid4da2
88.8145884353873  0.7791934147466755 168.8145884353873 pid4cc4
89.11479637541882  0.5608143833585788 169.11479637541882 pid4c99
89.98743754792025  0.774145142077564 169.98743754792025 pid4dd6
90.16977435315371  1.7046065341148213 170.1697743531537 pid4e3e
90.71601685623136  0.9517648140239476 170.71601685623136 pid4d3c
90.75000139113045  1.2694675230487464 170.75000139113047 pid4ca1
90.89749320505967  1.2588824374298255 170.89749320505967 pid4dc1
92.53581291275711  0.5220116113595166 172.5358129127571 pid4d72
92.99440454635378  1.4022856444564624 172.9944045463538 pid4de8
93.05001023407891  0.9171645111869874 173.0500102340789 pid4cb0
93.36078867283715  0.5853397285486548 173.36078867283715 pid4d3e
93.59762274556086  1.4492087396154303 173.59762274556084 pid4d8c
94.1780542418878  0.6163671131332296 174.17805424188782 pid4e3d
94.72482504809213  1.86003510417297 174.72482504809213 pid4cd2
94.86378734349822  1.1932993747680567 174.86378734349822 pid4e1e
94.88385964419427  0.6518576903592639 174.88385964419427 pid4ce7
94.90278663258907  0.5257631384905572 174.90278663258908 pid4e46
95.43537524755406  1.0166730249034452 175.43537524755408 pid4de6
95.87572614539694  1.2550206741657548 175.87572614539692 pid4d2d
96.24585286793629  0.7853978086347655 176.2458528679363 pid4dcc
96.50419249693401  0.7219397577008229 176.50419249693402 pid4ca5
96.92006922578857  0.9262758608403862 176.92006922578855 pid4e13
97.13289543604698  1.7078583634143465 177.13289543604697 pid4e48
97.21866535502686  0.6077246874660298 177.21866535502687 pid4cf2
97.3425821098457  1.349071336733272 177.3425821098457 pid4d81
97.42668639164575  0.6511726153127821 177.42668639164575 pid4cda
97.86322021491294  1.7088061930018734 177.86322021491293 pid4d09
98.22553509482712  1.5719437461575234 178.22553509482714 pid4dd0
98.81314506567927  1.3731875948914758 178.81314506567927 pid4ccd
98.97705879256858  1.3421003391642867 178.97705879256858 pid4cba
99.34627689613266  1.9745056612119443 179.34627689613268 pid4ddf
99.39049791516737  1.441961096975543 179.39049791516737 pid4d69
99.7059171016048  0.8341053558267286 179.7059171016048 pid4cc0
99.83522788695586  1.2668105893966086 179.83522788695586 pid4cae
99.99700284047151  1.3456821032346273 179.9970028404715 pid4dd8
100.01891880386752  0.8205765207603162 180.0189188038675 pid4e2c
100.14831885309916  1.131245926996685 180.14831885309917 pid4d66
100.22539332372837  1.8616244844165981 180.22539332372838 pid4e37
100.59393348850968  1.4696134717969935 180.59393348850966 pid4d54
100.6782041066865  0.6139177993692857 180.6782041066865 pid4db5
101.28004327979234  1.020564284411878 181.28004327979232 pid4d01
101.43154998432887  1.098752836846368 181.43154998432885 pid4d86
101.8847052240865  1.9205312932762495 181.8847052240865 pid4ded
103.40838633344774  1.9669152239953598 183.40838633344774 pid4dff
103.89815260546307  1.9334464908250841 183.89815260546305 pid4cb8
103.98832101302219  0.519839252560923 183.9883210130222 pid4cd8
104.16579708831138  1.0882541080711992 184.16579708831136 pid4d17
104.37781506580123  1.0119605464745842 184.37781506580123 pid4cab
104.63013657536395  0.6332227863319296 184.63013657536396 pid4d62
105.07777439338646  1.141902409481568 185.07777439338645 pid4d07
105.16290437252441  1.9849677198606694 185.1629043725244 pid4d53
105.20832463099049  1.7377554662277515 185.2083246309905 pid4db0
105.38839074250969  1.4485656883051612 185.38839074250967 pid4e28
106.24034277482966  0.9096920863591785 186.24034277482966 pid4e42
106.24278748286272  0.7955517044229361 186.24278748286272 pid4e50
106.60658233534828  0.5671851393142671 186.60658233534826 pid4dfb
106.6125331407999  0.9726416935942127 186.61253314079988 pid4e38
107.00917819560614  0.6004652396571771 187.00917819560613 pid4d13
107.28574039628188  0.6109573429296933 187.28574039628188 pid4e1a
107.41918582182599  1.8173350729591051 187.41918582182598 pid4cb3
107.53729556053942  0.548595490982764 187.5372955605394 pid4dcd
108.15552527662915  0.7334683189882552 188.15552527662913 pid4df3
108.46263678642575  1.7017668143024192 188.46263678642575 pid4c97
108.5452290536532  0.8899259717212883 188.5452290536532 pid4dfc
108.7222758092355  1.006967177554138 188.7222758092355 pid4dc9
109.12585986930843  0.9262867776263147 189.12585986930844 pid4cad
109.22444184959554  0.9253642386130729 189.22444184959554 pid4d4c
109.45990203698332  1.0600921633350682 189.45990203698332 pid4d4e
109.84689897635376  1.7334705948529 189.84689897635377 pid4e17
110.49415486959614  1.832541122307274 190.49415486959614 pid4d60
110.96525927369753  1.1927807428691073 190.96525927369754 pid4d61
111.1721464106621  0.9378261127982113 191.1721464106621 pid4d18
111.44396680437701  0.6967598017155285 191.443966804377 pid4d7e
111.46507129334354  1.2206591405835305 191.46507129334356 pid4d50
111.6694101234422  1.942251206697394 191.66941012344222 pid4d1d
112.1017085154537  1.112058808296188 192.1017085154537 pid4d59
112.49315245429169  1.7998604342847937 192.4931524542917 pid4cfb
112.5583432264324  1.2354430255341216 192.55834322643238 pid4d99
112.68441815122125  0.7094460353591339 192.68441815122125 pid4e19
112.84729579373136  1.7489461003632176 192.84729579373135 pid4d3b
113.18381113843019  1.3520260608844317 193.1838111384302 pid4de7
113.61462190033747  0.7020322579391036 193.61462190033745 pid4dba
113.65826698991984  0.5250863777106278 193.65826698991984 pid4e05
113.74507330432364  0.5534495339665881 193.74507330432363 pid4cf4
113.84493281612747  1.0685628143442503 193.84493281612748 pid4d10
113.8523576188563  1.6588269349011693 193.8523576188563 pid4e1d
114.22380288353953  1.135155406211537 194.22380288353952 pid4d55
114.23965046631703  0.558177748693325 194.23965046631702 pid4dd7
114.58555016886098  1.0846736225208558 194.58555016886098 pid4d65
114.5944735981989  1.0058083092041774 194.5944735981989 pid4cb2
114.61731261242775  1.3899444244542747 194.61731261242775 pid4cca
114.7957119950947  0.6178182311634229 194.7957119950947 pid4ce8
114.99666334856094  0.6891026506958287 194.99666334856096 pid4d82
114.99961831546382  0.9758275120439635 194.9996183154638 pid4d3a
115.33080573859378  0.8965131401804751 195.33080573859377 pid4e09
115.56312954326532  1.3589251830300506 195.56312954326532 pid4cb7
116.5940051462047  1.1273177248767685 196.5940051462047 pid4e0a
117.19410118135559  1.577072726685918 197.1941011813556 pid4da9
117.26147614463491  1.1390549102262337 197.2614761446349 pid4db7
117.81797169731534  0.6899584536131744 197.81797169731533 pid4cf6
117.90411555812473  0.5694779875998968 197.90411555812472 pid4e2f
118.1949191764062  1.3636021587013376 198.1949191764062 pid4c9d
118.38054344044  1.146685337367481 198.38054344044 pid4c93
118.53287513051119  1.9611542318434725 198.53287513051117 pid4e20
118.77808385233443  1.4594095278508354 198.77808385233442 pid4d32
119.01131115293893  0.7847140115990021 199.01131115293893 pid4ccb
119.34009013584271  1.2662992415382457 199.34009013584273 pid4dcb
119.42515875974357  1.8385733072818335 199.42515875974357 pid4d34
119.56759377152947  0.8732033944709314 199.56759377152946 pid4d73
120.2397209006127  1.467920800556427 200.2397209006127 pid4e3b
120.56995134012983  0.6707971672943271 200.56995134012982 pid4ce4
120.9670002012702  1.1669162795681638 200.9670002012702 pid4d7b
121.87332389375374  1.7473390366909292 201.87332389375374 pid4cc9
121.91211090902347  0.9047889608512187 201.91211090902345 pid4db3
123.04584995673623  1.707338319176139 203.04584995673622 pid4cce
123.04944939718919  1.2763810193469662 203.0494493971892 pid4d48
123.30294527514461  1.1277410851239322 203.30294527514462 pid4e2a
123.68978113580232  0.6783805198121906 203.68978113580232 pid4d30
123.80722791005003  0.8231996104094381 203.80722791005002 pid4dc4
124.88698536454108  1.672938784072278 204.8869853645411 pid4d77
125.10477357210519  1.8450176989803244 205.1047735721052 pid4db8
125.21850041530328  1.3180851099178597 205.21850041530328 pid4cc5
125.42691699256265  0.9467714459392325 205.42691699256267 pid4d64
126.01890101150768  1.2775831139039577 206.0189010115077 pid4e34
126.34378983419114  0.8950352777087864 206.34378983419114 pid4de0
126.67552570457607  1.6716202431354859 206.67552570457607 pid4d4f
126.69734315159695  1.9555040437822577 206.69734315159695 pid4cf3
127.19599826891323  1.0976558453178906 207.19599826891323 pid4e0b
128.43133670590169  1.3437648413192012 208.43133670590169 pid4d16
128.43645143119198  1.398869246596329 208.43645143119198 pid4d27
128.87385019653505  0.5594145912922329 208.87385019653505 pid4cbe
129.0989617198864  0.6659791688061675 209.0989617198864 pid4d7a
129.51276023688348  1.7060794816023779 209.51276023688348 pid4cde
130.18173677870416  1.197527458806227 210.18173677870416 pid4d76
130.35161411573662  1.0338331588496055 210.35161411573662 pid4e11
130.36883015775484  1.9738163275807725 210.36883015775484 pid4c94
131.16621054385078  1.7183880126164406 211.16621054385078 pid4d58
131.4973556719752  1.8541203023597774 211.4973556719752 pid4d57
131.53646419955166  0.5406589467000977 211.53646419955166 pid4d63
131.6116544839107  1.8757899382094991 211.6116544839107 pid4cf7
132.1615295870959  0.7237876525155211 212.1615295870959 pid4ca0
132.2549045087817  1.2322655377961285 212.2549045087817 pid4cfe
132.29431314917238  0.894333321204182 212.29431314917238 pid4d35
132.3943232693344  1.793300796633046 212.3943232693344 pid4c90
132.39815684310537  1.6449321232507257 212.39815684310537 pid4e2e
132.71189858685932  0.9623202659569008 212.71189858685932 pid4d02
132.870990964681  1.0636962134395316 212.870990964681 pid4ce3
133.53422490388968  1.990204764989332 213.53422490388968 pid4e14
134.442037498097  1.0363055569035378 214.442037498097 pid4d08
134.88622323384362  1.113909555243233 214.88622323384362 pid4dee
134.8906749654187  0.8806946629637421 214.8906749654187 pid4cfa
135.0197654420913  1.528932516178727 215.0197654420913 pid4d84
135.02799949997762  1.7319706975353868 215.02799949997762 pid4d38
135.49687446380318  1.745060376756523 215.49687446380318 pid4d36
135.7237284181596  0.8383939949540788 215.7237284181596 pid4d44
135.99410581438573  1.7826369136289237 215.99410581438573 pid4c9a
136.27862445238708  1.9608061368799614 216.27862445238708 pid4df1
136.8464289245187  0.5743994096546479 216.8464289245187 pid4cb6
137.40056870208682  1.245153220905437 217.40056870208682 pid4e35
137.82008969515783  1.3237022799992522 217.82008969515783 pid4cea
138.2667361788171  1.581470496583435 218.2667361788171 pid4d2c
138.63825074400287  1.1983605100666368 218.63825074400287 pid4ca6
138.68492894697414  0.9941745979920844 218.68492894697414 pid4df8
139.92825547163207  1.828400838025711 219.92825547163207 pid4df9
141.0305165057667  1.7664790908379968 221.0305165057667 pid4dad
141.76275985549523  1.700800700031434 221.76275985549523 pid4dbe
141.81428095339044  0.9814559366598858 221.81428095339044 pid4e2d
142.1612364119002  1.518085623319263 222.1612364119002 pid4d42
142.38043783923317  0.7475784474018928 222.38043783923317 pid4d75
142.40131998657208  0.6465371455706602 222.40131998657208 pid4cbf
142.4089405079202  0.7831940263504806 222.4089405079202 pid4da1
142.96636454050648  0.7778315129400739 222.96636454050648 pid4d15
143.13366849785336  0.6922200058166292 223.13366849785336 pid4e25
143.2178404039641  1.6846281652682584 223.2178404039641 pid4dc5
144.114754908753  0.628267872785107 224.114754908753 pid4d49
145.25080592472096  1.2399351237148482 225.25080592472096 pid4e16
145.5813500850525  1.7878897378552494 225.5813500850525 pid4dfe
145.86361126990965  1.9267126984142977 225.86361126990965 pid4ddd
146.47485840617418  0.8728663034793681 226.47485840617418 pid4d5b
146.71836489732874  1.5457661578247865 226.71836489732874 pid4d29
146.7494874397088  1.2396325483419468 226.7494874397088 pid4cf5
147.07198886262074  0.9092297870034414 227.07198886262074 pid4dbb
148.21545008564848  0.8474122737930466 228.21545008564848 pid4e43
148.37940661897406  1.062246901266989 228.37940661897406 pid4cd1
148.8965266020966  0.6268732051801307 228.8965266020966 pid4d78
149.24577230874888  1.609745716532038 229.24577230874888 pid4d4b
149.3560161342681  1.8761215499214705 229.3560161342681 pid4d0b
149.76911032622317  1.2674159882654898 229.76911032622317 pid4ced
