0.825903655114113  0.5887669535627711 80.82590365511412 pid21c1
0.9398376486658366  1.0256619195749326 80.93983764866584 pid2210
1.1416999326206434  1.6763665880258165 81.14169993262064 pid21bf
1.2490948975159677  1.8647502443403923 81.24909489751597 pid20a8
1.3802546192331455  0.6510432860328426 81.38025461923314 pid2217
1.4472751727811317  0.876978151375025 81.44727517278113 pid20ef
2.560648749709954  0.7496413926010642 82.56064874970996 pid20df
3.311700898679221  1.049109213240104 83.31170089867922 pid21f4
3.3830509718612625  1.2779271246990629 83.38305097186127 pid20db
3.5709150691894287  1.5137234006946245 83.57091506918943 pid21b9
3.976313113143648  1.4988770210529578 83.97631311314365 pid21c7
4.224355692353715  1.3917766758723786 84.22435569235371 pid20d5
4.253661912108142  1.6113891423802886 84.25366191210814 pid2202
4.379918007770279  1.43010569245149 84.37991800777027 pid2130
4.58533838617759  1.3408891054369485 84.5853383861776 pid2188
4.744766722582411  0.5785321903739438 84.74476672258241 pid21d2
5.198709007228025  0.9674820936207615 85.19870900722802 pid213f
5.362706644820214  1.5354740740827468 85.36270664482021 pid20c7
5.493530350466575  1.137400714998056 85.49353035046657 pid2104
5.700018478713598  1.4250741254632326 85.7000184787136 pid220b
5.735841320297796  1.717061915120908 85.7358413202978 pid210f
5.909333573785069  1.373041206602432 85.90933357378506 pid211f
5.9707631473151  1.7569066185152529 85.9707631473151 pid21d4
5.997673757328931  0.6281937946746752 85.99767375732893 pid212a
6.02111965144711  1.8394594994709461 86.02111965144711 pid217d
6.654033508919133  0.9621566504592511 86.65403350891913 pid220a
6.731401587241659  1.071469734387582 86.73140158724166 pid20e7
6.88474910784484  1.7691517426666872 86.88474910784484 pid2205
7.488509184266712  0.8759493654152358 87.48850918426672 pid21f5
7.743145540010143  1.9942914486225183 87.74314554001015 pid20d8
8.360741283675388  1.640685750981032 88.3607412836754 pid21bc
8.466772996760225  0.7521029962609649 88.46677299676023 pid21ee
8.599671458093756  1.3085164380227852 88.59967145809375 pid20f7
8.902363052428953  0.9577026072747283 88.90236305242895 pid2224
9.365077652629978  1.4476459905624868 89.36507765262998 pid210d
9.479347916392344  1.0103164943977614 89.47934791639234 pid20e3
9.968228022536573  1.8341177264435335 89.96822802253658 pid2167
10.095534660021643  1.7943497767870753 90.09553466002164 pid2128
10.747147276184293  1.3753282401356364 90.7471472761843 pid224d
10.983117622038153  1.8317165995632037 90.98311762203815 pid215d
11.02272551719134  1.843940482509736 91.02272551719133 pid21e1
11.390104135631413  1.1688890141452162 91.39010413563142 pid218c
11.498695830243694  0.6517659525554023 91.49869583024369 pid2114
11.633107247896534  0.9026182944529245 91.63310724789653 pid2135
11.650820530828765  0.7574604792126756 91.65082053082877 pid2178
11.759740532358165  1.66857212579495 91.75974053235817 pid2191
11.935890256410625  0.606749652912618 91.93589025641063 pid2145
11.936733326689563  0.5034623350572159 91.93673332668956 pid215c
12.10101947403379  1.1303387973351082 92.10101947403379 pid211c
12.123189810695079  0.6488027016205273 92.12318981069508 pid221b
12.694435943974113  1.6579814227654974 92.69443594397411 pid21fd
13.144534609450886  1.1023329983014185 93.14453460945089 pid217a
13.262846618808494  1.0574612976206357 93.2628466188085 pid2105
14.318319502870086  0.6673550847383339 94.31831950287008 pid2163
14.329561423874287  1.519161770106513 94.32956142387428 pid2138
14.381474286189128  1.5567382161236742 94.38147428618913 pid21c0
14.87782359285727  0.7080302429768736 94.87782359285727 pid2136
15.248630701689297  1.4416179054219385 95.2486307016893 pid2259
15.842265057299759  0.620280229100556 95.84226505729976 pid20d6
15.863338329383648  1.8809044212900714 95.86333832938365 pid20ad
15.953840775964162  0.5346344427915004 95.95384077596417 pid21da
16.222331342878178  0.6864610174816135 96.22233134287818 pid219e
16.279509779516683  0.7722138318674936 96.27950977951669 pid20a9
17.175253873285452  1.0642010708189522 97.17525387328546 pid2209
17.69470745791909  0.6073627545140836 97.6947074579191 pid21db
18.483068821406256  1.0139561342922714 98.48306882140625 pid2198
18.571521043470963  1.7381413877999257 98.57152104347097 pid20d7
18.631156861337455  1.756558154869915 98.63115686133746 pid224c
18.829736988553137  0.895606073139078 98.82973698855314 pid216b
19.077369871809356  1.7539594982478224 99.07736987180935 pid21f0
19.124267705451675  1.5292634530547695 99.12426770545167 pid2106
19.12663354919732  0.5540442780386559 99.12663354919732 pid20af
19.55433175923019  1.3847019553103548 99.5543317592302 pid21c8
19.821071082235502  1.641621545954779 99.8210710822355 pid20bf
20.71113520916076  1.6797822949017855 100.71113520916076 pid2119
21.281859168328577  0.9841042653534167 101.28185916832858 pid2218
21.32261444332758  0.9308967399944132 101.32261444332758 pid20e2
21.373183440574895  1.3947243313614592 101.37318344057489 pid21ec
21.55216975588522  1.440969737455962 101.55216975588522 pid211b
21.610079133967595  0.6028867946340462 101.61007913396759 pid21ac
21.675328048746877  0.7152230188268606 101.67532804874688 pid2212
22.380481625541698  0.9891409629610296 102.3804816255417 pid21a2
22.640176456048362  1.4946722913581763 102.64017645604837 pid2152
23.187431352305314  1.2237576955031708 103.18743135230531 pid222e
23.313399572706622  1.1309537307045476 103.31339957270663 pid2181
23.66598328267539  0.5353001511908386 103.6659832826754 pid221c
23.956198962764663  1.5833045784153634 103.95619896276466 pid2240
24.4892874151201  1.3010497824333966 104.4892874151201 pid20b9
24.7531326927423  1.6186514044719789 104.7531326927423 pid2237
25.20913466544631  0.8628136219218348 105.20913466544631 pid2164
25.412596116762497  1.105309426386207 105.4125961167625 pid21b8
25.4537961517213  0.525754835807483 105.45379615172129 pid21cd
25.668185146742395  1.7793856522418756 105.66818514674239 pid2183
26.475215493074668  0.9136186138219832 106.47521549307467 pid20f0
27.051396750902875  0.8371840605730414 107.05139675090288 pid2244
27.473016893363102  1.389778467142514 107.47301689336311 pid20ae
27.659222452628214  1.6909917992085584 107.65922245262821 pid21c4
28.21561896058436  1.3792483511042857 108.21561896058437 pid20ca
28.51564679277303  1.3610335109882674 108.51564679277303 pid20dc
28.62224081911847  1.7037587281026227 108.62224081911847 pid210b
29.341931002996517  1.8685980134870048 109.34193100299652 pid2170
29.56781759816767  1.5231868110574123 109.56781759816766 pid2107
29.942714869099795  0.8695638983025135 109.9427148690998 pid20dd
30.50828305725874  1.8548749219858962 110.50828305725874 pid2140
30.532643635218303  1.549555994916084 110.5326436352183 pid2109
30.73747282653062  1.714410398107094 110.73747282653062 pid2236
30.77284404249012  1.3218249049349167 110.77284404249012 pid20b7
30.93536144953564  1.5207659406651446 110.93536144953563 pid20fd
31.054266263624104  0.566838560931946 111.0542662636241 pid216e
31.29450918516804  1.8268613320326754 111.29450918516804 pid2127
32.18234908914779  0.8313710335639688 112.18234908914779 pid2193
32.391244673984126  0.7059827072815588 112.39124467398412 pid20f8
32.484623628891974  1.8616877554321745 112.48462362889197 pid21d8
32.68303350998406  1.3159750985343845 112.68303350998406 pid20a2
33.10159361056546  0.6738429831430839 113.10159361056546 pid2175
33.16868240035342  1.5025784127623225 113.16868240035342 pid21b7
33.51162106939639  0.8839792637375135 113.5116210693964 pid21a8
33.59721576253706  0.9525670503652903 113.59721576253706 pid2195
33.77241117972836  1.812883098355747 113.77241117972835 pid2174
34.06425182579022  1.353606667905561 114.06425182579022 pid21d0
34.14284371102323  1.0680912884069749 114.14284371102323 pid2248
34.37728724370005  1.2373686571964835 114.37728724370005 pid20ee
34.482620731279326  0.7892585758093433 114.48262073127933 pid2219
35.13293153395057  1.7194387368692858 115.13293153395057 pid20ea
35.224776484414775  1.5648180876785678 115.22477648441478 pid21d9
35.408772286387276  1.814567398836969 115.40877228638728 pid214b
35.75624634063722  1.83221842096831 115.75624634063722 pid21ce
35.92198300360576  1.3407146215129413 115.92198300360576 pid21aa
36.16501466749774  1.4119194946338538 116.16501466749774 pid2153
36.28513157048722  1.6201498749434187 116.28513157048722 pid20b3
36.64899424894114  1.702257529709347 116.64899424894114 pid21df
37.128683707790444  0.9959089345777399 117.12868370779044 pid21ad
37.79866915225914  1.9438213299874527 117.79866915225914 pid21c5
37.866595140770585  1.8070633604676842 117.86659514077058 pid225a
38.06412337741826  1.4952474775450766 118.06412337741827 pid20a6
38.099684169004775  0.992771621413634 118.09968416900477 pid2184
38.21691283234992  1.9717700824481033 118.21691283234992 pid2129
38.31803940114331  1.6628508831657964 118.31803940114331 pid20c6
38.448846957991854  0.7790134929226902 118.44884695799186 pid20e5
38.53317339619407  1.5730148109133073 118.53317339619407 pid2168
39.33048873703401  1.5594193226540387 119.33048873703402 pid21e6
39.4580331768484  1.4449708535031756 119.4580331768484 pid219f
39.50808953043157  1.9358850869405344 119.50808953043156 pid20e4
39.78428707263682  0.8529386564244115 119.78428707263683 pid2208
40.1084388123584  1.0500878378518226 120.1084388123584 pid2234
40.16839332552611  1.6541725530504312 120.16839332552611 pid2147
40.42563492091407  0.9753111001971007 120.42563492091406 pid2103
41.153939486224914  1.3295775485359007 121.15393948622491 pid2230
42.24950771345808  0.5334779089901907 122.24950771345809 pid21b2
42.39234897037017  0.7018003176982872 122.39234897037016 pid20c9
42.51725559579715  1.6163440382898289 122.51725559579715 pid20e1
42.64903158278283  1.8705830031872284 122.64903158278284 pid2206
42.77132998907761  1.9030221651648178 122.7713299890776 pid21d7
43.955827474021326  1.352090755293617 123.95582747402133 pid2122
44.14908389947942  1.3873152080501971 124.14908389947942 pid2242
44.26953316018014  1.8205413179354812 124.26953316018015 pid219b
44.71273471785943  0.5176754675776328 124.71273471785943 pid21e2
45.11520938924017  0.6628519653443792 125.11520938924016 pid219a
45.758517984149364  0.8216440351191532 125.75851798414936 pid21d5
45.836505776178974  0.6988390005492453 125.83650577617897 pid225e
46.47741820474041  0.6135202656313512 126.47741820474042 pid20a0
46.524002574912714  0.8756632964970719 126.52400257491271 pid2151
46.7025368167362  1.2771709169516061 126.7025368167362 pid216a
46.97657444352391  0.7749565212035309 126.9765744435239 pid215f
48.61582759176116  0.5376665757359531 128.61582759176116 pid21f8
48.70472109153503  1.0853931857341 128.70472109153502 pid2239
48.79854563735787  0.8148909140759838 128.79854563735788 pid20eb
49.96422414833641  0.5489684082239779 129.96422414833643 pid2180
50.547779259690714  1.7202318088816413 130.5477792596907 pid2254
50.93005452942798  0.9787482355683932 130.930054529428 pid20cd
50.98347807269493  1.36394425698636 130.98347807269494 pid21e8
50.992589255612664  1.9140461652618979 130.99258925561267 pid2213
53.14441937967441  1.709532350324726 133.14441937967442 pid2101
53.14792171609555  1.1621089868742591 133.14792171609554 pid20c4
53.1950497925157  1.385739860042329 133.1950497925157 pid21a7
53.74602816380495  1.5816943761078646 133.74602816380497 pid216f
53.83399650493709  1.5940902499465164 133.8339965049371 pid20a1
54.06056503905184  0.5327212500733887 134.06056503905182 pid21be
54.26842427188709  0.8682358952256439 134.26842427188708 pid21a5
54.450638519841895  1.2361387395348578 134.4506385198419 pid20b5
54.87116749725992  1.321713400646754 134.87116749725993 pid2121
55.45303341581749  1.064535270976506 135.4530334158175 pid2148
56.31878549123302  1.9265275310047578 136.31878549123303 pid210e
56.33561685879189  1.0172212341472096 136.3356168587919 pid219c
56.338574013626655  1.9032904653846987 136.33857401362667 pid225f
56.54143578235153  0.8281690639234323 136.54143578235153 pid20a3
56.721652506717376  1.4240200489225963 136.72165250671736 pid20b8
57.094668841699644  1.8760758916175424 137.09466884169964 pid2196
57.55077002621931  1.9011769556645879 137.5507700262193 pid2200
57.951993253465545  1.2920022321842672 137.95199325346556 pid216c
58.250646443362186  0.7105318957995055 138.2506464433622 pid212c
58.88779370035381  0.8428185415068672 138.88779370035382 pid2137
58.93471013274021  0.8745307612908448 138.9347101327402 pid20f1
59.987254910793226  1.070056571714441 139.98725491079324 pid214a
59.98741274751384  0.9486086143270935 139.98741274751384 pid20a4
60.80579054680873  0.5820904864691419 140.80579054680874 pid21ab
60.87513303593289  1.7152217427680116 140.8751330359329 pid20f4
61.09235238247128  0.826489046900744 141.0923523824713 pid2251
61.902958918688874  0.9976926458319471 141.90295891868888 pid21fc
62.107617480421695  1.3373321294234168 142.1076174804217 pid2243
62.307454735051095  1.228211254186715 142.3074547350511 pid2131
62.40333054209947  0.8670705366498026 142.40333054209947 pid2142
63.783089906640086  1.5279206906246006 143.7830899066401 pid2232
63.80587585207705  1.0027485311169129 143.80587585207707 pid20c2
64.17613036375559  0.8662143662833293 144.1761303637556 pid20ec
64.36823007696053  1.2599623227115104 144.36823007696051 pid2246
64.56471125741025  0.7139634953669474 144.56471125741024 pid20aa
64.62162837853045  1.2662658234442388 144.62162837853043 pid214e
65.2112491415362  1.2427199628959364 145.2112491415362 pid218d
65.54240870674245  0.6687872879551562 145.54240870674244 pid2132
65.7222597811604  0.5899459162971841 145.7222597811604 pid214d
66.20481294855868  1.3200172189899617 146.2048129485587 pid2238
66.71210310734644  1.1098709598290506 146.71210310734642 pid218e
66.7498700226202  0.6219287555290254 146.7498700226202 pid20d0
66.82603776519571  1.3775345428118304 146.8260377651957 pid2227
67.01225864170333  1.937864114650533 147.01225864170334 pid20b4
67.17144951145723  1.0809503806704115 147.17144951145724 pid2235
67.64732955714493  1.3111646662092835 147.64732955714493 pid21ae
67.81364141573233  1.5163825280218965 147.81364141573232 pid21ff
68.36452858825987  1.3940882143198294 148.36452858825987 pid21de
68.79229034691554  1.374443165706399 148.79229034691554 pid213b
68.82456528203727  0.5236525891465033 148.82456528203727 pid21e3
69.36734185375181  0.674994461857533 149.3673418537518 pid223d
69.87557845491705  1.1687489075207798 149.87557845491705 pid21ed
70.05273861222742  1.3050609107049636 150.05273861222742 pid20ed
70.256752938717  1.5958916216452257 150.256752938717 pid222a
70.27452967689369  0.5270968272543703 150.27452967689368 pid2172
70.39155460183841  1.164605079191243 150.3915546018384 pid21c3
70.53372545996385  1.114143203894867 150.53372545996385 pid21ca
70.78381428244737  0.7887148544696702 150.78381428244737 pid2220
70.825479397299  1.2470290734746599 150.825479397299 pid2120
71.44662335903855  1.884189146851215 151.44662335903854 pid21b4
71.64827772688832  0.787317813771012 151.64827772688832 pid2111
71.73868144201606  1.7467664412439663 151.73868144201606 pid221e
72.36966373141162  1.8179579885328703 152.3696637314116 pid2204
72.74256938745931  0.6478742278724723 152.7425693874593 pid21dd
73.20341518755329  1.1314805788093278 153.20341518755328 pid21b6
73.28179116785826  1.011042849989168 153.28179116785827 pid2162
73.44167124126974  0.8295729556709079 153.44167124126974 pid21f9
74.04621694241139  0.8414268019751479 154.04621694241138 pid20fa
74.95964678783025  1.5123307078474717 154.95964678783025 pid20b0
75.32998421895698  1.1158674551842487 155.32998421895698 pid20e0
75.52062156660483  0.7896362851469887 155.52062156660483 pid2216
77.38709226679056  1.5595859593908945 157.38709226679055 pid2125
77.95890148525629  0.6711086795968224 157.9589014852563 pid21f6
78.16776768282128  1.8476197243191104 158.16776768282128 pid225d
78.45749066677263  1.3120229228582578 158.45749066677263 pid2133
80.17350732722296  1.7635022246897154 160.17350732722298 pid21c6
80.40879082294386  1.2451476054447346 160.40879082294384 pid2185
80.52316725721482  0.6912970830028036 160.52316725721482 pid2149
81.21688086845825  1.026065553455493 161.21688086845825 pid20ac
81.44434020532934  1.6955797298426756 161.44434020532935 pid221f
81.76280814548947  0.8929334104203654 161.7628081454895 pid2123
81.82285401468967  1.4813098597239487 161.82285401468965 pid217c
81.83710346683351  1.5852668365044063 161.83710346683353 pid20ff
82.23164339062359  0.8569265293444284 162.2316433906236 pid21cf
82.26786911045451  1.7067774177632058 162.2678691104545 pid2207
82.7779338495626  1.2353186717131341 162.7779338495626 pid214f
83.24893107895385  1.5938318573679284 163.24893107895383 pid213c
83.28632577594077  0.9059692424795758 163.28632577594078 pid21b5
83.34846696476588  1.9303990704168794 163.34846696476586 pid2253
84.05458526455513  0.7581878438644529 164.05458526455513 pid2158
84.12024608568379  1.477839037585425 164.1202460856838 pid2222
84.43724056369207  1.6799238074283112 164.43724056369206 pid21fb
84.81491736108617  0.5346410062709633 164.81491736108617 pid225c
85.16747214245102  1.1527780039562794 165.167472142451 pid2141
85.87462574676535  1.4966947198082405 165.87462574676533 pid20cb
86.65250780411543  1.289539192535421 166.65250780411543 pid21a9
86.96669559052118  1.9590609739802975 166.96669559052117 pid2110
88.2421074513016  0.6116148222163618 168.2421074513016 pid213e
88.28764498361055  1.60797423764937 168.28764498361056 pid20c1
89.67325866345213  0.5331803394326246 169.67325866345215 pid20ba
90.43917110852414  1.129283074935986 170.43917110852414 pid2214
91.1910999767147  1.4380397952034456 171.1910999767147 pid2116
91.39431187123792  1.4176458108556433 171.3943118712379 pid2102
91.44173116093316  0.6092620764290295 171.44173116093316 pid218b
91.56071494255102  0.5965218663984796 171.56071494255102 pid2221
91.73404418920997  1.4736341089984748 171.73404418920995 pid2250
92.55154440991488  1.9201527017290447 172.55154440991487 pid20b6
92.69621431291742  0.9197481730132218 172.69621431291742 pid211e
92.7220506587942  1.6840725572033752 172.72205065879422 pid20d2
93.2079408985793  0.6783308972435677 173.2079408985793 pid222c
93.37049536942492  0.6346677342566966 173.37049536942493 pid2117
94.5050963446492  1.8210693349548288 174.5050963446492 pid2166
94.78420851406953  0.7058831154661418 174.78420851406952 pid20c0
95.22278386514877  0.6389290273841274 175.22278386514876 pid21b0
95.33137520586745  0.7604762718122333 175.33137520586746 pid2249
96.11386428354261  1.2391754830978141 176.11386428354263 pid21f3
96.18505014227256  1.4810925325705215 176.18505014227256 pid218a
96.5637321253473  1.109868881433588 176.56373212534731 pid2146
96.70716936387498  1.9733582058513848 176.70716936387498 pid2225
97.04075132679024  1.104454672679033 177.04075132679026 pid2258
97.12330705035731  1.5463140491345793 177.1233070503573 pid2247
97.40328362587736  0.9259179889190238 177.40328362587735 pid2189
97.55901836885836  1.304236001784449 177.55901836885835 pid2143
97.62578550793573  1.8222538715441337 177.62578550793575 pid21fa
99.23682490156622  1.0083307933680172 179.23682490156622 pid20b2
99.81493208350078  1.2606405265865668 179.81493208350076 pid2165
99.9164781940101  0.823099216197789 179.9164781940101 pid20cc
99.92885115400989  1.0927099280259578 179.9288511540099 pid21dc
100.66795247540945  0.685519872478105 180.66795247540944 pid21a0
100.75300234504628  1.748459693315082 180.7530023450463 pid2197
100.83804981934605  0.7657260221613023 180.83804981934605 pid223e
100.91990753103832  0.952188597819313 180.91990753103832 pid2118
101.3421537909519  1.6470790034139182 181.3421537909519 pid2203
101.34469388231403  1.0651381897142964 181.34469388231403 pid2228
102.35914487562913  1.0827591229992617 182.3591448756291 pid21cc
103.02350771293672  1.6476585026524213 183.02350771293672 pid215a
104.11014741424223  1.156281688360975 184.11014741424225 pid21d3
104.97311744547987  1.2865602246486856 184.9731174454799 pid2169
105.371923198396  0.7478400632036555 185.37192319839602 pid213d
105.83917798381455  0.5791073226622798 185.83917798381455 pid21bd
106.11507960101879  1.1850530699298891 186.1150796010188 pid2231
106.19803260081446  1.6283951421444915 186.19803260081446 pid2229
106.27241480950507  1.05769880354049 186.27241480950505 pid20bb
106.71076670927978  1.8103718187270919 186.71076670927977 pid21fe
106.8322412069033  0.9582232646164299 186.8322412069033 pid218f
107.24395285297547  0.6346189481419906 187.24395285297547 pid223b
108.12013264490784  0.6738292737515873 188.12013264490784 pid21a4
110.30809858492658  0.785606929492496 190.3080985849266 pid20f3
110.67247142768741  0.583750567303033 190.6724714276874 pid21e4
111.40093650992492  1.2918185093195445 191.40093650992492 pid222b
111.45878468423115  0.8471975649122285 191.45878468423115 pid20fb
111.46132907091683  1.3305717852228816 191.46132907091683 pid21ea
111.65525204751675  1.0562150664247885 191.65525204751674 pid2186
112.11660599704219  1.0395238927620571 192.1166059970422 pid2134
112.13019572353895  0.8033042193212416 192.13019572353895 pid21a1
112.14339964805828  1.1469328448031697 192.14339964805828 pid20ce
112.17650021675597  1.0642030834189287 192.17650021675598 pid2108
112.29758251332343  1.1054832849109162 192.29758251332345 pid224a
112.55496139740926  0.6946069660486451 192.55496139740927 pid225b
112.82838749607593  0.9853774292160349 192.82838749607595 pid20ab
112.8344539885471  1.244763415913262 192.8344539885471 pid209f
113.12623797021611  1.7780792907560459 193.1262379702161 pid20a5
113.66668537358326  0.5380519220495801 193.66668537358328 pid20d1
113.73678780917186  0.7512419013223273 193.73678780917186 pid217b
114.10010133419078  1.5005486580717933 194.10010133419078 pid21e9
114.10836652352336  1.382734679777736 194.10836652352336 pid2245
114.8952688454376  0.8392819480252796 194.8952688454376 pid224f
114.91696907759145  0.6867959861760664 194.91696907759143 pid20fc
115.34375798563703  1.9349282514086377 195.343757985637 pid209e
115.40862014575245  0.8571692390424441 195.40862014575245 pid220f
115.69067153593099  0.8715988417805591 195.690671535931 pid21af
115.82260416986499  1.479162609964614 195.82260416986497 pid21f1
116.11026697951094  0.9623391273125326 196.11026697951093 pid2211
117.34096983140432  1.2934430433942588 197.34096983140432 pid2173
117.50135437622842  0.8548980452013086 197.50135437622842 pid2223
117.94574425398369  0.7136456750175746 197.9457442539837 pid21e5
118.7096751448153  1.957779595560199 198.7096751448153 pid21e0
118.93465775214308  0.7213312626159623 198.9346577521431 pid20c5
118.93901299000783  1.0815609995908115 198.93901299000783 pid2144
119.10059378081061  1.8558933254409935 199.1005937808106 pid212b
119.24271419209332  1.2868777787074361 199.24271419209333 pid221d
119.33390340580425  1.3812293980090613 199.33390340580425 pid222f
120.9487051054645  0.8125884236226345 200.9487051054645 pid213a
121.27123783151774  0.8974293401880067 201.27123783151774 pid2160
121.43608265864908  1.414559253886637 201.43608265864907 pid2176
121.59163488515755  0.6332773767895477 201.59163488515753 pid2233
121.62763273607321  1.4333912436364784 201.62763273607322 pid2199
121.7549979026496  1.563789701791607 201.75499790264962 pid2177
121.8496509357504  1.6090428351445214 201.8496509357504 pid214c
122.45045387547755  0.975489649133803 202.45045387547754 pid210a
122.45637616713776  0.9628701253653924 202.45637616713776 pid222d
122.52484018197927  1.8381202810861987 202.52484018197927 pid20d4
122.60846281040739  0.6579929089490104 202.6084628104074 pid21d1
122.61384434142069  1.9090817052209834 202.6138443414207 pid20fe
123.47269454340137  0.8868919851990907 203.47269454340136 pid20cf
124.12771127119913  1.8227126327666996 204.12771127119913 pid2192
124.65323756163473  1.9788239688880904 204.65323756163474 pid21cb
124.68212438941583  1.7748873169746355 204.68212438941583 pid2187
124.9458544956563  1.082422952267789 204.9458544956563 pid21f7
125.57318220107904  1.9242476353870466 205.57318220107902 pid21eb
125.76833080101518  0.6308622577034477 205.76833080101517 pid20b1
125.97248227127433  1.9199594832205065 205.97248227127432 pid2182
126.19582849165096  1.758676747670437 206.19582849165096 pid21d6
126.82622731749585  0.9756938865306779 206.82622731749586 pid215e
128.3610049567002  1.9794596314142976 208.3610049567002 pid2241
128.48857280478737  1.1688720640810453 208.48857280478737 pid2113
129.7670813018216  1.2913185653854646 209.7670813018216 pid21e7
130.02838534259442  1.0787306622253658 210.02838534259442 pid21ba
130.0642232113234  1.7943305604575295 210.0642232113234 pid220c
130.42332054010487  1.103023867719062 210.42332054010487 pid20bc
130.71862862805702  1.2022827948554455 210.71862862805702 pid211a
130.97161942326036  0.8573557104028572 210.97161942326036 pid2124
131.71521311220607  1.582908994236917 211.71521311220607 pid20e6
132.5236574265606  1.5558815349066608 212.5236574265606 pid2215
132.60422092999642  0.9521058365348919 212.60422092999642 pid20c3
132.64865595785528  0.5690071857472299 212.64865595785528 pid217e
132.91628337788254  0.9294924666671249 212.91628337788254 pid2100
133.0054310053194  0.5682313301238067 213.0054310053194 pid20f6
133.01235347355274  0.7275664769189969 213.01235347355274 pid2190
133.05806266001298  0.6715137013843004 213.05806266001298 pid20d3
133.18153140964537  0.6496639608139101 213.18153140964537 pid21a6
133.42119335577408  1.8163961075019857 213.42119335577408 pid2257
134.01227048604196  0.8216617282407571 214.01227048604196 pid223f
134.18602194361424  1.2925318141650852 214.18602194361424 pid20a7
134.89897865405013  1.0684043950281823 214.89897865405013 pid224e
134.98423522918387  1.4607796016729337 214.98423522918387 pid2252
135.56014045867943  0.8326930120479933 215.56014045867943 pid2156
135.70886573749436  1.6215955753967823 215.70886573749436 pid20f9
135.71922557197848  0.9818708077866126 215.71922557197848 pid2115
136.40749995338973  0.7490909226024483 216.40749995338973 pid2155
136.48377353769433  1.8415521075645587 216.48377353769433 pid220d
136.98074610068568  1.8252401039768749 216.98074610068568 pid21bb
137.07227528732014  0.5244323648633928 217.07227528732014 pid215b
137.24868723723026  1.468820482734879 217.24868723723026 pid210c
137.26354591985887  0.8974217590495894 217.26354591985887 pid2179
137.35815255430126  0.9827376112755073 217.35815255430126 pid20de
137.8825721185228  0.7706669284795624 217.8825721185228 pid2150
138.422970740233  0.7513152127588294 218.422970740233 pid2154
138.4259521365709  0.7393361766419707 218.4259521365709 pid220e
138.59313173990003  1.6257774246949115 218.59313173990003 pid223a
138.8675710825968  1.0747692752944726 218.8675710825968 pid2194
138.89857261430404  1.2441090495882736 218.89857261430404 pid2126
138.9587608601093  0.5902084656709641 218.9587608601093 pid2161
139.3334601809355  1.0055726810953582 219.3334601809355 pid2157
139.74178383510116  0.5355577309824849 219.74178383510116 pid20f5
140.04080300976622  1.8722522787843316 220.04080300976622 pid21b3
140.0517502067719  1.175555871174755 220.0517502067719 pid217f
140.8713278590533  1.002355823797965 220.8713278590533 pid20da
141.3092008958959  1.8995986138677667 221.3092008958959 pid21ef
141.72576391310423  1.5879912703107328 221.72576391310423 pid216d
141.7484202047502  1.6010785796211389 221.7484202047502 pid21b1
142.48713684068005  1.3971667812287654 222.48713684068005 pid211d
142.80823111606108  0.6123409935735835 222.80823111606108 pid223c
143.46089034683246  0.8160714376205606 223.46089034683246 pid21f2
143.54266169770582  0.7660977074220034 223.54266169770582 pid20be
143.57597579657238  1.0142919428933965 223.57597579657238 pid20e9
143.84258671689986  0.5189394600176602 223.84258671689986 pid212f
143.940450895963  0.8553106926005569 223.940450895963 pid20f2
144.21817906386676  0.5139824180542888 224.21817906386676 pid20c8
144.3824048251848  0.9576140791544914 224.3824048251848 pid20d9
144.6673133327423  0.7824690319149195 224.6673133327423 pid20bd
144.6870018975807  1.8250541111760135 224.6870018975807 pid2255
145.2357987637757  0.7223898969499434 225.2357987637757 pid2201
145.97904295539482  1.9162214062915035 225.97904295539482 pid2112
146.13036065968353  1.5121795706691115 226.13036065968353 pid221a
146.62216941235  1.5451518262497266 226.62216941235 pid21c2
146.6894669620157  0.826810384015159 226.6894669620157 pid20e8
147.04699831923006  1.698256494434132 227.04699831923006 pid21a3
147.11043190002346  1.373514235085381 227.11043190002346 pid2226
147.18083664533745  0.8153389370797388 227.18083664533745 pid219d
147.51862027020655  1.3661730361594813 227.51862027020655 pid212e
147.96341224408266  1.06067341429159 227.96341224408266 pid224b
148.22775918959147  1.8042101458430262 228.22775918959147 pid2139
148.3808341360905  0.8740378237356626 228.3808341360905 pid2159
148.58901671898056  0.6213516779401511 228.58901671898056 pid212d
149.24945243574328  1.4912779350209155 229.24945243574328 pid21c9
149.70888064603176  1.0566551415367904 229.70888064603176 pid2171
149.981915722351  0.8967475331142513 229.981915722351 pid2256
