4.370296472405498  4.618692387859779 13.607681248125056 pid655
16.852167479200997  2.1020104263048918 21.05618833181078 pid660
17.428146787969066  4.3042495276678885 26.036645843304843 pid64a
21.032367982627886  2.8467218502317015 26.725811683091287 pid644
21.297717840037883  4.093739683487325 29.485197207012533 pid661
22.51065779763197  4.438370964635279 31.38739972690253 pid643
31.16909405132998  2.313439836570296 35.79597372447057 pid65f
36.89164197376518  4.736566939519845 46.36477585280487 pid668
42.95938079483452  4.973073549200385 52.905527893235295 pid64c
44.596718981164294  4.173602360804313 52.94392370277292 pid667
47.508776597241656  4.182033402830077 55.87284340290181 pid656
50.84177305670085  1.6976165113445139 54.23700607938988 pid657
52.3238182295335  3.679239843829332 59.682297917192166 pid645
59.02085554409401  2.4585255645916386 63.93790667327729 pid64d
66.67063672158463  2.978703599773942 72.62804392113252 pid640
70.40045870811906  3.323906954349632 77.04827261681832 pid65a
74.07762914792873  4.8227338461690525 83.72309684026683 pid66e
84.55424085850026  3.26293291127247 91.08010668104521 pid662
85.01286226667766  1.3782300427273118 87.76932235213228 pid65b
88.21401188869912  2.8321572741563696 93.87832643701186 pid669
88.86699218762858  2.964538002364628 94.79606819235784 pid66b
96.85765363895412  2.971901422279695 102.8014564835135 pid66f
100.69161023681146  4.89421002617288 110.48003028915721 pid66d
100.80813425359304  1.4298946200309155 103.66792349365487 pid653
106.7094840667199  4.565062297324083 115.83960866136806 pid652
110.9051487143975  2.118806641614007 115.14276199762551 pid65e
110.94772045694693  4.014769182419954 118.97725882178683 pid65c
112.30726618341335  2.443972336615908 117.19521085664516 pid646
119.1135686566107  1.034954413159077 121.18347748292885 pid651
121.54797337428369  2.0225590603350474 125.59309149495378 pid65d
122.04518828249634  2.666570077967374 127.37832843843108 pid66c
122.09066206797452  3.908837911675937 129.9083378913264 pid665
122.97028564363174  1.1061132457246843 125.18251213508111 pid671
127.86203702349809  1.6388333290139103 131.1397036815259 pid641
129.7295292179101  4.2678932575154755 138.26531573294108 pid649
129.8096584965526  4.782408153694295 139.37447480394118 pid642
132.04663297414962  4.67109467511836 141.38882232438633 pid66a
135.62783093907274  1.4237469235686566 138.47532478621005 pid663
137.2144396459537  2.4930314561736036 142.20050255830088 pid664
137.36936205662803  4.759221481231157 146.88780501909034 pid659
142.82736697629645  4.7500032534657315 152.32737348322792 pid650
144.45348700671636  3.177831685871114 150.80915037845858 pid648
147.30789521413215  3.7593577110623206 154.8266106362568 pid64f
149.73107924035128  2.060849947325973 153.85277913500323 pid666
150.55828662436465  4.016352663020572 158.5909919504058 pid670
152.35782044126066  3.8123567786430623 159.98253399854678 pid64e
172.87105848201756  1.740226256162496 176.35151099434256 pid64b
178.09044779986874  2.521680237623742 183.13380827511622 pid647
179.68239979485193  2.3324122257927073 184.34722424643735 pid658
179.83352232240057  4.383637860907414 188.6007980442154 pid654
