1.3143056409310794  1.7305730136192745 81.31430564093108 pid59f
2.9721396869027474  1.9367419556562346 82.97213968690275 pid597
9.844277996283402  0.6015578020356993 89.84427799628341 pid5a0
11.2258868991093  1.9220559408178262 91.2258868991093 pid5a9
11.652803171914405  1.6072697812845538 91.6528031719144 pid589
13.372635584474757  1.9352133401382676 93.37263558447475 pid5a6
23.392960411771913  0.5236585952656949 103.39296041177191 pid582
30.40439707664494  1.686936632149997 110.40439707664494 pid58f
32.61655874901357  1.0132143254771142 112.61655874901356 pid57d
34.197992602483914  0.5877152704636301 114.19799260248391 pid585
34.84952745335777  0.9139642160216355 114.84952745335778 pid580
38.388710699741395  1.7395914460901825 118.3887106997414 pid581
41.25455130928099  1.2763345545356053 121.254551309281 pid5a2
43.69114731974303  0.5601704684821126 123.69114731974304 pid586
49.232821794460484  1.822932276445425 129.23282179446048 pid57c
54.606014406169194  1.9219956098314068 134.6060144061692 pid59d
56.312098912872116  0.7507080479296171 136.3120989128721 pid591
62.58941581206591  0.6839325165008232 142.5894158120659 pid584
62.94671146844559  1.8474522090920833 142.94671146844559 pid59e
65.27952608524494  1.2855851069573125 145.27952608524492 pid58c
66.16087168692236  1.57866323902644 146.16087168692235 pid594
67.7391476097854  1.2902911990568104 147.7391476097854 pid57f
68.32932221104986  1.0008339342051709 148.32932221104986 pid59a
83.50758210151963  0.9421121289407346 163.50758210151963 pid5a8
87.19622624390955  1.7470804345161026 167.19622624390956 pid590
89.78739640614977  1.1295085218464558 169.78739640614975 pid5a5
92.81892138695707  1.0626693348144722 172.81892138695707 pid59b
97.75124894397278  1.0641132529935147 177.75124894397277 pid57e
105.84545492224125  1.7777612137816745 185.84545492224123 pid57b
106.14143478688237  1.276554503358705 186.14143478688237 pid595
112.72967602692862  1.604692368615975 192.72967602692862 pid58a
114.89631734280967  0.8856624767428357 194.89631734280965 pid599
115.46335046878079  0.7381366010530694 195.4633504687808 pid592
119.14586447779784  1.5104134558344104 199.14586447779783 pid596
121.08800700631959  0.5028173526654625 201.08800700631957 pid5a4
121.74468601001814  1.230250992336749 201.74468601001814 pid59c
124.32983023790271  1.3184146440281843 204.3298302379027 pid58d
124.79673255621972  1.2189037969066072 204.79673255621972 pid578
125.08207478930096  1.867341276595364 205.08207478930098 pid593
125.96057630934374  0.8863537511417197 205.96057630934374 pid57a
129.44309161547318  0.8476096105126744 209.44309161547318 pid5a3
130.4279079944388  1.869734957124392 210.4279079944388 pid58e
130.71197617471222  1.17970241562259 210.71197617471222 pid5a1
131.00153883492828  1.1364303515409695 211.00153883492828 pid583
132.34465392494374  0.7432675614677672 212.34465392494374 pid598
136.38411015396142  0.7487047178842625 216.38411015396142 pid588
141.25448569730642  0.5032604020202749 221.25448569730642 pid5a7
142.17003179684886  1.0907946513619082 222.17003179684886 pid587
142.90686855144762  0.8134936756145671 222.90686855144762 pid579
144.26218098076237  1.139974033209286 224.26218098076237 pid58b
