0.6182492628349079  1.2102116951060289 80.61824926283491 pid3897
0.6233027072055863  1.202397443940915 80.62330270720558 pid378f
0.7049567681969515  1.4675088720071858 80.70495676819695 pid3841
1.1054713282862616  0.8381060087244101 81.10547132828626 pid38d7
1.6413597326221163  1.5130642827228893 81.64135973262212 pid38d9
2.0505594606378907  1.3493112272175432 82.05055946063788 pid3873
2.0935670141409957  0.8321417716322761 82.093567014141 pid37d5
2.5493388693520913  1.1322659487698719 82.54933886935208 pid38d5
2.585985614407871  1.2104802623856394 82.58598561440787 pid38a2
2.6564398369905593  1.1923769640911213 82.65643983699056 pid38a5
2.957850600270823  1.5276510546920095 82.95785060027082 pid3797
3.1655436470874654  1.3463643364301736 83.16554364708746 pid3911
3.6905982417627547  1.7271992964912273 83.69059824176276 pid3847
3.70925433669389  0.6688359279769471 83.70925433669389 pid38e3
4.327184029835307  1.1769911294657438 84.32718402983531 pid38b3
4.338037079930018  0.5270517094645242 84.33803707993002 pid38d6
4.921534810356432  1.4000022973769433 84.92153481035643 pid3793
5.020519273722418  1.9824329304490114 85.02051927372241 pid392c
5.667210508011911  0.9721416032126315 85.6672105080119 pid3930
5.83722414522152  1.5259121360666226 85.83722414522153 pid378e
5.987341129918333  1.9278758859107565 85.98734112991833 pid38b4
6.019108231068371  1.5873677254627196 86.01910823106837 pid3842
6.424869855534804  1.491404346594385 86.42486985553481 pid3785
6.644037277253329  0.8798714319507623 86.64403727725333 pid378c
7.052014589682598  1.8693631370771369 87.0520145896826 pid37bf
7.243376573620608  0.8203610500529428 87.24337657362061 pid382d
7.342833248689168  1.016820453209753 87.34283324868917 pid37a3
8.178569956058867  1.8645310142655696 88.17856995605887 pid37ca
8.497577228062509  1.342588631585705 88.49757722806251 pid389f
9.482034946257405  1.0291671472818045 89.4820349462574 pid38d0
9.949865904936484  0.8992947549524348 89.94986590493649 pid37b4
9.987559033404997  1.924847742646175 89.98755903340499 pid37c2
10.816695139117416  0.7133413375724476 90.81669513911741 pid380c
11.292282578088681  0.5239763089890415 91.29228257808867 pid37b3
11.421550443859974  0.9530401945432179 91.42155044385997 pid389b
11.638009478246408  1.125763856482174 91.6380094782464 pid3888
12.298895096264339  0.7058263500388513 92.29889509626435 pid38f2
12.35037258167157  1.594819974439716 92.35037258167156 pid3877
12.509419290242358  0.7488357322737441 92.50941929024236 pid387c
12.576774085547783  1.4963357510946116 92.57677408554778 pid3846
13.222858606895254  0.6289353393750904 93.22285860689526 pid3794
13.413421306733092  1.9756563231052044 93.41342130673308 pid38f8
13.924985410497094  0.9870685462055986 93.9249854104971 pid3901
13.935926909280361  0.9121494827201555 93.93592690928037 pid3895
13.95542897911003  1.06183344802177 93.95542897911002 pid37cd
15.064958799458461  0.5332797090388746 95.06495879945847 pid385b
15.311900914265408  1.845613437017699 95.31190091426541 pid3916
15.668098379677431  1.4808988831964194 95.66809837967743 pid3919
16.76019544626999  0.9004183679029223 96.76019544626999 pid3790
16.907654859112604  1.7406846730457173 96.9076548591126 pid391b
18.291086763497443  1.0613048104631622 98.29108676349745 pid38c2
18.39879073605258  0.7358692107657415 98.39879073605258 pid37af
18.64151157573631  0.6788566636868989 98.6415115757363 pid38bf
19.437863527123962  1.4941949812625508 99.43786352712397 pid382e
19.98264535943502  1.8374280294699674 99.98264535943503 pid37b8
20.1913010693286  1.2965816717601124 100.1913010693286 pid37a2
20.24386411442094  1.9679864661339512 100.24386411442094 pid38b9
20.610249842876982  1.154868559298346 100.61024984287698 pid388a
20.851535666357147  1.4417462036853288 100.85153566635715 pid38cd
20.961067141648453  1.17015192539438 100.96106714164846 pid37b7
21.560676568746253  0.7941549119007572 101.56067656874626 pid37f8
22.059530043497805  1.8567828981430148 102.0595300434978 pid382c
22.103029302485954  1.8852771291171457 102.10302930248595 pid37e9
22.41305173965231  0.5411974508746497 102.4130517396523 pid380a
22.790217021520142  1.1078433380572035 102.79021702152014 pid3858
22.96808776676313  1.1428315391923618 102.96808776676313 pid379a
23.063396322037367  1.954953012378866 103.06339632203736 pid3925
23.32876683063429  1.3239111470453078 103.3287668306343 pid38ee
23.42180515092266  0.8757067908879735 103.42180515092267 pid3860
23.82877030154954  1.4400554206497143 103.82877030154954 pid38af
24.12013999930557  1.6860405116439554 104.12013999930556 pid3889
24.23258858899297  1.9889169836977199 104.23258858899297 pid37fc
24.73770801899632  0.9431449336271582 104.73770801899632 pid3885
25.005293763009778  0.7605966558682511 105.00529376300977 pid38fa
25.081320882298208  1.3290310386914188 105.0813208822982 pid3876
25.483993920264954  1.1097205290478998 105.48399392026495 pid3780
25.530495585051067  1.5429998075771751 105.53049558505107 pid3931
25.99518005412013  0.8911301168827572 105.99518005412013 pid378d
25.997624041582508  1.1644652878112498 105.99762404158251 pid3891
26.497791150648304  1.3357812999907828 106.49779115064831 pid38e4
27.66142935081063  0.7115688806842301 107.66142935081064 pid37ae
27.988156172381196  0.901973974407221 107.9881561723812 pid390d
28.032220142144155  1.5344109897988274 108.03222014214415 pid386c
28.389706426722665  1.0833241564264466 108.38970642672267 pid3863
28.65799359483921  1.0753759344196538 108.65799359483921 pid37f2
29.125684960570634  0.9752508501933856 109.12568496057064 pid3867
30.151410712752558  1.164885396321876 110.15141071275255 pid37bd
30.414784839838777  0.944533547691542 110.41478483983877 pid3927
30.779418684155747  1.3453405940295058 110.77941868415574 pid3865
31.138242521709536  0.5195286021753258 111.13824252170954 pid37c4
31.36341772072627  0.9714472893400183 111.36341772072628 pid378b
31.413694269324537  0.8311382770677371 111.41369426932454 pid3914
31.660613790794883  1.7667917383534957 111.66061379079488 pid37a0
31.9584919629808  1.691768549648177 111.9584919629808 pid37a7
32.404047874025714  1.1023772346591922 112.40404787402571 pid383a
33.11680742787214  0.9533424270724475 113.11680742787215 pid38e6
33.129350320303956  1.6469294784494333 113.12935032030396 pid38fb
33.49810796158743  1.7997447339301829 113.49810796158744 pid3913
34.0024451496541  1.3906313640923953 114.00244514965411 pid37fe
34.29415726808167  0.8935616132582797 114.29415726808168 pid3816
35.09367473375397  0.8844122002813981 115.09367473375397 pid37a5
35.320946083109526  1.4005442981097445 115.32094608310953 pid3928
35.558231127030666  1.012787094442735 115.55823112703067 pid38b0
36.43405470502202  1.1906560228859355 116.43405470502202 pid37ee
38.11782064450431  0.8380762130528944 118.11782064450432 pid3875
38.379271346310986  1.5986236785257353 118.37927134631099 pid38c7
39.27135783963372  1.6338380169247413 119.27135783963372 pid381b
39.35248853005462  1.1586829987292562 119.35248853005461 pid3851
40.323067109969855  0.8191042486456748 120.32306710996986 pid388c
40.977176390198494  0.6250909076021476 120.9771763901985 pid37bb
41.055917101489605  1.1223336204132726 121.0559171014896 pid389a
42.10180463775789  1.9082898202790477 122.10180463775788 pid387a
43.003756703339434  0.767440719655319 123.00375670333943 pid3819
43.299788888237906  1.6663810511532033 123.29978888823791 pid37fd
43.35110016501816  1.6600522724152955 123.35110016501815 pid384d
43.3691585757676  1.5788484210969886 123.3691585757676 pid386e
43.45957843866637  0.9173394889554779 123.45957843866637 pid3912
43.483664796002905  1.2173336950237041 123.4836647960029 pid385c
43.87957763873973  1.6426892464432143 123.87957763873973 pid38ed
44.145719122932604  0.994174521901335 124.1457191229326 pid381a
44.53674241795491  0.658874963362494 124.53674241795491 pid37b2
44.582553739568034  1.0475501259017626 124.58255373956803 pid3886
44.7575809424866  1.3515903013574817 124.7575809424866 pid384a
44.88171654700927  0.6529139511998698 124.88171654700926 pid3894
45.27066114098222  1.6826571111117146 125.27066114098221 pid391c
45.28898287458876  1.6602092838284588 125.28898287458875 pid3926
45.46725942506513  1.470936472332674 125.46725942506512 pid3829
45.931039684775875  1.1834569896916107 125.93103968477587 pid38d8
46.2008578183232  1.2528740920166763 126.2008578183232 pid384e
46.52576187086782  1.7606945380062928 126.52576187086783 pid3936
46.585636856552256  0.7740458503509273 126.58563685655226 pid3818
46.64299075580477  1.56367700630621 126.64299075580476 pid37d7
47.15395090078285  1.773760060239039 127.15395090078286 pid385a
47.766500879763655  1.2772960082871303 127.76650087976365 pid383b
48.12361258835096  1.1556971571418873 128.12361258835097 pid381c
48.23078927829565  1.2565774483515324 128.23078927829565 pid3904
48.73472013853547  1.6326952541254591 128.73472013853547 pid3849
48.956982386907264  0.81865231782342 128.95698238690727 pid3804
49.00892100540538  0.5346112463961535 129.00892100540537 pid3792
49.167091048666315  1.4731802065954436 129.16709104866632 pid37df
49.27237496206048  1.7186997351183968 129.2723749620605 pid38a7
51.01177568811656  0.8150383516070391 131.01177568811656 pid38b2
51.10765514986333  1.3876982596330047 131.10765514986332 pid385d
51.13270117905278  0.8099781689263773 131.1327011790528 pid3934
51.324911825916594  0.7522618714588808 131.3249118259166 pid37de
51.6649917588205  0.9573360030628543 131.6649917588205 pid37c0
51.853398918090896  1.0764330063786682 131.8533989180909 pid37fb
52.37286663173173  0.9076251009193551 132.37286663173174 pid37b6
52.54225152067068  1.2452504406514093 132.54225152067067 pid3822
53.10429804657355  1.1573691645575193 133.10429804657355 pid37b1
53.27004065165276  1.0166277444310088 133.27004065165275 pid3837
53.3037902327276  0.7906446792001446 133.3037902327276 pid37c9
53.374876415167236  0.8797861296470479 133.37487641516725 pid3923
53.52676048169218  1.9409239940136727 133.52676048169218 pid3813
53.82503418157627  1.3187631207803254 133.82503418157626 pid38ad
53.870578013839705  0.7966087790870933 133.8705780138397 pid3827
53.93445296068924  1.8329870743244168 133.93445296068924 pid3887
54.66291328981698  1.9181924297364568 134.66291328981697 pid37da
55.26504883163839  0.9565438415299294 135.26504883163838 pid3836
55.34566209933439  0.5992820012651694 135.3456620993344 pid387e
55.79596736020271  0.5282703425486914 135.79596736020272 pid385f
56.47036201569463  1.1282293677277235 136.47036201569463 pid37e4
56.589581463262725  0.5701490324138825 136.58958146326273 pid37d4
56.79825591640055  1.2711094495191455 136.79825591640054 pid3922
57.17544484382271  1.5725103681029455 137.1754448438227 pid3874
57.454591084252  0.5971194189580395 137.454591084252 pid3906
57.9005941366429  1.9713220472927784 137.9005941366429 pid3796
57.9258649293535  1.951199436383713 137.9258649293535 pid38b8
58.5641278756769  1.2369363352027407 138.5641278756769 pid38a1
58.735193763356186  1.822144610013685 138.7351937633562 pid3802
60.32586661352399  0.6897657280570479 140.325866613524 pid379d
60.506618015987456  1.3162644004848036 140.50661801598744 pid387d
60.54421291075872  1.3064631277796794 140.54421291075872 pid38fe
60.93741110988382  1.5442574218268623 140.9374111098838 pid3831
61.23736589324169  1.238989853006266 141.2373658932417 pid38cc
62.405724921707936  1.084849623699971 142.40572492170793 pid388e
62.77556231659433  1.906526625767961 142.77556231659435 pid384c
63.00161410797858  1.5694367026301175 143.00161410797858 pid3824
63.04039261772027  0.9762742073712045 143.04039261772027 pid381d
63.99683544257023  1.5173202863648214 143.99683544257022 pid37e6
64.34480735918798  0.7020416752582591 144.344807359188 pid3784
64.40725919099967  1.303400385017559 144.40725919099967 pid3839
64.40892577204377  1.065295938061729 144.40892577204377 pid377e
64.43126940517237  1.6516922273690444 144.43126940517237 pid382b
64.4396431260019  0.899712454932295 144.4396431260019 pid38bb
64.68159891465591  1.564861725424396 144.68159891465592 pid3823
66.01791592814116  1.5804695218054505 146.01791592814118 pid3882
66.2806122673031  1.7220585246150066 146.2806122673031 pid386b
66.51775536209288  1.8492522287022792 146.51775536209288 pid37d3
67.26703485189434  0.5139320607351814 147.26703485189432 pid38c4
67.48146117254731  1.6203250865646204 147.4814611725473 pid379e
67.48861646508938  0.5078327493487611 147.48861646508936 pid389e
67.61402321060571  0.9205336078949482 147.6140232106057 pid38ba
68.44133861143501  1.5061330800378983 148.44133861143501 pid3857
69.16619379357995  1.112542937934028 149.16619379357996 pid38ec
69.24306062094857  0.7895322125107391 149.24306062094857 pid3808
69.7561611136444  0.9938664515684497 149.7561611136444 pid37aa
70.09706799724212  1.8786678567844506 150.0970679972421 pid3879
70.26514133900362  1.2765239251144824 150.2651413390036 pid38cf
70.72110429094549  0.7279882849749681 150.7211042909455 pid38a6
71.37972281471063  1.1672611205233716 151.37972281471065 pid37bc
71.62946854485901  1.2770852857253465 151.629468544859 pid386a
71.72290042702953  1.9007609616923031 151.72290042702951 pid3910
71.84453427513236  1.8270267048118465 151.84453427513236 pid392d
72.10475421475233  1.934783426388649 152.10475421475235 pid37d6
72.1218743153791  1.165283573994731 152.1218743153791 pid3840
72.28350985869719  1.906518531011721 152.2835098586972 pid3832
72.57965353337099  0.899375941701854 152.579653533371 pid387f
73.20862698742398  1.604136849105562 153.208626987424 pid38fd
73.83408574417197  1.892739439455579 153.83408574417197 pid38eb
73.94087907990794  0.9507818389041628 153.94087907990794 pid3783
74.49887843099077  0.8621467372392615 154.49887843099077 pid37a4
74.58390658085469  0.6860931988910568 154.5839065808547 pid3799
74.85078457627534  1.367682131551143 154.85078457627534 pid38da
75.57584641068479  0.976536482546028 155.5758464106848 pid37cb
75.74794658771623  1.9207674093754876 155.74794658771623 pid37c5
76.55233166033476  1.956222053497993 156.55233166033474 pid38a3
76.88257950404837  0.6207437652349438 156.88257950404835 pid3898
77.161923786484  0.5579738698996491 157.161923786484 pid38ff
77.19161604090407  1.9782047342386835 157.19161604090408 pid390f
77.97776330731494  1.0140649662800196 157.97776330731494 pid38dc
78.12829966084638  1.2452529798672465 158.12829966084638 pid389c
78.14387885839272  1.289168693696759 158.14387885839272 pid37d8
78.19769050086808  1.678708258371982 158.19769050086808 pid3920
78.33702682792912  1.0777562386209059 158.33702682792912 pid37a9
78.43929816803313  1.7647847448599845 158.43929816803313 pid3848
79.25532882852208  1.9179795650282525 159.25532882852207 pid38ac
79.30470806466084  1.8144232822120738 159.30470806466084 pid38c5
79.34782525314603  1.185604990937655 159.34782525314603 pid37ba
79.4060304280099  1.4770104176842236 159.4060304280099 pid3907
79.50000853344585  1.8975935885087334 159.50000853344585 pid38ca
79.52413069411202  0.730666169313606 159.52413069411202 pid37b0
79.63683912803366  0.923783257082949 159.63683912803367 pid379b
79.77828212709996  1.3490035596999514 159.77828212709994 pid38e2
80.43463808242493  1.0274473492857132 160.43463808242493 pid37ea
81.29031606271828  1.2625967241507332 161.29031606271826 pid37a6
81.50326888927488  0.7719292272757459 161.50326888927486 pid3830
81.72901956675413  1.5969879764475081 161.72901956675412 pid377f
82.13942359368558  1.3106752594776772 162.1394235936856 pid3871
83.02994837179394  0.5190139333300279 163.02994837179392 pid37c7
83.23964476543118  0.7385994913305205 163.2396447654312 pid38d4
83.94817303014224  1.1624973655548898 163.94817303014224 pid3810
84.23181313863967  0.8693673925365792 164.23181313863967 pid38f1
84.36635180158594  0.808528204183959 164.36635180158595 pid3845
84.59925573074608  1.8462628126913452 164.59925573074608 pid3787
84.63716516811223  1.842764019732317 164.63716516811223 pid38bc
84.8721555166814  1.493545039542795 164.8721555166814 pid3935
85.0866671562968  1.6137290336203762 165.0866671562968 pid390a
85.18862481641534  1.3389117434694398 165.18862481641534 pid3850
85.35357119884753  1.0332247516041662 165.35357119884753 pid3903
85.42424524537893  0.7402441122689669 165.42424524537893 pid38fc
85.45901257103597  1.6380775005109522 165.45901257103597 pid3932
85.76698123847027  1.7723457438030539 165.76698123847027 pid38a9
86.23297071626166  1.7546585191358353 166.23297071626166 pid3853
86.76546471382929  1.4216627733209695 166.7654647138293 pid383d
86.93403638055996  0.5695282912000998 166.93403638055997 pid3921
87.13747122189898  1.307203006316376 167.13747122189898 pid38f5
87.18147521796523  1.4985716421530328 167.18147521796521 pid3811
87.38855000398071  1.0735841448745236 167.3885500039807 pid3789
87.40748271573946  1.7534226108959166 167.40748271573946 pid37d2
87.60917678254029  1.592422643827654 167.6091767825403 pid38c8
88.63704808688124  1.3793329655661315 168.63704808688124 pid3844
89.30069461853685  1.5015630439829624 169.30069461853685 pid38b1
89.86282928935644  0.5888940875997564 169.86282928935645 pid37e3
90.17016185686873  1.0631647746576265 170.17016185686873 pid38c0
90.55350922417908  1.1325796848037166 170.5535092241791 pid38f9
90.78690112769813  1.549834345821429 170.78690112769812 pid378a
91.20786075079721  1.4955173530565298 171.2078607507972 pid37ac
91.50353781156403  1.296766604316569 171.50353781156403 pid380d
91.57593645142647  1.2733984350239695 171.57593645142646 pid383e
91.76561243825127  1.5684500490439433 171.76561243825125 pid38f6
91.89652360314378  1.1278521459174364 171.89652360314378 pid389d
92.10137868268143  0.962633656183119 172.10137868268143 pid381e
92.2342221978677  1.278846475976348 172.2342221978677 pid37f7
92.39463902364817  0.7439782991044726 172.39463902364815 pid37ff
92.44624948907463  1.170010645635573 172.44624948907463 pid37dc
93.29259373082019  1.562237881335524 173.2925937308202 pid38a4
93.43782755861608  1.656135865314236 173.43782755861608 pid3915
94.17554619668587  1.9484355973718457 174.17554619668587 pid37d0
94.71189644262539  1.7835204842710708 174.7118964426254 pid388b
94.72268268817936  1.6455805408947124 174.72268268817936 pid37c8
94.90603037245597  1.2538442777769416 174.90603037245597 pid38ce
94.97184060994722  1.751966454532063 174.9718406099472 pid391f
94.98599287179118  1.7673937106853734 174.98599287179118 pid380b
95.2008221395779  1.1270140822546322 175.2008221395779 pid3890
95.81301431210963  1.2954015507837326 175.81301431210963 pid37ad
96.3954104108872  0.6684364733444044 176.3954104108872 pid3893
96.40434736440707  0.744952546884927 176.40434736440707 pid3866
97.16798530510096  1.3142735094112703 177.16798530510096 pid37ab
97.4837227111891  0.8425108135876234 177.4837227111891 pid37b5
97.50487133995888  0.6542793890068757 177.50487133995887 pid3883
97.88200977592832  1.6943876210803221 177.88200977592834 pid37f0
98.51119404411234  1.016090423628881 178.51119404411236 pid3815
99.49541169175752  0.574443862004989 179.4954116917575 pid38cb
99.77224039029294  1.095747063702724 179.77224039029295 pid391e
101.26681553513984  1.9088118895849884 181.26681553513984 pid38e7
101.29770359543814  0.646416987837423 181.29770359543812 pid37f6
101.57447469480675  0.6206097793054928 181.57447469480675 pid386f
101.6573270411438  1.5833580600236603 181.6573270411438 pid3878
101.90111634213216  1.140267318730423 181.90111634213216 pid384f
102.15945200113205  1.1796413266791959 182.15945200113205 pid3805
102.49298590255685  1.083496422180725 182.49298590255685 pid38e5
102.61458647847282  1.3614118515811833 182.6145864784728 pid3869
103.00568253614757  1.2449253665515376 183.00568253614756 pid37f9
103.15371697316499  1.728348572764466 183.153716973165 pid3924
103.16804570084649  1.2542187633467894 183.1680457008465 pid379c
103.36291717365049  0.8675680162768828 183.3629171736505 pid37ce
103.92260015048605  1.1928927520163108 183.92260015048606 pid37a8
104.03050899608513  0.7416888464529239 184.03050899608513 pid37dd
104.1446234028653  0.5117803695269576 184.1446234028653 pid37ed
104.23452791604971  1.350037478169386 184.23452791604973 pid377b
104.56614145330835  1.5502414918504257 184.56614145330835 pid3908
105.27898929402568  1.3034074150923711 185.27898929402568 pid392e
105.37771375954038  1.6200482879724147 185.37771375954037 pid3800
105.48666569071385  1.960909920988322 185.48666569071383 pid37cc
106.04213112407304  0.5882845337522801 186.04213112407302 pid37f3
106.24022350188567  1.2616408123665708 186.24022350188568 pid3835
106.65882114901575  1.17535445123736 186.65882114901575 pid3781
107.27692384217374  1.4891236315267626 187.27692384217374 pid386d
107.76063343881775  0.748509870256144 187.76063343881776 pid3905
107.77894706338333  1.1896307367627685 187.77894706338333 pid3902
108.11723649524708  0.5231353707447306 188.11723649524708 pid3820
108.59852220469932  1.8925179617739956 188.59852220469932 pid3896
108.80879819916619  0.6235564030777581 188.80879819916618 pid38b6
109.05052405422492  1.7652232343116532 189.05052405422492 pid37db
109.31044037592567  1.8795193145258975 189.31044037592568 pid3843
109.3258724322011  1.1285484242237098 189.3258724322011 pid37f5
109.50072401670572  1.485686243181733 189.5007240167057 pid3892
110.97846261315765  1.935427002101905 190.97846261315766 pid3782
111.11963621018016  0.8819850395578073 191.11963621018015 pid37e1
111.19818396040063  1.3292009956434538 191.19818396040063 pid382a
111.26069833593368  1.7699489492640466 191.26069833593368 pid37b9
111.85335529522605  1.1507296504494635 191.85335529522604 pid3938
112.09249689454779  0.739961279578875 192.0924968945478 pid38ef
112.12379315387275  0.9665864584164792 192.12379315387275 pid3778
112.74081916121061  0.7105860498110492 192.7408191612106 pid384b
112.91273857803856  1.7319015982995667 192.91273857803856 pid390e
113.00681385968991  0.7948433323163356 193.0068138596899 pid37ef
113.71924708145042  0.8381352596874234 193.71924708145042 pid392a
114.2833425765248  1.8635567102291242 194.2833425765248 pid3798
114.42688699581115  0.6606977515210446 194.42688699581115 pid38c3
115.48018744870933  1.3100887256181473 195.48018744870933 pid38ea
115.67872025791266  1.7336853288794871 195.67872025791266 pid38ab
115.94051976176318  1.94079980003145 195.9405197617632 pid3900
116.34060988763918  1.1833312033869652 196.34060988763918 pid3862
116.46720907107672  1.8507978528094595 196.46720907107672 pid383f
116.64681399880216  1.1772595796711391 196.64681399880214 pid37eb
116.84715628610422  1.1006041397290558 196.84715628610422 pid38c1
117.04210900158004  1.0187825707705627 197.04210900158006 pid37e8
117.19983393183003  1.4585941894864822 197.19983393183003 pid3814
117.68353598392358  1.6704954151292253 197.68353598392358 pid3909
117.89730054500514  0.716855948261391 197.89730054500512 pid3856
118.22896925287961  0.609810287346354 198.2289692528796 pid37e0
118.296470615801  0.8917117654856059 198.296470615801 pid38f4
118.7384134043085  1.4359343628132573 198.73841340430852 pid3795
118.78306626020039  0.7333403956621576 198.78306626020037 pid3786
118.98334561982503  1.5063420156859941 198.98334561982503 pid38dd
119.08701553413377  0.5937101126098148 199.08701553413377 pid37fa
119.16857854946322  1.2999948762431612 199.16857854946323 pid391a
119.34422375191939  1.6390102470949781 199.3442237519194 pid3854
119.6798001414853  0.7662274186450744 199.67980014148532 pid392b
120.260530624451  0.844777334761255 200.260530624451 pid38c9
120.58633546108759  1.7170264935354675 200.58633546108757 pid380e
120.64773807562041  1.7657226940313704 200.6477380756204 pid37d9
121.01181776068485  0.6743576641421078 201.01181776068483 pid38b5
121.11997314891327  0.9382999553130532 201.1199731489133 pid379f
121.26847053665183  1.6139112355115772 201.26847053665182 pid3817
121.60464529506915  1.1838818197911567 201.60464529506913 pid37d1
121.63904949584405  0.509083903131158 201.63904949584406 pid381f
121.83659318472141  1.6830921798580822 201.8365931847214 pid38a8
121.93243712602181  1.7644918146390511 201.9324371260218 pid38a0
122.03794691929797  1.3104671002529007 202.03794691929795 pid3801
122.7496804445716  1.4513480651501327 202.7496804445716 pid3825
123.60667926858501  0.6168371936472795 203.60667926858503 pid38b7
123.77864274906445  0.8378262583133063 203.77864274906443 pid377c
124.04337954831442  1.8130576550361175 204.04337954831442 pid37cf
124.0588725537588  0.6438648781512613 204.05887255375882 pid3917
125.18353161999312  1.6083454078066484 205.18353161999312 pid38e9
125.5376519703927  0.5162925972614536 205.5376519703927 pid3833
125.7551819887223  1.7427880532235454 205.7551819887223 pid3812
125.85657829793375  1.4904887346099112 205.85657829793377 pid391d
125.8924768168622  0.7042295526235561 205.8924768168622 pid3821
126.07775644478019  0.7857600689960774 206.0777564447802 pid38be
126.2032164616108  1.593477730792509 206.2032164616108 pid38df
126.52917960486651  1.8408289850693782 206.5291796048665 pid3791
126.61374532895027  0.5621166412460075 206.61374532895027 pid3809
126.62182749067468  0.9985280284018269 206.62182749067466 pid388d
126.78392680549435  0.6426326923523846 206.78392680549433 pid38d1
127.24770770863316  1.8585784258281328 207.24770770863316 pid38d3
127.63248727884256  1.922108267636353 207.63248727884258 pid3852
127.65694588303015  1.8356238200541184 207.65694588303015 pid37a1
128.090423784196  1.3670831730714754 208.090423784196 pid3828
128.41214981497532  0.7824428498404081 208.41214981497532 pid390b
129.27847489325518  1.9813446299803479 209.27847489325518 pid38e1
129.5744083529798  1.4657067381289213 209.5744083529798 pid38e8
129.75543834027746  1.204396900512983 209.75543834027746 pid3881
130.38374982692244  0.905263388013635 210.38374982692244 pid37c1
130.4420071539366  1.5864603842594382 210.4420071539366 pid38aa
130.6711621621717  0.8263277096744757 210.6711621621717 pid37f1
130.85698314204282  1.78496824380345 210.85698314204282 pid37c6
131.05128323331704  1.5364611272826818 211.05128323331704 pid3855
131.2128398111627  1.4390775009236914 211.2128398111627 pid3864
131.7182829167425  0.5393182602707791 211.7182829167425 pid37ec
132.11497823310248  1.9633764928976936 212.11497823310248 pid390c
132.2689737654307  0.9976358837460264 212.2689737654307 pid3939
132.2742542287402  1.9393568997186437 212.2742542287402 pid377d
133.07187579816048  1.0238343548562119 213.07187579816048 pid37e2
133.55596818348394  1.8684513159133764 213.55596818348394 pid38db
133.94728158527366  0.7072202750849644 213.94728158527366 pid3918
134.48648140901093  0.5558288246896861 214.48648140901093 pid38f0
134.76505197307995  1.6550587090115747 214.76505197307995 pid3859
134.76567536938123  1.5372365737299942 214.76567536938123 pid37f4
134.84514471685358  0.748612707360041 214.84514471685358 pid3870
136.8519569656757  1.5628552710539871 216.8519569656757 pid38c6
137.01446309751086  0.8937808828474365 217.01446309751086 pid377a
137.02003095987277  1.0781833030689327 217.02003095987277 pid38f7
137.58846326375138  1.1373227421263028 217.58846326375138 pid38f3
137.81821167780694  1.1471899872699978 217.81821167780694 pid385e
137.86491514938172  0.5896549974523639 217.86491514938172 pid37be
137.86901106260623  1.6038713655388959 217.86901106260623 pid37c3
139.16042703093214  1.4629830407305011 219.16042703093214 pid3929
139.58181432807174  0.7063528492771132 219.58181432807174 pid3899
140.07777118052857  0.5091422249508545 220.07777118052857 pid3779
140.5328664191742  1.9484129420201168 220.5328664191742 pid382f
140.7020723738598  1.902727420159353 220.7020723738598 pid38d2
141.08282031426842  1.3032679255823014 221.08282031426842 pid3884
141.1316499468081  1.552616254552201 221.1316499468081 pid38de
142.8178115731571  1.1686586360864029 222.8178115731571 pid3838
142.92248550255212  0.7719565857094968 222.92248550255212 pid3868
143.11710514737524  0.7645751066559932 223.11710514737524 pid37e5
143.37007594290287  1.1642686664787 223.37007594290287 pid380f
143.43011900379656  0.5824313513566786 223.43011900379656 pid38ae
143.5299441340665  0.9166363697049729 223.5299441340665 pid3933
144.45257019562288  1.3171331082775293 224.45257019562288 pid3861
144.84440737884796  1.5367518486571252 224.84440737884796 pid387b
144.9004950130623  1.3180069562108883 224.9004950130623 pid37e7
144.9948959513088  1.9440313670310574 224.9948959513088 pid3788
145.0338249438887  0.5798802334225348 225.0338249438887 pid388f
146.6841856375049  1.0216545919970812 226.6841856375049 pid3872
147.13223977765986  1.0144849945706178 227.13223977765986 pid38e0
147.39927288167544  0.9264323929493139 227.39927288167544 pid3834
147.52087785733272  0.5979962998198125 227.52087785733272 pid3806
148.09054332857482  0.6384954599922192 228.09054332857482 pid3880
148.22486095914772  1.2586931201071994 228.22486095914772 pid3826
148.26200793395589  1.5581286066679114 228.26200793395589 pid392f
148.42110686983324  0.8664520770903323 228.42110686983324 pid3937
148.54111125235707  1.1253068940535957 228.54111125235707 pid3803
148.6163486264587  0.595448803636775 228.6163486264587 pid3807
148.7115810085754  1.679210524606876 228.7115810085754 pid383c
149.39353695934918  0.643434609448654 229.39353695934918 pid38bd
