2.0752994545225434  1.6450861701255417 5.365471794773627 pid4d8
6.3467454352475166  4.554473779884686 15.45569299501689 pid4d5
13.575482318137773  4.682932726120691 22.941347770379153 pid4c2
15.852471641111418  4.816842724019777 25.48615708915097 pid4c0
16.31100833882543  2.662461478944672 21.635931296714773 pid4c4
17.103130888410764  2.8830606230093228 22.86925213442941 pid4b9
21.803168105920875  2.5331672608750355 26.869502627670947 pid4d3
23.029845554987855  1.7902196328602522 26.610284820708358 pid4e0
25.451639932051318  2.6163465458329878 30.684333023717294 pid4d0
34.259458859950115  1.5569859040511442 37.37343066805241 pid4c7
40.145195527655595  3.7094594589928684 47.56411444564133 pid4be
46.174171690362286  1.0215749451023148 48.21732158056692 pid4d6
46.768898348291046  3.886987061409435 54.542872471109916 pid4d2
48.26721456832715  4.330426057672531 56.92806668367221 pid4bb
49.24974971426005  1.5778863597344337 52.40552243372892 pid4cf
51.101964415467066  3.063667252045181 57.22929891955743 pid4dc
51.752729040128294  4.449907206910292 60.65254345394888 pid4d7
52.86313821302426  3.124621941420059 59.112382095864376 pid4e1
59.74177028150519  2.6778673996995974 65.09750508090438 pid4ca
60.427431079381755  3.3742290340517864 67.17588914748532 pid4df
63.831108649021466  3.3258855806059433 70.48287981023336 pid4cc
64.89674226196962  1.2881401475281957 67.47302255702601 pid4bc
67.06394136729381  2.266296894673494 71.5965351566408 pid4b0
67.77751588784427  1.9313660810381013 71.64024804992047 pid4cb
68.04476673136539  3.6585484312491925 75.36186359386377 pid4c6
77.68382103829754  1.1632188800269603 80.01025879835146 pid4b7
81.15385434970678  2.353718988441161 85.8612923265891 pid4de
87.81143945330108  4.967100440074029 97.74564033344913 pid4bf
89.49277670454718  3.6778175689970953 96.84841184254137 pid4c1
89.57149109967222  4.889786661145676 99.35106442196357 pid4b8
92.12728902717399  3.5568262814552853 99.24094159008456 pid4b5
98.9509471656441  3.0901468232424225 105.13124081212894 pid4b4
100.12333228810846  4.168675895090593 108.46068407828965 pid4b3
111.32808943634949  3.0269507347715727 117.38199090589264 pid4c5
112.32429349167259  1.0439882948730062 114.4122700814186 pid4c9
117.22249822809502  1.3096679995986014 119.84183422729222 pid4d4
121.71951472397707  2.231414242754924 126.18234320948692 pid4b6
122.28484164383585  1.1237702685683284 124.5323821809725 pid4dd
129.45357975379167  3.2352246340644104 135.9240290219205 pid4c8
132.74330236228133  2.525652629803644 137.79460762188862 pid4cd
133.12971949622556  2.1139792040030945 137.35767790423176 pid4b2
135.2263549050084  2.3382300081728618 139.90281492135412 pid4ba
135.77829854844066  4.46127630472396 144.70085115788856 pid4d1
157.2062220105024  2.2225945802832947 161.651411171069 pid4b1
159.67962049457628  3.2274783169053336 166.13457712838695 pid4d9
162.53952532661538  1.5608836039767202 165.66129253456882 pid4da
162.91266210527442  2.337846358142497 167.58835482155942 pid4bd
163.9869749878409  1.849653513468418 167.68628201477776 pid4ce
170.07514346354094  3.460652147849163 176.99644775923926 pid4c3
172.742870823038  4.535912192104442 181.8146952072469 pid4db
