0.16507091695051046  1.488888287190888 80.16507091695051 pid45d7
0.21897845369835967  1.9103172778423083 80.21897845369836 pid4642
0.39528040442615153  1.5196905539435661 80.39528040442615 pid4626
1.0449895814425347  1.5780635707943313 81.04498958144254 pid46ef
1.401578162966538  0.5048938067391033 81.40157816296654 pid463c
1.9557459866787474  1.5712460904362393 81.95574598667875 pid45ed
2.586695620367646  1.7593084532952281 82.58669562036765 pid46b4
2.70129365571925  1.1068135956452814 82.70129365571925 pid461b
3.2393495736294966  1.5906527265533548 83.2393495736295 pid45ca
3.3205414120113907  0.703535371009807 83.3205414120114 pid46cc
3.3616941593377803  1.452719296481826 83.36169415933779 pid4591
3.674647387411234  1.2574116598174718 83.67464738741123 pid45ea
3.6895643995977445  0.7074406625326821 83.68956439959774 pid458a
3.7476287666759758  0.9173296810076286 83.74762876667597 pid45b1
4.4557146085697275  1.5043811428863543 84.45571460856972 pid45f5
4.730085800186934  1.2905524697773507 84.73008580018694 pid4600
4.894625778647987  1.9169771965759272 84.89462577864799 pid45b4
5.98204232449363  0.728082363784772 85.98204232449363 pid45d8
6.291620097905371  1.0794734498259466 86.29162009790537 pid45dc
6.368797653214131  1.0831032699482601 86.36879765321413 pid46aa
6.467410139797591  1.9209235184478108 86.4674101397976 pid46b7
6.556409646316536  1.0474074684398362 86.55640964631654 pid45d6
6.7576696148808955  1.58892564869828 86.7576696148809 pid4611
7.031341562997268  0.689537845441931 87.03134156299727 pid4667
7.787049789179251  1.3169891340434148 87.78704978917925 pid46dd
7.845913136361693  1.704994958979472 87.84591313636169 pid4694
7.9293906679552055  1.9213324642685128 87.9293906679552 pid465f
8.735516855345542  1.775358793722788 88.73551685534554 pid46e6
8.75190768881745  1.5025725467359878 88.75190768881745 pid46c6
8.808279121283153  1.7636793201973604 88.80827912128315 pid4675
8.953725656232953  1.883005766638925 88.95372565623295 pid469a
9.043359758702218  1.0874439669114855 89.04335975870222 pid4649
9.765399812319925  1.8363630083460138 89.76539981231993 pid45c1
10.126077546593153  1.473062474317385 90.12607754659315 pid46d6
10.562131646195777  1.1992884561513437 90.56213164619578 pid46c5
10.566203271777718  0.5497489742495173 90.56620327177772 pid4645
10.593185871570586  1.7833471115086206 90.59318587157058 pid470e
11.435814344246943  0.5212869564245088 91.43581434424695 pid467e
11.554761467920422  0.8852951718018904 91.55476146792043 pid4636
11.607695862264878  0.8328011170141907 91.60769586226488 pid46be
11.896570719496092  0.9145366433074964 91.8965707194961 pid4602
12.069144106627562  1.6297676452747523 92.06914410662756 pid45f3
13.84242950700595  1.6611012130964604 93.84242950700595 pid4599
13.941859613885576  0.5833773486375561 93.94185961388558 pid4716
14.121416995160835  0.9417972859783972 94.12141699516084 pid462b
14.143297121994753  0.8251925437528247 94.14329712199475 pid45f8
14.55597048645208  0.8263685134975318 94.55597048645208 pid4658
15.041535720697086  1.197454648324263 95.04153572069708 pid472c
15.19789433490582  0.6011300727249065 95.19789433490583 pid4594
15.402870920841643  1.672975626135439 95.40287092084165 pid4647
15.714662246213912  1.0865994848091374 95.71466224621392 pid46e2
15.787321487141664  1.3699615032210297 95.78732148714167 pid4590
16.009223316985764  1.6150407075711546 96.00922331698577 pid470d
16.018999841121584  0.8784164614510556 96.01899984112158 pid46b1
16.030101552772592  0.5986856603237657 96.03010155277259 pid461c
16.067157978476143  1.830224453541439 96.06715797847615 pid4690
16.08979889360642  1.9508118053207042 96.08979889360643 pid46bd
16.58607200606637  1.274573788064642 96.58607200606637 pid45a4
16.662033637785267  1.276558551446161 96.66203363778527 pid4703
17.339084871205028  1.446346507954202 97.33908487120503 pid458b
17.498137365181154  1.7394222790783123 97.49813736518115 pid46b5
17.658133721265333  0.6474595325582325 97.65813372126533 pid4747
18.196626067668078  0.9242995584944275 98.19662606766808 pid45a0
18.689862319587736  0.61477295896111 98.68986231958773 pid46a8
18.804056512028378  1.9331891093019489 98.80405651202838 pid4699
19.017731979793112  1.1480880449072153 99.01773197979311 pid4672
19.41753273588213  0.8964300867544059 99.41753273588213 pid4623
19.46065862176  1.8896029289417406 99.46065862176 pid46d4
19.461310908345247  1.6096123678761067 99.46131090834524 pid4605
19.535463687253422  0.9695559010444137 99.53546368725343 pid4621
19.568515088914868  0.7549174464672581 99.56851508891486 pid45bb
19.69560926371018  1.6744339945066462 99.69560926371018 pid46b6
19.739480146175335  1.850777587102099 99.73948014617534 pid4712
19.861197271113063  0.7318639267853987 99.86119727111307 pid46f8
20.179632327033868  1.4211775960502402 100.17963232703387 pid465e
20.918078442213872  0.9966338570321661 100.91807844221387 pid4614
21.529087599439773  1.1912447162687185 101.52908759943978 pid4702
21.89538081016006  1.8049415907478008 101.89538081016006 pid4706
22.061622665844727  1.3385524530287047 102.06162266584472 pid45bf
22.137436264082083  1.813494808066017 102.13743626408208 pid471a
23.216461547569377  0.6891150846644204 103.21646154756938 pid45cc
23.791296856465245  1.5198372392914306 103.79129685646524 pid46e4
24.508818596861698  1.0888234687258667 104.5088185968617 pid4665
24.585068356894734  0.7032325971701641 104.58506835689474 pid4720
24.740743602778824  0.6605420808216567 104.74074360277882 pid45ff
25.104390661416442  0.6133896905546576 105.10439066141645 pid46a9
25.800396850685004  0.8316082054641373 105.800396850685 pid4588
26.22315147393849  0.6690417034144385 106.22315147393849 pid46a4
26.358577171849262  1.0707980001043513 106.35857717184926 pid45c9
26.371188574851086  1.278630817936989 106.37118857485109 pid4738
26.66244273326121  1.1540073080673026 106.6624427332612 pid45d4
27.99037790142983  1.401621217409531 107.99037790142984 pid45a2
28.008949291954742  1.925732733140092 108.00894929195474 pid467d
28.983713670311158  0.8720843672637504 108.98371367031116 pid46db
29.089997426948422  1.956576648332706 109.08999742694843 pid4727
29.425679339807598  1.282915210695509 109.4256793398076 pid4670
29.65013796147006  1.911772987371711 109.65013796147007 pid45fe
29.754525296041894  0.5092893110440522 109.75452529604189 pid4684
29.81458226525274  1.0805950852847435 109.81458226525274 pid4646
29.85368615469301  0.5459068890445957 109.85368615469301 pid45be
29.981137420735294  1.3058400959600012 109.9811374207353 pid4606
30.484718156811354  0.9859924665270241 110.48471815681135 pid46b3
30.777368531715616  1.4696911374249546 110.77736853171561 pid46c1
31.01321355629438  0.5680202958822756 111.01321355629437 pid472b
31.457215120682697  1.9443341119676445 111.45721512068269 pid46c2
31.75742856391134  1.444097477128126 111.75742856391133 pid459a
31.85964723116909  0.7055370110559317 111.85964723116909 pid46e9
31.944410731209167  1.346526438608893 111.94441073120916 pid45b2
32.36730045887031  1.7811551749849093 112.36730045887032 pid4648
32.587997449352955  1.6796762285149192 112.58799744935295 pid4725
32.69256408043955  0.6439721756581562 112.69256408043955 pid45b5
32.75004969876035  0.5632970179117573 112.75004969876035 pid4676
32.81235394510894  1.79844462885683 112.81235394510894 pid469f
33.43992904169683  1.5779029263558146 113.43992904169683 pid467f
33.46498476005887  1.6132979003291457 113.46498476005887 pid4740
33.91488501346467  0.6464796843898459 113.91488501346467 pid467c
34.06423484920729  1.376499674160065 114.06423484920728 pid4680
34.1842824022588  0.5086613950602272 114.1842824022588 pid45b9
34.3719420046169  0.726841688084878 114.3719420046169 pid4735
34.80505593109564  1.146743553532981 114.80505593109564 pid45ad
35.022098386592546  1.698700665819194 115.02209838659255 pid46e5
35.13040074475031  1.701817632563272 115.13040074475032 pid4693
35.30954568317913  0.9490923258208879 115.30954568317912 pid4610
36.04005373574858  1.3501642154841806 116.04005373574859 pid46d3
36.31314349058039  1.6115521927100631 116.31314349058039 pid45e6
36.73990470813232  0.66950228018223 116.73990470813231 pid46eb
37.03897064092481  1.6355247840785896 117.03897064092482 pid465b
37.59182548444195  1.2549178810181738 117.59182548444196 pid4739
38.039293454447126  0.9007151773364857 118.03929345444712 pid468b
38.11889797742527  1.232411312385101 118.11889797742526 pid46ed
38.21460188813959  1.458346713806838 118.21460188813958 pid46a6
38.69245079178137  1.89033271562278 118.69245079178137 pid463a
38.88688423353058  1.638177672181409 118.88688423353058 pid46ab
39.12439348723045  0.6788587775455244 119.12439348723045 pid45af
39.46108158217284  1.618830893351717 119.46108158217284 pid4743
39.485946033238214  0.9809080312644961 119.4859460332382 pid4713
39.56127713259826  0.5385228622386857 119.56127713259826 pid468e
40.09714565893442  1.620984851910642 120.09714565893442 pid46fe
40.20314092435298  1.7285508098270206 120.20314092435298 pid46a3
40.40615896862453  1.3660813402983327 120.40615896862454 pid46a1
40.604162226550415  1.154946823963173 120.60416222655041 pid46f4
40.6697616629313  0.5520211312393443 120.66976166293131 pid45cd
41.045268805878536  0.9327791287883167 121.04526880587854 pid4637
41.80453761336048  1.6245637281919079 121.80453761336048 pid45c6
42.178763295057564  0.8682912794332283 122.17876329505756 pid46ff
42.670479417966575  1.4398568763897925 122.67047941796658 pid45da
43.10999651690569  1.535454418536247 123.10999651690568 pid4682
43.35706872031577  0.5557759590039977 123.35706872031577 pid45a3
43.51369779320534  1.343496047525165 123.51369779320534 pid464e
43.54461935927193  1.7262011400910828 123.54461935927193 pid4715
44.118013899235386  1.185928934797285 124.1180138992354 pid4659
44.19202366833357  1.40285199371907 124.19202366833358 pid461a
44.98867726907056  1.1442527105249503 124.98867726907056 pid4729
45.118761890995074  1.4482999506087966 125.11876189099507 pid45cb
45.667144484066725  0.8685106827018588 125.66714448406672 pid4656
46.01014211942023  1.0601522015787341 126.01014211942024 pid473e
46.54804859337804  0.8840205719847185 126.54804859337804 pid45ec
46.58542179780911  0.621985881236963 126.58542179780912 pid4704
46.87805365959166  1.3984626552507664 126.87805365959166 pid45a1
46.963995012114765  0.7741291321982572 126.96399501211476 pid46ec
47.49490404527998  1.9124658390323015 127.49490404527998 pid471c
47.797884957119926  0.6466168931629865 127.79788495711992 pid4597
48.10090611263107  0.5375120530153487 128.10090611263107 pid45f9
48.27986101201006  1.591178158332203 128.27986101201006 pid46a5
48.76944154218205  1.9288647483865515 128.76944154218205 pid4687
48.817285602645946  1.6972460997805088 128.81728560264594 pid466c
49.067197995515905  1.7986095407235154 129.0671979955159 pid46d7
49.38972968443529  1.465264263768059 129.38972968443528 pid45a8
50.062952701089095  1.889550239961579 130.0629527010891 pid46d2
50.20457947749492  1.6335969406720723 130.20457947749492 pid473b
50.37229413822569  1.3151659713396515 130.3722941382257 pid46cb
50.628393629258895  1.5992156393799517 130.62839362925888 pid468c
51.54150084457274  0.6191275116863197 131.54150084457274 pid468f
51.75159112368442  1.5017070241343884 131.75159112368442 pid4714
52.24537933243469  1.450201825345511 132.24537933243468 pid4604
52.603523269314486  1.4604000927251202 132.60352326931448 pid45f4
52.63603281453493  1.2936288022591098 132.63603281453493 pid45c2
52.7539700923022  1.0945197694259867 132.7539700923022 pid465d
52.915719846775275  1.1052676095162686 132.9157198467753 pid462e
52.96634065794525  1.3710446423226341 132.96634065794524 pid4730
53.34210857909545  0.5595323512634579 133.34210857909545 pid4608
53.38762725232697  1.6305963535285306 133.38762725232698 pid465a
53.50983235524026  1.8581409645869753 133.50983235524026 pid45aa
54.09704013663711  1.3521044081666904 134.0970401366371 pid4698
54.178150939970735  0.592325599788294 134.17815093997075 pid4627
54.29324262742444  1.983713350874606 134.29324262742443 pid46fb
54.82773000532021  0.8427784105989803 134.8277300053202 pid470a
55.269416574054105  0.7496236297002394 135.2694165740541 pid4664
55.46915146968354  0.5517676596533543 135.46915146968354 pid459d
55.67906474531627  1.6308037978352883 135.67906474531628 pid45fb
55.86950337629645  1.3839094819202986 135.86950337629645 pid472d
56.46817146527333  1.2704952896236568 136.46817146527331 pid45c5
56.94268573194518  1.0991885856495833 136.94268573194518 pid45b3
58.200862204608825  1.5308217522037704 138.20086220460882 pid46f5
58.65259213108301  1.5641951102732214 138.652592131083 pid46bb
58.704156769623886  0.6386077777669515 138.7041567696239 pid4709
59.175082225781125  1.6719741299893425 139.17508222578113 pid4679
59.854347809909186  0.8578726073258686 139.8543478099092 pid4719
60.51988320354584  1.232438128636539 140.51988320354585 pid45cf
60.79781904446926  1.6369717410465352 140.79781904446926 pid4668
62.1205786464398  1.1111710621065733 142.1205786464398 pid469d
62.388760006739254  1.0725517342962765 142.38876000673926 pid468a
62.40130918828074  0.9304986691137325 142.40130918828075 pid471b
63.17071532086841  1.4599465382718169 143.1707153208684 pid460d
63.212306545861644  0.7490068535492427 143.21230654586165 pid4744
63.24895497887473  1.9238893487599615 143.24895497887474 pid4613
63.87135770804405  1.1641140572357538 143.87135770804406 pid45f0
64.14603481427343  1.186601551094613 144.14603481427343 pid4701
64.53651985765121  1.6613933377095171 144.53651985765123 pid45bd
64.60419261839515  0.6510289410871741 144.60419261839513 pid4671
64.67843919758957  1.556211206612725 144.67843919758957 pid4736
64.79686439425124  0.9662054878077764 144.79686439425126 pid4662
65.59183196608743  1.6073604648651596 145.59183196608743 pid4634
65.94292393003357  0.7000086883908123 145.94292393003357 pid466b
66.10923484352737  1.180513015391667 146.10923484352736 pid45b6
66.25466884102129  0.6800548776733454 146.25466884102127 pid458d
67.57259686176454  1.4633936642130905 147.57259686176454 pid46b0
67.78098364188537  0.5525506694238222 147.78098364188537 pid45e5
68.13568382409584  1.9411071109550564 148.13568382409585 pid45d1
68.39653082183406  1.0484704945783354 148.39653082183406 pid4620
68.69108921740019  0.7448314567451526 148.6910892174002 pid46c3
68.85318185447454  1.3636885919352921 148.85318185447454 pid4652
69.56211662827033  1.0299180131386512 149.56211662827033 pid45b8
70.05596925862257  1.28080996791778 150.05596925862255 pid4633
70.1891626583846  0.8811009944289269 150.1891626583846 pid45ce
71.21761273943831  1.382398397334407 151.21761273943832 pid46da
71.36064320231033  1.1149282925737736 151.3606432023103 pid4607
71.69421872050056  0.9995933133148105 151.69421872050054 pid4731
71.71116515129452  0.596677189966619 151.71116515129452 pid473c
71.86561811387315  1.5193678058852782 151.86561811387315 pid4617
71.95385317262821  1.0267491360384544 151.95385317262821 pid46a0
72.0770789610362  0.6901025183315019 152.0770789610362 pid462a
72.54008723293622  1.0978307133307421 152.54008723293623 pid46e8
73.12126618162132  0.5148333934993901 153.1212661816213 pid469e
73.76071145934814  1.3058106043456346 153.76071145934816 pid4638
74.11852753772467  0.7457769596894661 154.11852753772467 pid46f2
74.72467105708697  1.9524459609896885 154.72467105708697 pid45fd
74.90416278651362  1.0181304466397485 154.9041627865136 pid463f
75.25505722442139  1.9553514961860285 155.2550572244214 pid4629
75.39901157285932  1.0581000532218645 155.3990115728593 pid46df
75.45587153346571  1.8028295795725597 155.4558715334657 pid473a
76.02165980370668  1.3690478902010106 156.02165980370668 pid46d8
76.03316758028127  0.6529100284219616 156.03316758028126 pid4737
76.64724287753701  1.7607321828260738 156.647242877537 pid4708
76.74141270626944  1.9796149534382061 156.74141270626944 pid46ce
77.07868626378506  1.9042669337930045 157.07868626378507 pid46c4
77.53291271119956  1.4238418828381516 157.53291271119957 pid471e
77.53671183051421  1.968037408380246 157.5367118305142 pid463d
77.85935191529317  0.7240780169742667 157.8593519152932 pid46a2
78.06984259334615  1.5254383883760978 158.06984259334615 pid46c7
79.28725672658769  0.6179853115463776 159.28725672658769 pid4688
79.48255141895065  1.5618075875554793 159.48255141895066 pid470c
80.01986886529593  1.0757386259078743 160.01986886529593 pid4663
80.02545959874716  1.5341571334514945 160.02545959874715 pid4609
82.12825849348631  1.325943922335271 162.12825849348633 pid45d3
82.77345715923303  1.3948137695362435 162.77345715923303 pid460c
83.24598271769618  1.2736682106301822 163.24598271769617 pid4593
84.00119764618182  1.251005311161571 164.00119764618182 pid468d
84.11911146095774  1.7469607923162072 164.11911146095775 pid45e2
84.76613491494854  0.5731012321008071 164.76613491494854 pid466f
84.85778802922107  1.0031484359081864 164.85778802922107 pid4666
84.97492594008473  0.7303770128842846 164.97492594008474 pid4742
85.38752115239093  1.4488248172772746 165.38752115239095 pid45d0
85.39418250212535  1.7049053266415644 165.39418250212535 pid4641
85.91551930194987  0.9601027009276437 165.91551930194987 pid466d
86.35664633616649  0.6794477053864159 166.35664633616648 pid46d1
87.08525424543541  0.5471783486852222 167.0852542454354 pid46e3
87.11860069815592  0.7544168602047192 167.11860069815592 pid45e1
87.23004234339862  0.5586533278392509 167.23004234339862 pid4685
87.36018246690416  1.4018496707188148 167.36018246690418 pid46d0
87.63620057876591  1.1375570098538246 167.6362005787659 pid45ac
88.3199656709341  1.511326200617467 168.3199656709341 pid471d
88.34871697409109  0.5952755339553453 168.34871697409108 pid460f
88.44885331642654  1.952550944650754 168.44885331642655 pid470f
88.82373140010334  1.7576236757890042 168.82373140010333 pid46f1
89.05083026171333  1.2898605487056176 169.05083026171332 pid45e0
89.23097800581941  1.6502029759103396 169.2309780058194 pid45d2
89.43154919308567  0.742815158444382 169.4315491930857 pid473d
89.47062056732342  1.3541766145644334 169.4706205673234 pid4653
90.3211603161056  0.6641085975136303 170.3211603161056 pid46f9
90.36163642725482  1.6364203718951114 170.36163642725484 pid4728
90.5888086407941  1.9291803061928 170.5888086407941 pid45a7
91.4722350617856  1.6005983442242557 171.4722350617856 pid46ea
91.83177346076916  1.7454763069339825 171.83177346076917 pid46e1
92.05015891098498  1.181836206481357 172.05015891098498 pid46f3
92.67837753983206  1.9508960439163103 172.67837753983207 pid45fa
93.09846711740475  1.796678734752984 173.09846711740477 pid4612
93.26317112696083  1.3726291541114235 173.26317112696083 pid4707
93.38288038518587  1.8789697858522194 173.38288038518587 pid45c7
93.85329664515027  1.8759647396642158 173.85329664515027 pid45a6
94.03769994453023  1.5915674846262124 174.03769994453023 pid46f6
94.29549956776964  1.4655307448123867 174.29549956776964 pid46c9
94.4461938615146  1.3379102549917892 174.4461938615146 pid4726
94.7242888719628  1.2504469295258986 174.7242888719628 pid45df
94.83789710835953  1.7348437075207688 174.83789710835953 pid4635
95.09459489009977  1.2074421101997004 175.09459489009976 pid46e0
95.26279722624285  1.1710351322993908 175.26279722624287 pid459e
96.19088442071836  1.1609235378281926 176.19088442071836 pid4686
96.48138179130851  0.5682807013009188 176.4813817913085 pid463e
96.68387128940482  0.6406867982746406 176.6838712894048 pid4661
96.69917148397484  1.8961447201001005 176.69917148397485 pid4622
97.10337802447927  0.756365201458537 177.10337802447927 pid459c
97.32236479014576  1.6166544725004588 177.32236479014574 pid45ab
97.3603623801878  0.8111852968795276 177.36036238018778 pid45eb
97.49044885160957  1.0460102755114078 177.49044885160959 pid45bc
98.21456166216848  1.2198831130763756 178.21456166216848 pid45dd
98.29647189111583  0.8641979076685795 178.29647189111583 pid472e
98.44900025528764  1.3509252998127566 178.44900025528764 pid4717
99.27939323541891  1.6959362927606645 179.27939323541892 pid470b
99.74371039632388  0.6722696166872668 179.74371039632388 pid4644
99.95120831872264  1.7877954762822441 179.95120831872265 pid4711
100.06272340438798  1.9897935867563126 180.06272340438798 pid46ba
100.61355860504277  1.5421995692046295 180.61355860504278 pid4748
101.25532766765846  1.0101985019769268 181.25532766765846 pid46dc
101.92276240441493  1.2120455521780553 181.92276240441493 pid469c
102.69058566705125  0.7409831813213876 182.69058566705127 pid4631
102.87590269493423  1.0246694461470216 182.8759026949342 pid4696
103.10037686071823  1.1481457731126181 183.10037686071823 pid45fc
103.62077095976035  1.0825565431168465 183.62077095976036 pid4601
103.68484010034214  1.0691154329879 183.68484010034214 pid4630
103.71842443941618  0.7588280547935735 183.7184244394162 pid4683
103.88882089659096  0.9770666631097455 183.88882089659097 pid4643
104.0569349011435  1.629159925800799 184.0569349011435 pid45c8
104.23147113134432  1.2535509937392573 184.23147113134434 pid4616
105.17656675285284  1.1902661787259947 185.17656675285284 pid45f1
105.75301231857176  0.800657636577306 185.75301231857176 pid4673
106.69987014842778  1.5130580785304408 186.69987014842778 pid45b0
106.75873416391664  0.8972728805086518 186.75873416391664 pid4723
106.85490121595555  0.8863248435873168 186.85490121595555 pid4595
107.6572722516963  1.278913104643117 187.6572722516963 pid462f
108.72672293711909  1.7259015848435055 188.7267229371191 pid45ba
109.28741395351244  1.2138372975334466 189.28741395351244 pid45db
109.84505712926666  1.3451883324545548 189.84505712926665 pid4624
109.9788259482437  1.6036771443166393 189.9788259482437 pid4745
111.28258758685644  1.4292560327546417 191.28258758685644 pid461e
111.37726830318908  1.880073178842999 191.37726830318908 pid4721
111.70008270980887  1.5595070981431909 191.70008270980887 pid46c8
112.06433439269313  0.5739129779125788 192.06433439269313 pid472f
112.90468761480668  0.57779723712217 192.90468761480668 pid45f2
113.07801701031676  0.8810181363823163 193.07801701031676 pid4640
113.49207822176291  1.4366033182624947 193.4920782217629 pid4650
113.99923927927343  1.290117924144738 193.9992392792734 pid45c0
114.62827389243562  1.1571943411182848 194.62827389243563 pid46ad
114.77488852358434  1.5110824894938517 194.77488852358434 pid4746
114.81267128036741  1.5981667325651567 194.8126712803674 pid4749
114.8914306003318  0.532889124353785 194.8914306003318 pid45a9
114.95597266111008  1.3264477297188244 194.95597266111008 pid46cf
115.09696654284714  1.2527100460342495 195.09696654284716 pid45d9
115.14576164059045  1.3637223160105605 195.14576164059045 pid4678
115.39860132851517  1.8519906830608899 195.39860132851516 pid4651
115.98637701823252  1.4966318386145339 195.98637701823253 pid4598
116.45467641382366  1.8628088718090916 196.45467641382368 pid46de
116.6397866610173  0.5762694235248482 196.6397866610173 pid46fd
117.79767128720142  0.8714584704514838 197.7976712872014 pid46f0
118.38147396101196  1.5464659780328711 198.38147396101198 pid464b
119.45358760792548  0.7459125644392162 199.4535876079255 pid459b
119.88991420940627  1.2764003230879175 199.88991420940627 pid4710
120.25282932532726  1.671653208880355 200.25282932532724 pid45e3
120.39882878118746  1.5352399436114652 200.39882878118746 pid462c
121.50199672968391  0.6515991076410914 201.50199672968392 pid4618
121.71933799369042  1.6362194084400032 201.71933799369043 pid45f6
121.9228499251456  1.4354241570260535 201.9228499251456 pid4734
122.01653723969528  0.8125828838129356 202.01653723969528 pid4691
122.08469971010427  1.0228659522837977 202.08469971010427 pid4657
122.52703166788915  1.2218572155121241 202.52703166788916 pid45c4
122.69162822273763  0.6365549729742912 202.69162822273762 pid45b7
123.40329453051247  1.070009286658777 203.40329453051248 pid46c0
123.43047863577912  1.839588347920368 203.43047863577914 pid465c
123.54724624558133  1.2999850010181755 203.54724624558133 pid464d
123.57350657226407  0.9694541426913605 203.57350657226408 pid46fa
123.7515291661914  1.829403403776504 203.7515291661914 pid45ae
124.25294413811328  0.5764527426701891 204.25294413811326 pid46fc
124.72300045843092  0.7815504715402319 204.72300045843093 pid4733
124.95052731759512  1.928613986340129 204.95052731759512 pid4741
125.10374981850164  1.2427371721881544 205.10374981850163 pid46af
125.32167459673806  1.4814054711854305 205.32167459673806 pid4603
125.83570826230132  1.0860348055346938 205.83570826230132 pid46bf
125.88846225607764  1.7576033666827298 205.88846225607764 pid463b
125.89607823899861  1.6438659659044623 205.8960782389986 pid45f7
126.34859868747041  1.6922073698109334 206.34859868747043 pid4669
126.54827475662522  1.3706401393333076 206.54827475662523 pid4589
126.56544625560255  0.7091121184766188 206.56544625560255 pid460e
127.01246472034119  1.3830176757059665 207.0124647203412 pid4674
127.15824494801349  1.33860055095562 207.15824494801348 pid4660
127.9756665208103  0.9404424340145606 207.9756665208103 pid45e7
129.1465037473577  1.274591060413925 209.1465037473577 pid46cd
129.62791270569602  0.9287025809628198 209.62791270569602 pid466a
129.868789560122  1.9964940126132276 209.868789560122 pid469b
130.85709671709193  1.9262831139703813 210.85709671709193 pid4697
130.89994536054482  0.635426208906254 210.89994536054482 pid467a
131.03077403566485  0.6255526954060019 211.03077403566485 pid464f
131.06278904240398  1.7570233921980583 211.06278904240398 pid4632
131.08879818154128  0.6926354832434659 211.08879818154128 pid45de
131.29551704667395  1.7280388397827788 211.29551704667395 pid46ee
132.34212129223974  1.1103294530482255 212.34212129223974 pid4592
132.42980520278223  1.2081362277081622 212.42980520278223 pid45a5
132.44865345943867  1.661257959153343 212.44865345943867 pid46d9
132.71991528676608  1.5538769912789232 212.71991528676608 pid46a7
132.73921417429895  0.6982314158990466 212.73921417429895 pid4615
132.89422489642635  1.9026484503578736 212.89422489642635 pid466e
133.0524969572352  0.5736743667045558 213.0524969572352 pid45e8
133.16962542997035  0.5579675087067186 213.16962542997035 pid4718
133.2415962973706  1.265883944130319 213.2415962973706 pid472a
133.93338314393546  0.6111183739742281 213.93338314393546 pid45e4
134.12509242747515  1.7457050665932525 214.12509242747515 pid4619
134.2096323098892  1.7812505794289164 214.2096323098892 pid45ee
135.2505188877906  1.7353472774992538 215.2505188877906 pid46ac
135.29417055352118  0.5296790809338296 215.29417055352118 pid4628
135.77816635687535  1.0242307700886948 215.77816635687535 pid46e7
136.66842377927452  1.6957724513282275 216.66842377927452 pid458f
136.71265541526907  0.828293366543524 216.71265541526907 pid461f
137.1559807615437  1.83002727418633 217.1559807615437 pid473f
137.24939819199258  1.03977664228625 217.24939819199258 pid46b2
138.19458484328786  1.9201746050258928 218.19458484328786 pid4639
138.61904971955428  0.5820987196344813 218.61904971955428 pid4695
138.90275163048813  1.1514194436368324 218.90275163048813 pid467b
139.28416146285284  1.659719105899721 219.28416146285284 pid46d5
139.326439123551  0.6283587840896552 219.326439123551 pid471f
139.92484616155713  1.2019834034619459 219.92484616155713 pid4655
140.22452977654027  1.9571403043020488 220.22452977654027 pid460b
140.9814575842814  1.4321240866971017 220.9814575842814 pid464c
141.03275143211613  0.6253979579961132 221.03275143211613 pid461d
141.28927958963084  1.872200561314322 221.28927958963084 pid46b9
141.359302312233  1.0229064900627056 221.359302312233 pid46ca
142.1204295958964  0.6538162552206621 222.1204295958964 pid460a
142.885350301077  0.7363496318696667 222.885350301077 pid4596
142.9281614682226  1.5632191741039465 222.9281614682226 pid464a
143.4794878308759  0.7374060263162079 223.4794878308759 pid46bc
143.99918567150957  1.6716498706150615 223.99918567150957 pid4677
144.12726183834891  0.7901822604235835 224.12726183834891 pid4724
144.28457689097272  0.9400668834204138 224.28457689097272 pid4692
144.51860855962812  0.7685661792586505 224.51860855962812 pid4625
145.33388443831686  0.6298321280472812 225.33388443831686 pid4705
145.6754390912182  0.9557393349023366 225.6754390912182 pid46ae
145.86671349906723  1.1046791901958277 225.86671349906723 pid4732
146.00913471664146  0.6331352280166183 226.00913471664146 pid46f7
146.08353565045678  0.9932803856906964 226.08353565045678 pid4654
146.97321495415244  1.1814051498120262 226.97321495415244 pid46b8
147.126049909861  1.7485026679275462 227.126049909861 pid459f
147.50311795304086  1.2325863849052223 227.50311795304086 pid4700
147.76193861304165  1.219915918868292 227.76193861304165 pid45d5
147.94382245398825  1.996349788120149 227.94382245398825 pid4689
148.1109937275527  1.27704242872712 228.1109937275527 pid45c3
148.3409143113119  1.026135746688991 228.3409143113119 pid458c
148.50191019053793  1.2745199586230127 228.50191019053793 pid45ef
148.534419576047  0.6134487829318038 228.534419576047 pid4681
148.57167665068872  1.6205094359551953 228.57167665068872 pid4722
149.36333782983556  1.0363449048748719 229.36333782983556 pid458e
149.5236626210116  1.1051483659644188 229.5236626210116 pid45e9
149.91063910666955  1.4756953581773555 229.91063910666955 pid462d
