0.08916089536468164  1.0717245117371972 80.08916089536469 pid168d
3.500940882409198  1.6906186412755573 83.5009408824092 pid1614
4.9592548648713874  1.8869645047415076 84.95925486487138 pid1617
5.994582111539904  1.4023437094399989 85.9945821115399 pid1630
7.724314945981487  1.141606754049063 87.72431494598149 pid164f
8.201656533476553  1.0316203614233437 88.20165653347655 pid165b
8.388876692790642  1.4469609218098347 88.38887669279065 pid1688
9.783018604221505  1.594774554880591 89.78301860422151 pid169d
11.004260306624852  0.9390892731399452 91.00426030662486 pid163d
12.112898890928053  1.431044309071439 92.11289889092805 pid161a
12.773978707362998  1.0949096435701735 92.773978707363 pid165d
13.016190140771716  1.94819194067659 93.01619014077171 pid1676
13.618361315636479  1.421373004957636 93.61836131563648 pid1628
13.887056201213166  1.6736458024781447 93.88705620121317 pid1640
14.109912914855599  1.0742725645041924 94.1099129148556 pid1649
14.439104740612152  0.9339578361224485 94.43910474061215 pid1697
14.542700546415722  1.2632512950592896 94.54270054641572 pid1657
15.378590262229736  1.934758530008312 95.37859026222974 pid1681
15.744546785862145  1.8264454339638896 95.74454678586214 pid1677
16.108288134228754  0.9777843222651 96.10828813422876 pid1633
17.760855607853525  1.3843987479022748 97.76085560785353 pid1650
18.231350546799852  1.0313511575694707 98.23135054679986 pid1619
20.81409338754343  0.7537896057970705 100.81409338754344 pid1663
22.199858624795827  0.9202275471434094 102.19985862479582 pid1651
24.12424647118721  1.0940020526560619 104.1242464711872 pid1612
24.428616954302623  0.8466183431466403 104.42861695430263 pid164a
24.906059186852332  1.6188125122601547 104.90605918685233 pid16a1
26.23256384942902  0.7487523993455796 106.23256384942903 pid1648
28.074995620802685  1.3812434337928265 108.07499562080268 pid169c
28.54530226392163  0.7464801068808382 108.54530226392163 pid1635
28.794386242951575  0.5801799027309902 108.79438624295157 pid167b
29.859873154122408  1.1371430498442021 109.85987315412241 pid1669
30.418375910625844  1.0225894874288712 110.41837591062584 pid1645
32.177293917196465  0.586445145317126 112.17729391719647 pid1641
32.67409699422056  1.373588200172009 112.67409699422056 pid1680
33.29654710028211  1.0264082499324825 113.29654710028211 pid168b
34.23907325118627  1.5829585067155936 114.23907325118627 pid168c
34.650786167552155  1.7777647273124686 114.65078616755216 pid163b
35.13024728495136  1.0212616957952776 115.13024728495137 pid1632
36.60244399840952  1.6973099207626448 116.60244399840951 pid1667
37.068730447353786  1.5807961801594774 117.06873044735379 pid1652
37.15582013962273  0.6073794348548003 117.15582013962273 pid1637
39.69449253436563  0.9130596515938383 119.69449253436562 pid1621
41.05384956917305  0.9921893350626205 121.05384956917305 pid162b
41.152013759096626  0.5710666519237273 121.15201375909663 pid1627
42.35979559349175  0.8409925838877148 122.35979559349175 pid168e
43.668951206298736  1.8587021661671774 123.66895120629874 pid1683
43.865464070115436  1.5594517336414258 123.86546407011544 pid1675
44.607743800667535  0.5143805532865484 124.60774380066754 pid1647
44.71040754131097  1.0334866085261334 124.71040754131097 pid1615
45.88882853569578  0.8565431202347582 125.88882853569578 pid1686
46.658903767626015  1.9932140142402321 126.65890376762601 pid1661
46.747749388188716  1.9738390756229323 126.74774938818871 pid163c
47.167878167409754  0.7761333046706627 127.16787816740975 pid163f
49.99902657586934  1.0870194198918093 129.99902657586932 pid164e
50.28575035773339  1.5701087822818758 130.28575035773338 pid1646
51.101039666802464  0.9223338811072186 131.10103966680248 pid163a
51.492947910863194  1.6915597987288216 131.4929479108632 pid162e
53.67928275807055  0.5650143523711983 133.67928275807054 pid1626
56.05085730211347  0.7851880171628745 136.05085730211346 pid164d
60.0832707220395  0.7400029220929378 140.08327072203952 pid168a
60.229435268746585  0.5603738571981447 140.22943526874658 pid1664
60.829708159987305  0.9473125035333114 140.82970815998732 pid1613
61.72251292018642  1.3503137966598513 141.72251292018643 pid1631
62.0523155091004  1.9193956289144578 142.0523155091004 pid1656
62.70069298676994  0.5806755532229146 142.70069298676992 pid1659
64.46264537981132  1.2133729522759311 144.4626453798113 pid1699
65.19100952820028  1.1923625634600543 145.19100952820028 pid1634
65.85711212426448  0.899509475236328 145.85711212426446 pid167a
65.87117234173348  1.1895917953903867 145.87117234173348 pid164c
67.07889561098474  1.4133920771054491 147.07889561098474 pid16a4
67.39491017250015  1.582599498451327 147.39491017250015 pid169e
68.09190509210896  1.9477177027232422 148.09190509210896 pid161e
68.68499622755994  1.4388517110479022 148.68499622755994 pid168f
68.84714410500273  1.1586461213560193 148.8471441050027 pid1666
72.65027593547728  1.7692833603849696 152.65027593547728 pid16a3
73.34716131358829  1.206362957086927 153.3471613135883 pid1672
76.70035705771762  0.5902271474648053 156.7003570577176 pid167e
77.50855103165064  0.9153134603365802 157.50855103165065 pid1695
77.77339548813467  1.3834568613896083 157.77339548813467 pid1644
80.12465321108172  0.7613538120831397 160.12465321108172 pid165f
81.38644661130485  1.0368639962226065 161.38644661130485 pid1638
82.52849151164905  0.7718683345688286 162.52849151164907 pid164b
86.4720713894821  0.9457352665206058 166.4720713894821 pid1629
87.55304734458826  0.6301508992799488 167.55304734458826 pid1692
88.83352752111442  1.5007830979139687 168.83352752111443 pid166e
88.87521294590009  1.431537569052484 168.8752129459001 pid16a0
89.4162954255278  1.3910454336861084 169.4162954255278 pid162c
89.6749470242658  1.5170230727087268 169.6749470242658 pid1670
90.81137540945318  1.394128084683789 170.81137540945318 pid1653
93.31450823828858  1.5888327263249078 173.31450823828857 pid161d
94.04853859104279  1.9905910952436503 174.04853859104279 pid1694
96.51880471424542  0.52075073300843 176.51880471424542 pid1639
97.04269627253731  1.9101999811490644 177.0426962725373 pid1618
101.51712412046862  1.6407500513629358 181.51712412046862 pid1660
102.173457701813  0.5434900033648431 182.173457701813 pid167c
102.98522762733523  0.6203267569633428 182.98522762733523 pid16a5
102.9974924167734  1.9896497828480162 182.9974924167734 pid1620
103.68958955154169  1.6137821714261564 183.6895895515417 pid1682
106.77000578057984  1.417187626099279 186.77000578057982 pid165e
107.13576679137405  0.9078815860821663 187.13576679137407 pid1668
107.15899600101173  1.9335288668521022 187.15899600101173 pid167f
109.25685172470028  1.1931050416500424 189.25685172470028 pid169f
109.63877733763508  1.3570659721405995 189.63877733763508 pid161c
109.77747013740282  1.6279701993320188 189.77747013740282 pid1616
111.02770056189183  1.3480201056748409 191.02770056189183 pid161f
111.16609217410875  1.8049754075448643 191.16609217410877 pid1679
111.32842582709728  1.8372301458180407 191.32842582709728 pid166b
111.67090743928922  0.7205698532517759 191.67090743928924 pid16a6
112.29523672577557  0.7153498384668 192.29523672577557 pid166a
114.25766325987368  0.9124860983765092 194.25766325987368 pid1643
114.71852948903962  1.7889943245343565 194.7185294890396 pid1654
115.93611270136329  1.295376301448869 195.9361127013633 pid1693
116.20343568642653  1.4053126438585481 196.20343568642653 pid1684
116.61187784270152  1.6460503533859294 196.61187784270152 pid162f
119.42732766387464  0.9544937616808806 199.42732766387462 pid169b
119.5186615551288  0.9936118878535702 199.5186615551288 pid1658
120.87349272485002  1.5956290446462749 200.87349272485002 pid165c
121.83341337912998  0.5595957445177311 201.83341337912998 pid1691
122.05746404701094  0.6920251889930216 202.05746404701094 pid167d
122.92691967767253  1.3923152355044595 202.92691967767252 pid1698
123.80879589146812  1.7192762928055312 203.80879589146812 pid162d
125.09869828627765  1.1569527195749683 205.09869828627765 pid1622
126.05671177417587  1.458236938818759 206.05671177417588 pid1678
127.14309481001051  1.943884107406182 207.1430948100105 pid1696
127.8551884881669  1.440446566855217 207.8551884881669 pid165a
127.86284006310575  0.85541465208471 207.86284006310575 pid16a2
128.44594074765706  1.5660705635795271 208.44594074765706 pid166d
129.20741551188496  1.2333379860475744 209.20741551188496 pid1662
129.67774478465185  0.5497338289768773 209.67774478465185 pid1690
130.7824631165371  0.5679276167012054 210.7824631165371 pid161b
130.8559686270095  1.7057244533101656 210.8559686270095 pid1642
130.98618047070832  0.8767363710627611 210.98618047070832 pid166f
133.6905078087362  1.6800497868257787 213.6905078087362 pid169a
135.06214877223462  0.9864816819758415 215.06214877223462 pid1674
135.4116163211916  0.9454657003485687 215.4116163211916 pid162a
135.86665662201383  1.6648683116216385 215.86665662201383 pid16a7
136.45137782441628  1.9965510440998564 216.45137782441628 pid1687
138.31967869650455  0.6501361294810014 218.31967869650455 pid1636
139.11827893508155  1.071578337331742 219.11827893508155 pid166c
139.29730666023553  0.9435453077578816 219.29730666023553 pid1671
141.6043792001651  0.825898632785147 221.6043792001651 pid1689
143.48254946367572  0.9285657987192669 223.48254946367572 pid1623
143.52220866144398  1.1143765315258847 223.52220866144398 pid1665
143.80843472627552  1.1928559712634335 223.80843472627552 pid1673
143.957790823831  0.7955109601684619 223.957790823831 pid1655
144.85357578657207  1.701625956643753 224.85357578657207 pid1625
147.14360063424067  0.6651789261952052 227.14360063424067 pid1624
147.1580393795783  0.8646945028639844 227.1580393795783 pid1685
148.8731357206348  1.2649124375970249 228.8731357206348 pid163e
