0.7693119675679205  1.281360742440809 3.3320334524495387 pid499
0.9893909099528808  0.5192202502575062 2.0278314104678934 pid48f
8.593491742628412  2.0039991353393463 12.601490013307105 pid4a1
11.70853584120769  0.9039605980568015 13.516457037321292 pid4a4
14.222878646148086  0.7337619029542379 15.690402452056562 pid48c
15.391413186827819  1.26264218495949 17.916697556746797 pid496
16.186164902116428  1.436071404122416 19.05830771036126 pid49b
19.70508868063865  1.7690238918356824 23.243136464310012 pid482
20.594494703317036  0.9962801364060366 22.58705497612911 pid486
21.00579022192266  1.3419310137540736 23.689652249430807 pid4a5
21.16216155512799  1.2728257111026475 23.707812977333287 pid4a8
21.54109273001338  0.6771672945316666 22.895427319076713 pid492
24.454734006204227  2.519219693829779 29.493173393863785 pid480
24.682972392542013  0.7852279861531728 26.253428364848357 pid49e
27.710750821686258  2.8334511191227643 33.37765305993179 pid49f
28.40231131578247  2.6425229417052103 33.68735719919289 pid47f
28.422535400844097  1.0435107372825099 30.509556875409118 pid49d
29.77202339647309  1.2839148743610345 32.339853145195164 pid494
30.144810985923687  1.148526482549788 32.441863951023265 pid4ab
31.071214394332436  0.8281073575462329 32.727429109424904 pid487
31.573260266991976  1.5515966563814052 34.676453579754785 pid4a3
36.212151675375935  2.2665986642346785 40.74534900384529 pid4a6
37.63151710314917  0.45344995503505275 38.538417013219274 pid4a7
38.20979615136941  0.5003128038840261 39.21042175913746 pid493
39.635778301697734  2.6392932544845586 44.914364810666854 pid48a
41.92115464863987  1.0404533156502551 44.00206127994038 pid484
49.11191560750373  2.928874491179451 54.96966458986263 pid48d
51.22991413144029  1.5384860407458936 54.30688621293208 pid4ae
52.44304026563449  2.253750964423641 56.95054219448177 pid481
59.779082050989196  0.6136435041302319 61.00636905924966 pid488
63.78706759307362  0.6947549529026655 65.17657749887896 pid495
67.12631583258758  1.8000624689086004 70.72644077040478 pid4ad
68.99399699601186  1.802585691849691 72.59916837971124 pid490
71.67227288795611  2.521578012229366 76.71542891241484 pid483
72.11555950423218  2.948724794799731 78.01300909383164 pid49a
72.8052170873624  1.5138798816154573 75.83297685059331 pid498
75.55831426067417  1.6796179256030634 78.91755011188029 pid4a0
77.49102570044734  0.7460961047329797 78.9832179099133 pid491
85.62801996783183  1.8443358471647051 89.31669166216125 pid4a2
86.79636427035511  1.2417924559347375 89.27994918222458 pid47e
88.84632158581259  1.4753715830548342 91.79706475192226 pid4a9
89.03598285098514  0.4419894132846861 89.91996167755451 pid4af
89.73368963092693  0.6983704916126274 91.13043061415219 pid49c
90.94835997985406  1.154813321182484 93.25798662221902 pid48e
91.53229690707873  1.5910978900766803 94.7144926872321 pid497
92.17995150627475  0.706266578646934 93.59248466356861 pid485
94.47594085511501  0.8791147652082829 96.23417038553158 pid48b
96.61478184680593  2.9860317649558477 102.58684537671762 pid489
97.57029476198606  2.208956956853077 101.98820867569222 pid4ac
97.98962417436566  0.8499081911948152 99.68944055675529 pid4aa
