3.825955829791816  1.0339031008186508 5.893762031429118 pid581
7.343576796640583  2.195730164878235 11.735037126397053 pid596
10.445375791428802  2.6145128212551985 15.674401433939199 pid57b
10.756395168423595  1.0086989108805162 12.773792990184628 pid5a3
12.571829888912568  2.171890182788605 16.915610254489778 pid5a7
13.219362427131731  0.5772753330062796 14.37391309314429 pid584
14.214608804937024  1.2256066991316297 16.665822203200282 pid57e
16.304719297294533  0.5165612498991905 17.337841797092914 pid58a
17.54455591933164  1.9226129151899678 21.389781749711574 pid58c
17.56394095489603  1.2041086204891058 19.97215819587424 pid5a6
17.969932787588448  0.42102810168067417 18.811988990949796 pid59e
19.710354132510677  1.1971395845581827 22.104633301627043 pid5a0
22.785149413437633  2.73231592110097 28.249781255639572 pid597
22.801820764806823  2.5404321155112015 27.882684995829226 pid585
26.56396656555061  0.4798090720279351 27.52358470960648 pid582
26.702131235518078  1.2573873924636483 29.216906020445375 pid5a5
31.233361813044922  2.4893396791536784 36.21204117135228 pid598
32.0298524962081  2.991681797206134 38.01321609062037 pid57d
32.1645276229687  1.6579940944081728 35.48051581178505 pid5a8
32.527490755368525  2.597004577729884 37.72149991082829 pid586
35.09144543935857  2.504111104518803 40.09966764839618 pid59b
36.48578396477744  1.4685446633835242 39.42287329154449 pid588
37.763241297215046  1.3663875970180719 40.49601649125119 pid579
41.71124676253671  2.211737890897911 46.13472254433253 pid590
42.30103246737921  1.9755598813389907 46.25215223005719 pid599
49.91671599160314  2.4252329096754806 54.7671818109541 pid57c
51.366896619094796  0.9832330077007543 53.333362634496304 pid58e
54.63640593065857  1.1181604354833121 56.87272680162519 pid587
55.72631121665358  0.9594993233716702 57.64530986339692 pid592
57.0054301582377  1.775617711403061 60.55666558104382 pid595
59.125962632900944  2.6652064722331477 64.45637557736724 pid59a
59.68754312782711  2.1354054818295967 63.95835409148631 pid5a9
66.0522436291659  2.8742907382293956 71.8008251056247 pid58b
67.29570064777079  0.4586054691810172 68.21291158613282 pid58d
77.30098567525017  1.8819400968387652 81.06486586892771 pid5a2
79.70793078654013  2.59285969599835 84.89365017853683 pid57f
80.92883031375732  2.2957261953553534 85.52028270446803 pid5a4
84.80381787226868  1.8965679192783562 88.59695371082539 pid5a1
84.80502585813157  1.847039891538846 88.49910564120927 pid59d
86.3912580786036  0.4478705114964012 87.28699910159641 pid59c
86.65711633598507  0.9830411652435742 88.62319866647222 pid591
87.93023224749632  1.1169897238998077 90.16421169529593 pid594
88.4300867827939  2.2062382091775925 92.84256320114908 pid59f
89.7786423049345  2.133381625958977 94.04540555685244 pid58f
90.96706445811816  1.1888685386489393 93.34480153541604 pid57a
92.83936415946408  0.6293611325100981 94.09808642448428 pid580
96.04578307365583  1.1235747378401342 98.2929325493361 pid583
96.70218738760376  1.3931159243832516 99.48841923637026 pid589
97.8996610732043  2.3432846320265224 102.58623033725735 pid578
99.06112484418568  0.9485246938756684 100.95817423193702 pid593
