0.6595062530738627  4.637701918677478 9.934910090428819 pid33b9
1.6545210347617  3.3307020059850196 8.315925046731738 pid327c
1.8898799673799682  2.382481240777523 6.654842448935014 pid3381
1.9724020650710061  2.7626138552587336 7.497629775588473 pid32f3
2.1005760746937563  4.987096967900934 12.074770010495623 pid33db
3.147032915268344  1.3840365183222563 5.915105951912857 pid3350
3.3818767867059263  3.8478215389711647 11.077519864648256 pid328c
3.907869201162162  4.105984429208645 12.119838059579452 pid3279
3.9525229711115673  2.9571775239600675 9.866878019031702 pid33c2
4.34867255766205  1.0130869385693826 6.374846434800816 pid3357
4.868518325048619  3.115523601998955 11.09956552904653 pid32c0
5.684192906212711  2.3163312133422194 10.316855332897148 pid3317
6.336517884915054  2.5314025216900347 11.399322928295124 pid33ea
6.746429812500761  4.295987505656958 15.338404823814678 pid324b
6.92204603354422  2.2149691524963275 11.351984338536875 pid332c
7.413557433664211  1.526005357356988 10.465568148378187 pid32fd
7.629583317154038  4.530604670756729 16.690792658667498 pid32ef
7.80165076528041  4.653369915155147 17.108390595590706 pid330c
7.85368032849081  1.403029946353013 10.659740221196836 pid330d
8.462401756542695  4.610131368742522 17.68266449402774 pid3360
8.573970063923976  3.8835670295478093 16.341104123019594 pid32ae
10.24389786099521  2.9012021262801673 16.046302113555544 pid3352
10.939108700138892  3.1793826473839877 17.297873994906865 pid336b
11.049439882051766  2.6768343397212093 16.403108561494186 pid32e9
11.130651644121736  2.510361351235513 16.15137434659276 pid3338
12.838479004486947  4.795058044167938 22.428595092822825 pid32f7
13.083043224026396  2.48675249168624 18.056548207398876 pid3265
13.613736877704188  1.8156030346016925 17.24494294690757 pid33d3
14.000243985988003  1.2197578490488135 16.43975968408563 pid332e
14.495501115107206  4.509391026933885 23.514283168974977 pid323d
14.55699788474721  3.3348081749151075 21.226614234577426 pid3234
15.831543048879599  3.249319683933117 22.330182416745835 pid3347
15.865661237520897  1.9211368252306964 19.70793488798229 pid326a
15.934409103614296  4.415541544633847 24.76549219288199 pid336e
16.14207381859579  4.895883314547916 25.933840447691622 pid33df
16.426239460763295  4.280889146074774 24.988017752912842 pid3358
16.889073875655765  4.992541862029153 26.87415759971407 pid326e
17.195856994124483  1.6069065498168165 20.409670093758116 pid33b8
17.260865275625175  3.222319465087036 23.705504205799247 pid32d5
17.352571515551872  2.6392089351086816 22.630989385769237 pid3373
17.53931424123199  4.269790919777083 26.078896080786155 pid3332
17.7180545769543  2.9469016757782116 23.611857928510723 pid3272
17.988762687262604  3.2859181513318285 24.560598989926262 pid326b
18.003295044877806  2.919252978777455 23.841801002432717 pid32ec
18.483558291821677  1.0854881779658303 20.654534647753337 pid32f4
18.708833423422274  3.767533111113322 26.243899645648916 pid3288
19.14116990534537  1.991611614127482 23.124393133600336 pid33a8
19.762336285348276  4.709454367568367 29.181245020485008 pid33b1
20.199349877013915  2.4349765434138817 25.06930296384168 pid32d0
21.018567969312446  1.4636936250095975 23.94595521933164 pid335a
21.179219056531814  4.639208118103818 30.45763529273945 pid323c
22.643510667961277  4.739419773337918 32.12235021463711 pid335f
22.64506126279311  2.6959548298002285 28.036970922393568 pid32bd
23.254933062663035  3.765880244257627 30.78669355117829 pid3290
23.351864737384577  1.621127669097865 26.594120075580307 pid3380
24.0390520233  4.55999928372878 33.15905059075756 pid3261
24.21109190804423  3.519705558112418 31.25050302426907 pid32da
25.393971490799554  3.037521229198277 31.46901394919611 pid3235
25.724694529816855  2.6362867759697637 30.99726808175638 pid33c1
27.284224381686098  3.7117144294055504 34.7076532404972 pid32ed
27.33505841972346  2.4652514777078336 32.26556137513913 pid336d
27.416093324315007  1.299766591303447 30.0156265069219 pid32db
27.797247340522873  2.691540257767529 33.18032785605793 pid3367
28.05991786666618  4.448422430415431 36.95676272749704 pid329e
28.208543659231978  1.7224071188686616 31.6533578969693 pid325f
28.62619202887229  4.869498602459869 38.36518923379202 pid3256
28.658016477767905  3.5205685177977686 35.69915351336344 pid32af
28.965331774758774  2.1636109896861773 33.29255375413113 pid337b
29.057486979015543  2.903341273930036 34.864169526875614 pid331a
29.13643376596999  1.1652186749957618 31.466871115961514 pid3266
29.59361249852908  2.96407002933005 35.52175255718918 pid32e2
30.050313889486823  4.539888819991154 39.13009152946913 pid327a
30.323323605230645  3.965997621303594 38.255318847837835 pid32d8
30.631985206656466  1.2929675921130102 33.21792039088248 pid332f
30.638067806059844  2.0972222199814663 34.83251224602277 pid3333
32.97827707352852  4.190738768805999 41.35975461114052 pid32f6
33.41621766606658  4.537645820135838 42.49150930633826 pid3232
33.617164012823274  4.624125017788426 42.865414048400126 pid32c1
33.689246754399214  4.252601717250441 42.19445018890009 pid33cd
33.83125063618524  1.1535197745866985 36.138290185358635 pid333a
34.78785486858058  1.9111760292397002 38.610206927059984 pid3395
34.97224641079422  1.4882377418856447 37.94872189456551 pid33a6
35.114450072411266  4.357779123187583 43.83000831878643 pid3379
35.39325221233437  4.488542040092594 44.37033629251955 pid32c2
35.41756973169713  3.6577301139613763 42.733029959619884 pid3327
35.6440592393328  4.650367914825444 44.94479506898369 pid326d
35.690489136712834  1.6217119594364466 38.93391305558573 pid33a7
35.9396464487997  2.7043963583720845 41.348439165543866 pid33d6
36.103077181700556  2.9352387438319343 41.973554669364425 pid3315
37.31822063812896  4.403580307393913 46.12538125291679 pid3310
37.62395103039365  4.52391378543658 46.67177860126681 pid32f1
37.823516237647716  1.8504749660956508 41.524466169839016 pid32b9
38.638844603988154  3.89459180767465 46.428028219337456 pid33ef
38.74290034734977  3.2222957757579476 45.18749189886566 pid3331
38.89645920817045  1.130334351938476 41.1571279120474 pid32a3
40.274943462555854  2.4859191292387766 45.24678172103341 pid32c7
41.183371732700174  4.252107460905559 49.68758665451129 pid3345
42.81200791487036  3.988501273840407 50.78901046255117 pid3294
43.21888291081935  1.0271574772018988 45.27319786522315 pid334f
43.26032115967071  4.796514955638099 52.85335107094691 pid33bf
43.26620757593723  1.8643482326655696 46.99490404126837 pid3370
43.26965672136848  3.590067971127416 50.44979266362331 pid3355
43.37760291746661  2.4043129769859615 48.18622887143853 pid3269
43.66741811790548  2.5082766346564673 48.68397138721841 pid3236
45.14226672890496  3.1116817777334713 51.3656302843719 pid330a
46.8712517152876  4.669633766485621 56.21051924825884 pid334b
46.96143117311814  2.8508972037710034 52.66322558066015 pid3252
47.81020794648809  1.3100398022688933 50.43028755102588 pid33cc
48.104371866062394  1.5097473477526848 51.123866561567766 pid33af
48.2500205784863  2.4803663450305784 53.21075326854746 pid32b2
48.35733108075294  1.6272702716081784 51.6118716239693 pid33dd
48.434471419932805  4.045348989271399 56.525169398475605 pid32d4
48.83870379051777  1.2957751835298086 51.43025415757739 pid33ed
49.11716367500218  4.05069695040947 57.21855757582112 pid32a8
49.762812215109854  4.342366205204864 58.44754462551958 pid333e
49.87215027898654  4.245794505989049 58.36373929096464 pid3374
49.97552853493526  3.7170232117580557 57.40957495845137 pid3318
50.2368923730054  2.3322196977139678 54.90133176843333 pid33b2
50.78985592639511  1.929363641300807 54.648583208996726 pid33d1
50.93468157847137  2.31843648218743 55.57155454284623 pid324a
51.06687756314416  3.1480126499223537 57.36290286298887 pid330b
51.29695079234024  2.418285285999737 56.133521364339714 pid33d7
51.77107188868564  4.350150267027949 60.47137242274154 pid32a0
51.872775435774265  2.4122992263011125 56.69737388837649 pid32fc
51.95076150558757  1.6145729080810591 55.17990732174969 pid32e3
52.45386516969363  1.2891529836055766 55.03217113690478 pid3340
52.577337196776  3.992037433259992 60.56141206329598 pid33c5
53.36827318291779  4.938920022479227 63.24611322787624 pid33e1
53.60420530289623  3.050800325937055 59.70580595477034 pid3282
53.712323432858014  3.3019377180567244 60.31619886897146 pid33c6
53.7987402966834  2.526605670254042 58.85195163719148 pid3309
53.89934919900146  1.700155088706261 57.299659376413985 pid335d
54.2931865131471  3.4982655854012865 61.289717683949675 pid3245
54.58238330951655  3.6383102970492542 61.85900390361506 pid32df
55.07819624444093  4.274164720845809 63.62652568613255 pid337d
55.203849550096145  4.411790399508787 64.02743034911371 pid32dd
55.41578821116027  1.9500948014791875 59.31597781411865 pid3342
56.13332925121337  3.0910551997962505 62.31543965080587 pid333d
56.39212568526622  1.4537280436636144 59.29958177259345 pid333f
57.87267267507258  4.291386424099064 66.45544552327071 pid32a7
58.17737218837787  1.3962283761226355 60.969828940623145 pid33b0
58.783571545239546  1.4758259863314178 61.735223517902384 pid3271
59.07941535459409  1.665678380202623 62.41077211499933 pid336c
59.24596128984744  2.5027486658179696 64.25145862148338 pid335b
59.885357389587554  1.9960100198938604 63.87737742937527 pid33a4
60.16084404855582  3.6800201501504364 67.5208843488567 pid3240
60.188826244728574  4.098044089963366 68.3849144246553 pid32cc
60.58174732434962  2.662342413157499 65.90643215066461 pid32ea
60.66534474922573  3.7879679381550333 68.2412806255358 pid332d
61.21714447056064  1.8280354965537375 64.87321546366812 pid3397
62.08025444436184  2.697692459728385 67.47563936381862 pid325d
63.091635586999466  1.8785645732484544 66.84876473349638 pid3251
64.22673667798124  2.4226985421092406 69.07213376219971 pid3233
64.51555619917478  4.243888513746418 73.00333322666762 pid3376
65.26558310131458  2.9457043229864044 71.15699174728738 pid338c
65.73827126864514  1.959317092528695 69.65690545370252 pid3259
66.53653509319122  2.2529322550622615 71.04239960331574 pid3308
66.63026429445038  1.5767429158270825 69.78375012610455 pid3351
66.70281343272373  1.3300946313189224 69.36300269536157 pid325e
66.77890202740387  2.2271413721673157 71.23318477173851 pid338d
66.81667784222624  4.266670292455235 75.35001842713672 pid32e8
67.15739527895012  2.417707523312954 71.99281032557603 pid323a
67.24896250227711  3.9900294005842563 75.22902130344562 pid32bc
67.35683454230436  2.8859057093065346 73.12864596091742 pid3263
69.03438095066467  2.23979632229102 73.51397359524671 pid33b4
69.07701876791461  1.8340705221310762 72.74515981217677 pid3270
69.41904277789946  4.35789005616962 78.13482289023871 pid32fe
70.31277099257579  3.5316024452610106 77.37597588309781 pid3250
72.39195896333241  4.733422070290937 81.85880310391428 pid32b8
72.71966242621598  2.44400579046894 77.60767400715386 pid3285
72.91863904380496  4.491639888005274 81.9019188198155 pid32de
73.02547281252095  4.758953270919081 82.5433793543591 pid3299
73.17128362099453  3.4278392409369465 80.02696210286842 pid3267
73.53484301433015  1.6323258338035531 76.79949468193726 pid3372
74.03653649902759  3.7161019704600706 81.46874043994774 pid3348
75.08370346522916  1.4542383518899036 77.99218016900898 pid3306
75.76688337979805  3.412415836806718 82.59171505341148 pid32c3
76.20083648941066  1.2854698651013314 78.77177621961333 pid3262
76.46143580994446  4.951496998421003 86.36442980678646 pid3268
76.61233766876234  4.7588503606563535 86.13003839007504 pid3353
76.69640198769393  2.325935319700104 81.34827262709413 pid32f0
77.38907551770039  3.5203918651134805 84.42985924792735 pid3260
77.52432991941338  1.2684694153782314 80.06126875016984 pid32ad
77.60829178293311  2.7094163196448915 83.0271244222229 pid32a1
77.7514370047537  4.823983767518577 87.39940453979085 pid33d4
77.7830415664208  2.173203638898524 82.12944884421785 pid3312
77.80994092310259  1.304859489737284 80.41965990257715 pid328e
78.46562911231157  1.0374394843499637 80.5405080810115 pid33e0
78.48248986572979  3.678260104953936 85.83901007563766 pid3298
78.49290017263408  3.09468615645997 84.68227248555402 pid33dc
78.77928821909764  4.10426235765356 86.98781293440476 pid33c7
78.91436986300616  2.4251069983582685 83.76458385972269 pid32f9
79.23518584038464  3.9947922941331826 87.22477042865101 pid334a
79.98510846486792  3.455623787997747 86.89635604086341 pid3346
79.98815264691562  1.983631458495926 83.95541556390748 pid33d8
80.27117761315739  4.654486347645864 89.58015030844912 pid32b1
80.91903234571787  3.8698718797794527 88.65877610527677 pid33c4
81.0805050499061  1.3566670514345995 83.79383915277529 pid329a
81.61357910420583  2.5687933518642927 86.75116580793441 pid337f
81.65947123875597  4.3385383333784375 90.33654790551284 pid3246
81.95101489342706  1.9527506730047635 85.85651623943659 pid3281
82.0619911485876  4.010535844164618 90.08306283691684 pid326f
82.62989576052932  3.018879555383226 88.66765487129578 pid323f
83.03035026247986  3.8869087467098895 90.80416775589964 pid3264
83.41306540135214  3.134159657474704 89.68138471630155 pid32b5
83.67857100457168  2.175350526848713 88.0292720582691 pid3280
83.82125619235354  4.049344479277669 91.91994515090889 pid33b3
85.1791224281694  4.588451916315215 94.35602626079984 pid3313
85.45101123672592  2.5097696917566523 90.47055062023922 pid32b3
85.72569534451122  3.8512978786391887 93.4282911017896 pid33e5
85.76168254604215  4.549381766106038 94.86044607825423 pid3247
87.55023941380023  3.5235554221605954 94.59735025812142 pid33f3
87.56399423564868  3.597713623659731 94.75942148296814 pid32f5
88.32216789311943  3.0850441623719114 94.49225621786326 pid33ac
88.63162096134118  4.8168089563110605 98.26523887396331 pid3382
88.91784314160833  4.037919051306204 96.99368124422074 pid32c4
89.08266027126409  1.4796715025977791 92.04200327645965 pid3238
89.24919569445046  1.9057635899488274 93.06072287434812 pid331f
89.6743168873172  3.657260160045872 96.98883720740895 pid3361
90.36094507623702  1.1498435364149184 92.66063214906686 pid3283
90.97664057752618  2.9243316505876313 96.82530387870145 pid32fa
91.04563498124925  3.4512243081956817 97.94808359764062 pid33a0
91.23174439656302  2.900532464976109 97.03280932651523 pid3399
91.33118412202676  4.5701266133947644 100.47143734881628 pid327b
91.75998544478325  4.122660799916322 100.0053070446159 pid3276
91.91934288083677  4.053056904516833 100.02545668987042 pid3343
92.39035932516893  4.006413013849324 100.40318535286758 pid32ce
92.51259563579778  1.5605141617004121 95.6336239591986 pid33c9
92.56445745493971  1.7986487126492965 96.1617548802383 pid330f
93.72298329411304  1.5184545416267738 96.75989237736658 pid33c3
94.35136503101522  3.204266251123482 100.75989753326219 pid32cb
94.58306337262222  4.440066114892903 103.46319560240802 pid332b
94.69666483740977  1.4180639285098051 97.53279269442938 pid331e
94.69910840354892  1.0885201355840723 96.87614867471706 pid32a2
95.77918271568643  2.0553936477166825 99.8899700111198 pid3284
95.88467441630127  4.425587244510849 104.73584890532297 pid3339
95.89719634581608  3.9309782112973575 103.7591527684108 pid334c
95.97652768581554  4.92932005912521 105.83516780406596 pid33f0
96.37275646185022  2.3670800033236703 101.10691646849756 pid339e
96.52249783531498  4.4393990610321765 105.40129595737933 pid33b5
96.56420595563934  2.763759464991957 102.09172488562325 pid33e6
96.58586428459375  3.6667377943876454 103.91933987336904 pid3291
97.22669014402597  4.513737951785465 106.2541660475969 pid3303
97.54409471996262  2.465021576234817 102.47413787243225 pid3337
98.00059152912624  2.288079420878724 102.57675037088369 pid3304
98.23400788643352  3.197652682595131 104.62931325162378 pid3329
98.48267919828055  4.909918439634196 108.30251607754894 pid329b
98.62964115929235  4.106725211270032 106.84309158183241 pid333b
99.29320868640067  2.6907253907016475 104.67465946780396 pid32ab
100.06101409723354  4.526427216080888 109.11386852939532 pid326c
100.52466444446321  2.0632270316260035 104.65111850771522 pid3328
100.70720536453192  1.0770404630166293 102.86128629056518 pid32e7
102.5496709488545  2.8424240593742716 108.23451906760305 pid3365
102.62479760763057  4.376952302940429 111.37870221351143 pid33a2
103.65248637943434  1.348023562961 106.34853350535633 pid32cd
103.81938279314605  4.481204801012115 112.78179239517027 pid324f
103.8712947909423  1.3451366135442289 106.56156801803075 pid336f
104.64146746021237  4.448746301952065 113.5389600641165 pid3326
104.69765931908077  1.7710238110183814 108.23970694111753 pid32bf
105.12424266596314  3.545788842590641 112.21582035114442 pid32e5
105.71423341886353  1.5134000336555267 108.74103348617459 pid339b
106.01417756401523  3.557185897212719 113.12854935844067 pid32d9
106.16584713022911  3.57496391582229 113.31577496187369 pid334e
106.76387275714411  2.1589522347548016 111.08177722665371 pid33ee
106.84407810413556  1.5940574653688846 110.03219303487333 pid3377
107.51906406052305  2.6800360566811894 112.87913617388543 pid334d
107.9497009252806  1.095869497244657 110.14143991976991 pid329f
108.02713332464425  3.8530688263729234 115.7332709773901 pid32dc
108.03939747506482  1.1410029941001176 110.32140346326506 pid328b
108.7191934936429  2.5488289216581927 113.81685133695929 pid32fb
109.72037454362241  3.4466958393770915 116.6137662223766 pid33b7
109.94808667384999  4.8911636144213535 119.73041390269269 pid32bb
110.32916109598122  4.851914805292795 120.0329907065668 pid3258
111.3101973890329  1.4713448177607376 114.25288702455437 pid330e
111.60224033611156  1.6941284570726718 114.99049725025691 pid335c
111.84398502928889  4.638755039983884 121.12149510925666 pid3275
112.97115707264943  2.446855257400966 117.86486758745137 pid3364
113.10124328882385  4.95971851342928 123.02068031568241 pid32ba
113.21990126172867  2.266640534611714 117.7531823309521 pid32e1
113.30973230902292  4.365521797743485 122.04077590450989 pid32c5
113.32011540316776  3.7927623330889304 120.90564006934562 pid329c
113.54995430460849  4.908667514299869 123.36728933320823 pid335e
113.56740281186502  4.66011035583925 122.88762352354352 pid32a9
114.47979251918638  3.8779994059003466 122.23579133098707 pid327d
114.92569930849065  4.694800143115173 124.315299594721 pid3325
115.70825376546188  3.667956453013358 123.0441666714886 pid33ae
116.23807581696391  1.7695889423628404 119.77725370168959 pid3320
116.85097031507962  2.483579085981421 121.81812848704246 pid33ab
116.99145633267725  1.4986183041305532 119.98869294093835 pid33a3
117.0810386185381  1.9344466048431963 120.94993182822449 pid32ca
117.26714549102265  3.865816389456995 124.99877826993664 pid32d7
117.44779997094307  4.201001851747526 125.84980367443812 pid33d9
117.81536813018015  3.977717701249001 125.77080353267814 pid331d
118.22707010614197  2.7050536831419127 123.63717747242579 pid3394
118.3788034561323  4.66169755636459 127.70219856886149 pid32e6
118.45868280776081  2.8036497259430297 124.06598225964687 pid331b
118.63576920171619  2.532746175627804 123.7012615529718 pid3324
118.93566415765659  4.3553929721658555 127.64645010198831 pid32d1
119.36311076043971  4.831660921065974 129.02643260257165 pid3354
119.5896810087587  2.562522595822957 124.71472620040461 pid32ac
119.75512172598552  3.9307624365044442 127.61664659899441 pid325a
120.7740077994457  1.567677124080717 123.90936204760713 pid3386
120.84021044798362  2.563865269413342 125.9679409868103 pid32c9
120.9272901210004  2.594981811113936 126.11725374322828 pid33c0
121.20307635921306  1.480104789119339 124.16328593745173 pid332a
121.65968201761333  1.3443758176836607 124.34843365298066 pid327e
122.07074026790391  1.4946438688552597 125.06002800561444 pid3319
122.7213514723711  2.679596773119931 128.08054501861096 pid3344
123.33948323210501  1.6565176672208386 126.65251856654669 pid3249
123.60516394137782  2.634895530739605 128.87495500285704 pid32aa
123.9607562038698  1.9853567519729602 127.93146970781572 pid3314
124.226075997989  2.9826219999563452 130.1913199979017 pid32c8
124.41586985095732  3.7143822353847717 131.84463432172686 pid337c
124.5711469122162  2.7005064936669445 129.9721598995501 pid3362
124.82676986793825  4.077703933896711 132.98217773573168 pid3396
124.98567928483077  3.8574254588048444 132.70053020244046 pid3388
125.29545558954811  2.789340773340215 130.87413713622854 pid33e8
125.85929106714296  3.626494884813891 133.11228083677074 pid32a4
126.69250296949576  3.042241024211187 132.77698501791815 pid339d
127.30809539658279  1.8397303882653704 130.98755617311352 pid337a
127.50395909837327  4.56443730401712 136.63283370640752 pid3244
127.50684652810338  1.5098533705870145 130.5265532692774 pid33c8
128.11736429126287  1.6207300464174788 131.35882438409783 pid32d3
128.20194352800706  1.6213120565646797 131.44456764113642 pid32ee
128.45304710239398  4.845583200393504 138.144213503181 pid3387
128.46139099849  2.052922894519368 132.56723678752874 pid3274
129.04615576681326  4.274637562843991 137.59543089250124 pid32c6
129.61033594621395  4.884386355941576 139.3791086580971 pid33ec
129.99703148730518  1.128902278848333 132.25483604500184 pid32d2
130.20719184193322  1.8758897044336966 133.95897125080063 pid3369
130.29198180643414  4.915235464642361 140.12245273571887 pid338e
130.36511117484616  1.0374663373098332 132.44004384946584 pid336a
130.73440103545596  1.8893338488900722 134.5130687332361 pid3254
130.76676740298225  4.71501057911633 140.1967885612149 pid3292
130.79832025781897  2.1702903404813565 135.1389009387817 pid3323
130.9197525972701  1.107361187507741 133.13447497228557 pid3301
130.98150438876735  2.629538563435765 136.24058151563887 pid339a
131.5126558824368  4.373639141508653 140.2599341654541 pid3278
131.75386394313207  1.6993906054362689 135.1526451540046 pid329d
132.2299991616112  2.6716432983253933 137.573285758262 pid3237
132.3237070666511  4.588081083597512 141.49986923384614 pid325b
132.53848725273608  2.6480676098320237 137.83462247240013 pid33ba
132.7480303766065  2.0485026149851353 136.84503560657677 pid3296
133.7505971499974  2.5016772603864688 138.75395167077033 pid338b
134.06729243643596  2.6929021333257053 139.45309670308737 pid3336
134.14878975334508  4.2323429418213845 142.61347563698786 pid32f2
134.71098974161973  4.627073655291339 143.9651370522024 pid328d
135.54947866996653  3.990276421270279 143.5300315125071 pid333c
136.79759419165126  2.91958685108355 142.63676789381836 pid33de
137.1415705078004  3.387097278468799 143.915765064738 pid3295
137.74392270665243  2.455724287989558 142.65537128263153 pid339c
137.82459435122763  4.164775943311826 146.15414623785128 pid3383
138.10549463081202  1.7980730170441284 141.70164066490028 pid33e4
138.19174436251666  3.574746525950495 145.34123741441766 pid3297
138.2402379735985  4.199399999678882 146.63903797295626 pid32b0
138.67874153802586  3.5181856767848605 145.7151128915956 pid3341
138.76155859967554  4.812781120714821 148.38712084110517 pid33ce
140.75763034063164  2.376831120284231 145.5112925812001 pid3305
140.8923337560023  3.3963288984144135 147.68499155283112 pid3253
141.06908155278907  2.251833304208588 145.57274816120625 pid3368
142.12502250429125  4.424189244602545 150.97340099349634 pid3366
142.40871964186394  1.3987042221169452 145.20612808609783 pid323e
143.1059589650938  3.642320255730705 150.39059947655522 pid3321
143.52588123177472  2.3548036295152106 148.23548849080515 pid3398
143.90041515360122  2.9245733628068042 149.74956187921484 pid33b6
143.95555374250628  3.200906749792367 150.35736724209102 pid3242
144.08710253724738  4.850594451765467 153.78829144077832 pid3286
144.7504913811242  4.512393258742834 153.77527789860986 pid324d
145.50861660482326  3.542421095729845 152.59345879628296 pid33a1
146.2372901636729  1.6221122767727167 149.48151471721832 pid3359
146.48697730760875  3.338841517902208 153.16466034341317 pid3392
146.53643002350273  1.7000084757447897 149.93644697499232 pid3277
146.70483509595124  4.297976040298776 155.3007871765488 pid3371
146.7559162273904  3.1379374764051557 153.0317911802007 pid33eb
146.89810912147627  2.6103477971932767 152.1188047158628 pid33e3
146.99989661910712  3.2693898274873963 153.53867627408192 pid338a
147.2611214398451  1.9229931324433163 151.10710770473173 pid331c
147.31295174553912  3.353401189646939 154.019754124833 pid33bb
147.95415768270098  2.8776395119743174 153.70943670664963 pid3311
148.18534693392505  4.763551476567933 157.71244988706093 pid3335
148.50404771122706  3.4782625350208587 155.46057278126878 pid33be
148.5445942673603  4.869865865513462 158.28432599838723 pid3289
148.73526203906042  3.3544005073916385 155.4440630538437 pid33f2
149.37307371423375  2.961449759406726 155.29597323304722 pid3389
149.4477626629791  4.118550675154204 157.6848640132875 pid33bd
149.8314374810247  2.976599063172255 155.7846356073692 pid3302
150.82821746122426  4.423262214155791 159.67474188953582 pid32d6
151.27711649560024  3.387667978674834 158.05245245294992 pid3241
151.83788979668864  4.521004255697516 160.87989830808368 pid327f
152.24262350028906  4.868697153128789 161.98001780654664 pid33e9
152.31926513062476  2.250898568312241 156.82106226724923 pid3334
152.56951067498588  2.0255155918141794 156.62054185861425 pid3255
153.11069088939007  2.2830884223237518 157.6768677340376 pid33d5
153.721964046203  4.5251178945171295 162.77219983523725 pid3393
154.086134319411  2.6775989205326076 159.4413321604762 pid32b4
154.6029937399884  3.141482149148705 160.8859580382858 pid3257
154.73084924852697  3.275025635567888 161.28090051966274 pid33a9
154.9370611929595  1.2783140248384637 157.49368924263644 pid3300
155.00948998096845  1.265625391525301 157.54074076401906 pid339f
155.3217441395076  3.302308030813919 161.92636020113542 pid33da
155.97506185074758  3.6805617987759645 163.33618544829952 pid32cf
156.56476672410895  4.093742383488604 164.75225149108616 pid33ca
156.89278025114356  1.4681683829865566 159.8291170171167 pid33d0
157.02000127128966  4.277995522064886 165.57599231541943 pid328f
157.25806307429767  4.032681635813774 165.3234263459252 pid32e0
158.58453582236172  3.936346652620999 166.4572291276037 pid3390
158.8124009930108  4.791138158943085 168.39467731089698 pid32a5
158.8172573333722  4.0831795112964695 166.98361635596513 pid324c
159.92289855555995  4.997649071979845 169.91819669951965 pid3293
160.18414965507708  1.0572719071432632 162.2986934693636 pid323b
160.75289486012093  1.0026123144352144 162.75811948899135 pid3287
160.79605294118403  1.1047929404295962 163.0056388220432 pid32b7
161.48027643758385  4.131774865907962 169.74382616939977 pid32be
162.132747365063  4.425680831386209 170.98410902783542 pid3385
163.1286735637484  2.206124961174946 167.5409234860983 pid3391
163.45208828076508  1.7563668600448574 166.9648220008548 pid33aa
163.53668576851834  2.1275045551296055 167.79169487877755 pid337e
163.6683715247438  3.4563331571576126 170.58103783905904 pid3349
164.34840518349188  1.518012232570844 167.38442964863356 pid3316
164.6306863815531  4.661930431403656 173.9545472443604 pid3243
165.0764102701064  4.682394361116111 174.44119899233863 pid32ff
165.59147121334288  3.025964227105411 171.6433996675537 pid3375
165.91279305976508  4.387088111553686 174.68696928287244 pid32f8
166.13896829692717  4.5060845944423615 175.1511374858119 pid3239
166.64633117810487  2.515503615779479 171.67733840966383 pid32eb
166.99179240866025  2.4118471132009596 171.81548663506217 pid33cb
167.887234836378  3.8609149765085053 175.60906478939503 pid3322
167.89968392931476  2.2501311958461363 172.39994632100704 pid328a
168.4325335764917  2.385487963891476 173.20350950427465 pid32a6
168.60794428759206  4.484721781359987 177.57738785031205 pid33d2
168.91979203352878  3.0461456763824377 175.01208338629365 pid338f
168.99233690539174  4.676642587345913 178.34562208008356 pid33e7
170.5185016071496  1.1643116880201592 172.84712498318993 pid3363
170.72203080065805  2.172694409109873 175.0674196188778 pid33bc
170.88653293420404  1.8717426025368216 174.6300181392777 pid33ad
170.97012561915716  4.7482317905355576 180.46658920022827 pid3273
171.3437617663339  2.825386970524379 176.99453570738265 pid33f1
171.3873350998715  1.1838493545174562 173.75503380890643 pid3384
171.45177363428937  4.8176836535256164 181.0871409413406 pid3248
171.96431957303406  3.62662195979065 179.21756349261537 pid3378
173.01591855509264  3.757016630074798 180.52995181524224 pid33e2
173.75484803564171  1.2530684521550541 176.2609849399518 pid33a5
174.29935251970056  2.002193686557079 178.30373989281472 pid3330
175.19944054174354  4.820826966548007 184.84109447483957 pid33cf
175.90943684938728  1.8791792959707667 179.66779544132882 pid32b6
176.76533503412742  1.7334760630084833 180.23228716014438 pid32e4
177.71082336281418  4.214031552145412 186.138886467105 pid324e
178.67319260498695  1.6481367287747806 181.96946606253653 pid325c
179.02851763386235  4.079643741944466 187.18780511775128 pid3356
179.54513271062544  3.9796526884403747 187.50443808750617 pid3307
