3.0583196293539006  0.7700464576042185 83.0583196293539 pid927
4.572105366209583  1.2388833166750683 84.57210536620958 pid90f
6.138257886142617  1.93521899858506 86.13825788614261 pid92b
12.177673579830216  1.142816330176073 92.17767357983021 pid910
14.88797335369097  1.653369908702768 94.88797335369097 pid923
18.52314975777486  1.6680713706207801 98.52314975777486 pid91f
19.488245158909645  1.683359846075558 99.48824515890965 pid913
23.989642604022876  1.0608418533156845 103.98964260402288 pid911
35.80082544512724  1.2070759486852967 115.80082544512723 pid8fc
35.847107240498495  1.7797661773928837 115.8471072404985 pid90e
37.196631025599466  1.8827891007933093 117.19663102559946 pid8fd
37.845135370959355  0.8482380960536984 117.84513537095935 pid907
40.188924741524175  1.3376105542651853 120.18892474152418 pid906
48.99314812018032  0.9108769754925667 128.9931481201803 pid90b
58.71249696718993  1.6714056324269937 138.71249696718994 pid90c
58.81392972052787  1.5354307504972835 138.81392972052788 pid91a
70.07651285167152  1.3342899153874235 150.0765128516715 pid900
76.60741288101323  0.7253856737716255 156.60741288101323 pid902
78.86393690763077  1.4429844695887961 158.86393690763077 pid90d
79.57544183398232  0.7423247216511492 159.57544183398232 pid91c
82.1949127785706  1.1914311714253412 162.1949127785706 pid8fe
82.338438543251  0.6795567485384542 162.33843854325102 pid92a
84.29133438412705  1.799356736779965 164.29133438412705 pid901
89.10688247933709  1.842973894122138 169.1068824793371 pid929
89.94080949192112  1.680976009462261 169.94080949192113 pid908
98.4214232513156  1.2084742593895992 178.42142325131562 pid905
98.99531696960865  1.4861855549118201 178.99531696960867 pid922
100.39802824366812  1.6071108772875562 180.39802824366814 pid91b
101.93188613634828  1.075814715985995 181.93188613634828 pid915
103.3395046115822  1.8971677722588725 183.33950461158219 pid928
105.81380499221723  1.4138482068170262 185.81380499221723 pid92c
107.51670298229483  1.1811938203441081 187.51670298229482 pid918
107.97308098943091  0.7154290367981425 187.9730809894309 pid921
109.29195838264373  0.702325355140865 189.2919583826437 pid925
111.35619351121169  1.8881549113997118 191.3561935112117 pid924
118.21739962292533  1.7814159491664707 198.2173996229253 pid90a
119.72830495244915  0.7249938726149382 199.72830495244915 pid91e
120.75524323706917  0.9051381023131138 200.75524323706918 pid92d
121.5940101035591  1.5102474973943532 201.5940101035591 pid919
122.57816766859986  1.4939058459966796 202.57816766859986 pid920
128.55083586920153  1.3096474391167467 208.55083586920153 pid912
130.1489037023271  1.7351475649678703 210.1489037023271 pid914
134.79505268719132  0.8482828394899746 214.79505268719132 pid8ff
137.8748198250421  1.849475546271375 217.8748198250421 pid926
142.1538730623283  1.8045792090083963 222.1538730623283 pid903
142.60293421098183  0.6731134156575748 222.60293421098183 pid909
144.76361930924645  0.5574260712669601 224.76361930924645 pid916
146.20203539988304  0.6015338037647525 226.20203539988304 pid91d
146.69501198801493  0.9856898661758657 226.69501198801493 pid904
147.49442339262262  1.8734617032964256 227.49442339262262 pid917
