1.2049673665681604  0.7868026730975837 81.20496736656816 pid5aa
3.3261883835318473  0.7264713021099644 83.32618838353184 pid5bc
3.4681461817384687  0.9370004177306896 83.46814618173846 pid5bd
5.192019016571608  1.503599351381544 85.1920190165716 pid5bf
6.395842430835752  0.8019001579771637 86.39584243083576 pid5c0
10.735757857233702  1.111059890501968 90.73575785723371 pid5c4
22.7474485179962  1.6707729293871054 102.7474485179962 pid5d0
23.470197601070154  0.59422581498492 103.47019760107015 pid5b3
24.22131929675694  0.9320850623632839 104.22131929675695 pid5c7
27.972056939141567  1.5430646584339 107.97205693914157 pid5b1
30.398782421289393  1.3033048456959746 110.3987824212894 pid5b6
32.52071288149763  1.2207632326078348 112.52071288149763 pid5ab
35.33436836803211  1.014149820940728 115.3343683680321 pid5ac
36.09221882695153  1.1172415647836527 116.09221882695152 pid5bb
37.554342702876134  1.1785103154512493 117.55434270287614 pid5d8
38.5552389725918  1.620013249384517 118.55523897259181 pid5c8
39.61312851737684  0.6393196649014875 119.61312851737685 pid5ba
40.65112548483453  1.7255415191057142 120.65112548483452 pid5b8
46.93126733639287  1.568281789102847 126.93126733639286 pid5b2
54.40187809067103  1.1129525765139794 134.40187809067103 pid5c2
60.04973954756003  1.762843560931691 140.04973954756002 pid5da
60.32788643164813  0.9270106485963172 140.32788643164812 pid5ae
60.373114059817375  1.5369668855648455 140.37311405981737 pid5c3
63.34509834304073  0.7317446213996661 143.34509834304072 pid5db
76.30867946377691  0.9680122375207721 156.3086794637769 pid5d2
77.86160467134869  1.00204891794652 157.8616046713487 pid5ca
77.98207335427495  1.233248221540551 157.98207335427495 pid5b9
83.65359086729914  1.5343914626720725 163.65359086729916 pid5b5
84.4921215088167  1.3792398618517199 164.4921215088167 pid5d4
84.51967482234247  1.4690799360954188 164.51967482234247 pid5d3
93.0683424118404  0.8161275864619176 173.0683424118404 pid5d1
95.27597107287684  1.1571405068025646 175.27597107287684 pid5ce
96.91657396362378  1.937006526741154 176.91657396362376 pid5c5
98.88796868160382  1.1003650146605706 178.8879686816038 pid5d7
99.0375719537367  0.7394204217741314 179.0375719537367 pid5cd
99.11022090192117  1.6896737383014409 179.11022090192117 pid5ad
101.37818049158291  1.9044182636567433 181.3781804915829 pid5b7
101.77599196131837  1.1371430166478214 181.77599196131837 pid5d9
106.90295535447267  1.6281470435450127 186.90295535447268 pid5b4
116.56172283125106  0.8463433747725746 196.56172283125107 pid5cb
118.57215469062342  0.6682580594615416 198.57215469062342 pid5be
118.82677204227741  1.7339236417669786 198.8267720422774 pid5d6
127.93456706389694  1.6225739193477442 207.93456706389694 pid5b0
128.35223694867528  1.3646478892610956 208.35223694867528 pid5c6
131.73888650880457  1.4119780152643253 211.73888650880457 pid5c1
133.9332235981776  0.8387047067400537 213.9332235981776 pid5d5
134.24360666219275  0.9083431712230987 214.24360666219275 pid5af
141.9970599299739  1.7874961277817518 221.9970599299739 pid5cc
142.6540395262195  1.2957600210413305 222.6540395262195 pid5c9
145.34325706498288  1.9528366960380437 225.34325706498288 pid5cf
