1.4698655351509826  4.544601762779933 10.559069060710847 pid1b14
3.522096904793861  2.2664338292343684 8.054964563262597 pid1ac4
4.912079709973806  2.245318869043097 9.40271744806 pid1ada
5.258797165532798  2.1096733363988904 9.478143838330578 pid1b52
5.268341347082719  1.840455127177516 8.949251601437751 pid1b13
5.646984496364529  2.6497074568806234 10.946399410125775 pid1b31
7.641217669366689  2.751392975506379 13.144003620379447 pid1ad3
8.803446155381655  1.0145588406309574 10.832563836643569 pid1b0a
11.007019846023011  3.7399527785576514 18.486925403138315 pid1b3b
13.094578859599244  1.4070585337850088 15.908695927169262 pid1b37
14.064750030375258  2.888853767329731 19.84245756503472 pid1b27
15.387363024286076  1.0492485893001575 17.485860202886393 pid1b4e
15.789401506723008  4.070325160059506 23.930051826842018 pid1b16
18.30762007474656  2.7545308369599804 23.816681748666518 pid1b1e
19.544717771353454  4.432805758970437 28.410329289294328 pid1aef
20.55289403480198  2.596528083155983 25.745950201113946 pid1ae3
24.096465471951728  3.4542902267583315 31.00504592546839 pid1b2a
25.056566275008244  3.7827776616682356 32.62212159834471 pid1acf
25.31329901270464  4.133094252775807 33.57948751825626 pid1ae8
25.466145002713763  3.954875629182389 33.37589626107854 pid1b09
26.96939996597684  3.663174128596963 34.29574822317077 pid1b08
27.630948659936042  1.9159771467352331 31.46290295340651 pid1b40
27.982429090222357  4.930622168727544 37.843673427677444 pid1b49
28.370883927908416  3.2020748847658167 34.77503369744005 pid1ae7
29.867495624131877  4.150060857331283 38.16761733879444 pid1b22
30.346320943176895  3.915881676178722 38.17808429553434 pid1ae2
31.578972143228874  1.0003794800523456 33.579731103333565 pid1af3
35.52271259378252  4.042097409174749 43.60690741213202 pid1b28
39.16126558250207  3.5324071463322024 46.22607987516648 pid1af4
39.375971388668205  2.0596444848242013 43.49526035831661 pid1b4b
41.597418919141866  3.2269997867508446 48.051418492643556 pid1ac9
44.11814615067872  1.150572267260189 46.419290685199094 pid1b12
46.16977633755956  1.7670519225694106 49.703880182698384 pid1b55
47.53890277985903  3.7284018792787577 54.99570653841654 pid1b4d
49.81268206358812  1.859097672520308 53.53087740862874 pid1b03
51.25287680788209  4.424035889978436 60.10094858783896 pid1b32
52.00050034443922  1.8487232651371328 55.69794687471348 pid1b33
53.12145922109573  4.477155268996439 62.075769759088615 pid1b00
54.838956927686255  3.5740775173787167 61.98711196244369 pid1af8
55.1466380518411  1.8068806551452194 58.76039936213154 pid1b51
56.154517653360266  3.7695770344284245 63.69367172221712 pid1b2c
57.21585869741428  1.5928357866446108 60.4015302707035 pid1b50
57.75191514670914  1.5293529258623413 60.81062099843382 pid1b26
60.589779716436226  4.149038930975091 68.8878575783864 pid1ac3
61.21691977293823  1.0185098933353873 63.25393955960901 pid1afa
64.96483380865261  4.95495564637892 74.87474510141045 pid1b21
66.73680136959919  2.823500512222062 72.38380239404331 pid1ace
67.475791948036  1.2632010602181927 70.00219406847239 pid1ad9
68.72474294453234  3.569389586082968 75.86352211669828 pid1ad1
71.27412493063059  4.610135754545178 80.49439643972094 pid1afe
73.05501195025701  4.5213798668386715 82.09777168393435 pid1af1
73.09683800702898  4.82955864771305 82.75595530245508 pid1adb
73.1096258765701  2.296609002638433 77.70284388184697 pid1b39
73.82147035149171  2.70909504428094 79.2396604400536 pid1ad6
76.36660117816909  2.5093986664400134 81.38539851104912 pid1b56
76.46644713433312  1.695327199671412 79.85710153367594 pid1b34
77.4015194458206  3.3089358733923455 84.01939119260528 pid1b46
77.8693289053661  1.1165368193099279 80.10240254398596 pid1b48
79.9253808258309  2.6280262883740444 85.18143340257899 pid1b45
80.0078218282639  4.211104608470414 88.43003104520473 pid1aea
83.01247617202105  2.6860277358584805 88.38453164373801 pid1ad8
83.21713164621994  2.7519565699275748 88.72104478607508 pid1b35
84.84195036673377  1.404496617899214 87.6509436025322 pid1b02
85.97227368624552  1.3047501134706083 88.58177391318674 pid1b07
88.0958193203889  4.440372235474815 96.97656379133852 pid1b2f
89.10565260420776  2.4938700476281905 94.09339269946415 pid1b4c
90.80484378557692  2.9485505689286393 96.7019449234342 pid1acb
91.76384274366275  3.919215487200357 99.60227371806346 pid1b1a
91.94733190453192  1.4817202435432462 94.91077239161841 pid1b18
94.55911748267582  2.4004550613181004 99.36002760531201 pid1ac5
94.6494081288928  4.79194335018152 104.23329482925584 pid1b43
97.84080662624746  1.6114170110441641 101.06364064833579 pid1add
100.84669665271622  2.535697552995018 105.91809175870625 pid1aee
101.70535252009496  1.5685032789051347 104.84235907790523 pid1b36
102.07029699161474  4.019343689866873 110.10898437134848 pid1aff
102.89719557342103  4.6655500721124685 112.22829571764596 pid1b30
103.13571385911013  1.9031011925526902 106.9419162442155 pid1afc
104.09570677685765  4.558811998940474 113.21333077473861 pid1b04
104.20247718275711  3.023344752348099 110.24916668745331 pid1ad5
104.5973387577796  4.791639183716226 114.18061712521205 pid1b38
105.08381481649491  4.9494771805885325 114.98276917767197 pid1b25
105.10123354694191  3.280511350863034 111.66225624866799 pid1af7
106.0642885973802  3.8238830021731847 113.71205460172656 pid1aed
106.25276389612227  2.427727873077931 111.10821964227813 pid1b44
106.66017259115412  3.0337027304548294 112.72757805206378 pid1b0b
107.24110858035966  1.5387285788160678 110.3185657379918 pid1ac7
107.50715002007234  4.4762643330076735 116.4596786860877 pid1af5
107.82083501034168  3.328942643942663 114.478720298227 pid1b06
109.27844586992326  3.5897893949428648 116.45802465980898 pid1b01
109.42667114088681  3.70809801639351 116.84286717367382 pid1ae5
111.1127480315561  1.8502076994500514 114.8131634304562 pid1b15
111.37480483918705  2.581460886897905 116.53772661298287 pid1b10
111.77476090529157  4.501913976631293 120.77858885855416 pid1ac8
112.58454558335978  4.322503908411253 121.22955340018228 pid1af6
113.25459241109186  4.0610222950971036 121.37663700128607 pid1aec
113.92102041845304  1.7020582977322851 117.32513701391761 pid1afb
115.60051833686512  1.8670694041359361 119.33465714513699 pid1b0d
116.27209342897771  1.1254459383808797 118.52298530573947 pid1ac6
120.46959996026581  3.408263252555514 127.28612646537684 pid1ae0
124.94191028231862  2.1346169216230146 129.21114412556466 pid1b2e
126.51486512943477  1.5325635164057303 129.57999216224624 pid1b17
127.06237115716743  2.6997592275223834 132.4618896122122 pid1b29
127.8641133425977  2.109469392166017 132.08305212692974 pid1b20
129.79334921418732  1.920202364323706 133.63375394283472 pid1b11
130.4594739120558  4.021305081563682 138.50208407518318 pid1ac2
132.18456755399993  3.5166987224787403 139.2179649989574 pid1b1c
132.4291764075386  2.1319825956314107 136.69314159880142 pid1b1b
133.1284804932183  4.518162592232546 142.16480567768338 pid1aca
133.7327588299803  4.586346509755781 142.90545184949187 pid1b05
134.17903717801502  4.776030540262991 143.731098258541 pid1b4f
135.54595679673764  1.6705576270167266 138.88707205077108 pid1b47
136.1098027922447  4.22305642877749 144.55591564979966 pid1afd
137.86190062436572  3.8713648795255495 145.6046303834168 pid1b2d
139.35025979943592  2.4167745722240954 144.18380894388412 pid1b3c
141.0580865621438  2.2976829906138514 145.65345254337151 pid1acd
141.77470501231426  1.816311141089305 145.40732729449286 pid1ade
142.7898688762988  4.719551284181385 152.22897144466157 pid1ae1
142.8876947102754  3.5820600107042138 150.05181473168383 pid1af2
144.2057639404275  3.1427309530054686 150.49122584643843 pid1adc
144.84475450008782  3.878924164929126 152.60260282994608 pid1af9
145.44682656613196  4.324674608559937 154.09617578325182 pid1ad4
145.47682805942273  2.523204359505862 150.52323677843447 pid1b0f
146.21530738113609  2.618489647376587 151.45228667588927 pid1b2b
146.59527946218333  3.3436453414067606 153.28257014499684 pid1b0c
146.78137208933293  2.0720676933149274 150.92550747596277 pid1ad2
150.49850846241097  4.085604818794414 158.66971809999978 pid1b4a
150.64358334190504  1.4491888290199926 153.54196099994502 pid1aeb
151.72323791537838  2.037391342767949 155.79802060091427 pid1ad7
153.83659875824216  4.780906626658933 163.39841201156003 pid1b3f
155.99000152062712  4.851488511105208 165.69297854283752 pid1ae9
156.43981868774938  1.9756125117227703 160.39104371119492 pid1b0e
156.88553952013248  3.948717892635963 164.78297530540442 pid1b24
156.95166556916143  4.546352274245955 166.04437011765333 pid1b3d
160.4291624678646  4.073234130935024 168.57563072973463 pid1b53
161.21836880900014  4.813776363518214 170.84592153603657 pid1b42
161.6085347230506  3.4006173272852265 168.40976937762107 pid1b1d
163.0271413071956  4.247826010514482 171.52279332822457 pid1b3e
163.9586971861374  3.977421698682801 171.91354058350302 pid1b19
165.53463957753135  1.569177396359358 168.67299437025008 pid1ae6
166.07110329840052  2.972346082999578 172.01579546439967 pid1b3a
167.19215346349017  1.2177646229598453 169.62768270940987 pid1ae4
171.40005677744725  3.5093066059200013 178.41866998928725 pid1ad0
172.15368447787571  4.179008727548416 180.51170193297256 pid1acc
175.5008096890261  3.250182121206659 182.00117393143944 pid1af0
175.84360559672606  1.7930491923164693 179.429703981359 pid1b1f
176.16146933583204  1.2540791046492235 178.66962754513048 pid1b57
176.59566216852642  4.762255755047063 186.12017367862055 pid1b54
176.63988080362813  1.5398429091714112 179.71956662197096 pid1b41
177.83466828377874  4.736355371885489 187.30737902754973 pid1adf
177.96341399246458  1.575252131466962 181.11391825539852 pid1b23
