0.5627275934615761  1.2150573876689745 2.992842368799525 pid7b1
1.0259885984985284  2.6091873098636635 6.244363218225855 pid7a0
4.225338926620825  2.661440724500714 9.548220375622254 pid7be
4.87166644754744  1.257214215684853 7.386094878917146 pid7bd
5.3675020472577  2.149321146471871 9.666144340201441 pid7cc
6.834199279027353  1.6614408240019607 10.157080927031274 pid7a3
8.677331143898215  2.431508350079388 13.540347844056992 pid7c4
10.084433157857998  1.7287889161561627 13.542010990170322 pid7a4
11.134617906558253  2.4515351761783357 16.037688258914926 pid7ae
14.669168419831202  1.7592001779496291 18.187568775730462 pid7b3
15.908009096467213  2.6015466058564187 21.11110230818005 pid7ce
16.048581480474066  0.8399824540856825 17.72854638864543 pid7b9
20.804734806207037  1.8645823740007712 24.53389955420858 pid7a1
22.19797731220169  1.687883349207715 25.57374401061712 pid7aa
22.800079423750496  1.7807991770075304 26.361677777765557 pid7cd
27.339198796608454  1.2677099937200946 29.874618784048643 pid7c2
27.551405330118474  0.5972590193524429 28.74592336882336 pid7cf
29.322619216391043  2.399719160527085 34.122057537445215 pid7a9
30.250673175476784  2.2181356476636247 34.686944470804036 pid7a6
31.47337408870635  1.011674694361866 33.49672347743008 pid7b2
34.72299050679837  0.6187841532515778 35.960558813301525 pid7ad
34.72900700526005  0.9038175393814527 36.53664208402296 pid7c1
34.84144072102022  1.08233982899176 37.00612037900374 pid7b4
35.61026430807767  2.5637156845836118 40.73769567724489 pid7ab
36.41154439181111  1.1275459310861764 38.66663625398346 pid7bb
37.268228272495364  1.3754352396273002 40.019098751749965 pid7ac
44.7760374715795  2.5174231551091566 49.81088378179781 pid7c3
48.59665631815023  2.1830710643790447 52.96279844690832 pid7ca
51.08268747716218  2.9523423042688295 56.98737208569984 pid7bc
51.30525475677111  1.9253558560261648 55.15596646882344 pid7a7
52.383852080000295  2.9398930323929773 58.26363814478625 pid7b6
55.18736101138846  2.8802602138462463 60.94788143908095 pid7c0
55.705132804237486  1.0137572555605705 57.732647315358626 pid7a5
58.11885115230893  1.3389387941502724 60.796728740609474 pid7b8
60.08325474795576  1.6483780753429307 63.38001089864162 pid7c9
60.44659701608705  2.3967136896649435 65.24002439541694 pid79f
62.34274813499834  0.9844328433006715 64.31161382159968 pid79e
64.27017416095538  2.4883398111349435 69.24685378322526 pid7c5
66.10998449405935  2.728445786303599 71.56687606666654 pid7bf
69.91979425125267  1.5881811635221066 73.09615657829688 pid7c8
70.93965330201753  2.9989848000768053 76.93762290217114 pid7c7
75.93040230853613  0.5432340246405463 77.01687035781723 pid7b0
75.9401442290019  1.3538604134085785 78.64786505581905 pid7c6
82.48808790973283  2.4353447410479476 87.35877739182872 pid7ba
87.09857376951864  2.7645515631395714 92.62767689579778 pid7af
94.77889650031338  0.8760120996295938 96.53092069957256 pid7a8
94.84315309195769  2.6047210456475316 100.05259518325275 pid7b5
95.80144512194421  2.4967710937243703 100.79498730939295 pid7cb
96.15720521636945  0.6712665093602008 97.49973823508985 pid7a2
97.37894070353137  2.4889803858944224 102.35690147532021 pid7b7
