1.162179610863684  1.6780280348832726 81.16217961086369 pidfb2
1.4206069712726699  1.4089247111155072 81.42060697127268 pidfb6
2.6704291474530963  1.972814007218707 82.67042914745309 pid102a
3.4386631929022196  0.5906405534527748 83.43866319290223 pidffa
3.609117502131837  0.8170436755090524 83.60911750213184 pid1035
5.41280019898156  1.5699208620097886 85.41280019898156 pidfac
6.795270724331553  0.870382312333965 86.79527072433156 pidfc9
7.445915806740421  1.6466237667305124 87.44591580674042 pidfaa
7.830821038872643  0.6495587745155369 87.83082103887264 pid101a
10.086920251573773  1.4978585451472595 90.08692025157377 pid1009
10.850534438195286  0.8554558145590123 90.85053443819528 pidfa2
14.007540877982938  1.9824797549809003 94.00754087798293 pid101f
15.342561690893037  1.6426977560679576 95.34256169089304 pidfe6
15.766320769042764  1.843633441089698 95.76632076904276 pid1024
16.620869535390376  1.3155931852383111 96.62086953539037 pidfd7
16.62854635093761  1.697533393534759 96.62854635093761 pid1005
16.685401235733448  0.7500065247697105 96.68540123573345 pid1012
19.446956950494943  1.1357173695863518 99.44695695049495 pidfa4
20.872036913935787  0.6261999673476362 100.87203691393579 pid100b
21.742405545560384  1.6303804949711533 101.74240554556039 pid1015
24.339990717451155  1.9160486824180774 104.33999071745116 pid100e
25.28299543218411  0.9634971255545604 105.28299543218411 pid1026
29.842943633611057  1.6833490908927873 109.84294363361106 pid100f
30.441637240562834  0.6667103326780285 110.44163724056284 pidfe7
31.069531761081688  0.5352042493098226 111.06953176108169 pidfcb
34.50493367597524  1.087306099364715 114.50493367597524 pid1011
34.58127586433072  1.7652000686320095 114.58127586433072 pid1021
34.708312739913325  1.4207211303414466 114.70831273991332 pidfe4
34.888494275497806  1.0637710991497746 114.8884942754978 pidff6
34.98729342443381  0.6994220259048165 114.9872934244338 pid1004
37.11087725005309  1.5873010770822704 117.1108772500531 pid1003
37.17508788938482  0.9965134713978443 117.17508788938483 pidfdd
37.282111657631994  1.7341256414394746 117.28211165763199 pid102d
37.50873272867818  1.373643395975788 117.50873272867818 pid1018
38.14542258445932  1.6968081460569127 118.14542258445931 pidfd9
39.2839581808725  1.8545710570346348 119.2839581808725 pid100d
40.180614795618204  0.8112286413078997 120.1806147956182 pidfd4
41.373438426711445  1.7764120411990636 121.37343842671145 pidfc0
42.80820223847322  0.6701592598681054 122.80820223847323 pidfa7
43.89032576795234  0.8637432766153282 123.89032576795233 pidff1
44.61647460611683  1.2264186795635346 124.61647460611684 pidfd5
46.721141933732305  1.7904904131503137 126.7211419337323 pid1022
46.94681798388654  1.042875010302419 126.94681798388655 pidfd8
50.10182417840541  1.4637692572069243 130.10182417840542 pid1008
50.756520080256024  1.6560968150991007 130.75652008025602 pidfd1
51.82677348394169  1.1219234729904946 131.82677348394168 pidfe5
52.16324825684981  1.9578404936267944 132.1632482568498 pidff3
53.53378841173597  1.6423429743857239 133.53378841173597 pid1014
53.92045932485101  1.2049876116699245 133.920459324851 pidfde
55.074665567217615  1.2341679367723684 135.0746655672176 pid1017
56.52769097488439  1.8876975791414918 136.5276909748844 pidff5
56.65997854252857  0.6411322100660152 136.65997854252856 pid1031
61.89305274806605  1.9644383639523755 141.89305274806605 pidfc4
63.076480900454776  1.421142395124011 143.07648090045478 pidfae
63.69200646843886  1.8619695527321103 143.69200646843888 pidfd0
64.10137411400947  1.7112966602685447 144.10137411400947 pidfbd
65.9601385112238  1.504531765998642 145.96013851122382 pid1027
66.52500085963385  1.1084272633496228 146.52500085963385 pidfd2
66.92594002465222  0.6178526643169727 146.92594002465222 pid1034
67.54610614019586  0.9543603956789464 147.54610614019586 pidffd
67.63080434952629  1.9597598558449862 147.63080434952627 pid1016
68.79792370253797  1.5308858091026003 148.79792370253796 pidfce
69.86510659731154  0.7888765026926796 149.86510659731152 pid101b
70.2192083663734  0.5691871520380747 150.21920836637338 pidfb7
71.65403660290266  1.2472652626362486 151.65403660290266 pidfc1
72.05337974451525  1.9678528024704813 152.05337974451527 pid101d
73.03539185411684  0.597641960967309 153.03539185411682 pidfe1
74.86481577200446  1.5079380169429701 154.86481577200448 pidff0
76.09441756945682  1.0868151213294606 156.09441756945682 pid102c
76.72506199841823  0.576470393750623 156.72506199841823 pidfb4
77.02196552949829  1.0640901280155632 157.0219655294983 pidffe
77.29260752249876  0.8306889044443089 157.29260752249877 pidfb3
77.49144816006707  0.9050232925616737 157.49144816006708 pidffc
77.50348356946613  1.5245078617543597 157.50348356946614 pidfdb
78.09770165682652  0.9833087222902763 158.09770165682653 pidfdf
79.32541702499724  0.6510591566121089 159.32541702499725 pidfc3
79.92038712301607  0.7664810944947655 159.92038712301607 pidfb5
80.40602184374157  1.068306456064435 160.40602184374157 pidfba
83.22616940607581  1.7333274444648845 163.22616940607583 pidfa9
83.96807077616175  0.5797987624000129 163.96807077616177 pidfb1
84.2915350044426  1.655687619104018 164.2915350044426 pidfc6
84.9581429620703  1.8030462469397577 164.9581429620703 pidfc2
88.41616865549022  1.9257513242895017 168.41616865549022 pidff2
89.65723996020468  0.5852689007254066 169.65723996020466 pid100a
90.91432646863976  1.4151277254555974 170.91432646863976 pidfca
91.8109755713372  1.2548999005858539 171.8109755713372 pidfe2
92.16406411218051  0.9028547102974764 172.1640641121805 pidfc8
93.18070629095295  0.5451610159347773 173.18070629095297 pidff8
96.15183580209171  0.6245799820997958 176.1518358020917 pidfa8
97.53490524921557  1.0805007572884153 177.53490524921557 pid1030
97.72509754763892  0.9612425933642657 177.72509754763894 pid1010
97.82851836163387  1.8559927689172213 177.82851836163388 pid102b
98.04064212044494  1.4044521529902911 178.04064212044494 pidfbc
98.40094205041942  1.2485892733376547 178.40094205041942 pidfeb
98.64340601623198  1.4649611583653033 178.64340601623198 pidfb9
99.00106481403542  1.46434273593967 179.00106481403543 pid101e
99.89514349091257  0.8843987680711327 179.89514349091257 pid1019
100.0661542519221  1.413353176554934 180.06615425192211 pidfe3
102.64534997627959  0.6771443025920536 182.6453499762796 pidfa0
106.9823977291003  1.7937556483815298 186.98239772910028 pidfe8
108.6653540971092  1.9256895104472782 188.6653540971092 pidff4
109.4200468691717  1.5116024231249536 189.4200468691717 pid1028
111.74514026415928  1.5578579403945942 191.74514026415926 pid1023
112.54000373568702  0.5904197131353645 192.54000373568704 pidfbb
112.56018105263989  1.372822365282083 192.5601810526399 pidfd6
113.01812851188228  1.556242962073231 193.01812851188228 pidfdc
114.28968126663666  1.6386085111389381 194.28968126663665 pidfe0
114.4320459518706  1.709034199530652 194.4320459518706 pidfa1
115.07271094101493  1.6243322791028132 195.07271094101492 pid102f
115.20758155251966  1.0429040881697942 195.20758155251966 pid1025
116.59292493905947  1.2169026740635904 196.59292493905946 pidfcd
116.64566482148075  1.8280553741327537 196.64566482148075 pidfd3
119.16402772896576  1.6137976456195218 199.16402772896578 pidfa3
122.03658119256434  1.3181706320730213 202.03658119256434 pidfe9
122.49715663622631  1.3255491738992244 202.4971566362263 pidfc7
123.59996271653323  0.7327572409120493 203.59996271653324 pidfa6
123.93319888245134  0.574879614796576 203.93319888245134 pidfda
124.16976212397093  1.4349892366529202 204.16976212397094 pidfc5
124.29939235920736  1.6321864834303423 204.29939235920736 pid1020
124.8140611042924  1.63788647628216 204.81406110429242 pidffb
126.27353345044607  1.9603484479504127 206.27353345044605 pidfbf
126.37163321186299  0.9121759534872311 206.37163321186299 pidfff
126.71056769239894  0.9319207504829187 206.71056769239894 pidfed
127.733559895691  1.5090041808150132 207.733559895691 pidfaf
128.01450955211942  0.9530981297740708 208.01450955211942 pid1013
129.39218316187382  1.5517687752018758 209.39218316187382 pidff7
130.58699034462586  0.576425031565327 210.58699034462586 pidff9
130.695668043735  1.3585470576390932 210.695668043735 pid1007
131.2617186066634  0.6333154708851509 211.2617186066634 pidfef
131.2732717596274  1.4561534120260744 211.2732717596274 pid1033
131.55205756585272  1.5990204879923173 211.55205756585272 pid1000
132.05027210240564  0.7122894110527203 212.05027210240564 pidfad
133.89426829701804  0.7911643872888556 213.89426829701804 pidfea
134.32686597855283  1.9868583278018894 214.32686597855283 pidfcc
134.7692042202357  1.8899089521001267 214.7692042202357 pidfb0
135.0072706234742  0.7755458986710118 215.0072706234742 pid1001
135.9215201632621  1.5389490320220518 215.9215201632621 pidfcf
135.93905732382086  1.0026509723989685 215.93905732382086 pid100c
137.2999718655046  1.2340055045126326 217.2999718655046 pid1032
138.44686064913  1.45908428197786 218.44686064913 pid1006
138.83542269300955  0.7799224192454736 218.83542269300955 pid1029
139.6533526576888  1.865417680908715 219.6533526576888 pidfec
141.2558317866241  1.0290835180837195 221.2558317866241 pid102e
141.32166121095423  1.2556730557664297 221.32166121095423 pidfb8
141.94140091547385  0.7772215110832279 221.94140091547385 pidfa5
143.08279043993804  1.941572908435533 223.08279043993804 pid1002
143.6098707753803  0.5522117903559018 223.6098707753803 pidfbe
146.478278975385  0.7969632512878504 226.478278975385 pid101c
148.0209940837815  1.7248056799905331 228.0209940837815 pidfee
148.7648900794503  1.8518908101612626 228.7648900794503 pidfab
