0.1923813613859493  2.5754777009357324 5.343336763257414 pid2ca0
0.29779283471628615  2.9721034005932907 6.241999635902868 pid2bcd
0.9153622821902663  2.086529139311724 5.088420560813715 pid2ca9
1.3354455713908964  4.3482460908904095 10.031937753171714 pid2c44
1.4232090513125906  1.7003463423810112 4.823901736074613 pid2b35
1.7327851010320616  2.290576335296605 6.313937771625271 pid2c98
1.7707131074219973  2.020699058153014 5.812111223728025 pid2bf0
1.8315741869860425  2.235083727621781 6.301741642229604 pid2b5c
1.982051433633667  4.336451738963187 10.65495491156004 pid2c13
2.980080324140597  4.714020107287055 12.408120538714709 pid2bf9
3.1398704102697805  2.067617708366017 7.2751058270018145 pid2c7c
3.1474941641872833  3.8392741079984942 10.826042380184273 pid2b34
3.994970595659111  1.0678810573308262 6.130732710320763 pid2cd5
4.364273790981599  2.341938498924421 9.04815078883044 pid2be9
4.844310684859039  4.634498937811205 14.11330856048145 pid2bc0
5.1576463999971995  4.42310965936157 14.00386571872034 pid2c83
5.302910481228693  2.9478529336465 11.198616348521693 pid2b4d
5.652882980390281  3.955311639835648 13.563506260061576 pid2b2a
5.828576167930097  2.463265694502113 10.755107556934323 pid2c36
6.201642348952525  2.450324907568485 11.102292164089494 pid2b71
6.272328542507301  4.364402795266098 15.001134133039498 pid2cdd
6.330353070784471  4.15608342339465 14.642519917573772 pid2c85
8.058376928169888  4.448490816773236 16.95535856171636 pid2b9e
8.43469640701845  3.992547491052577 16.419791389123603 pid2b4f
9.447509415745506  2.050661452230635 13.548832320206776 pid2caa
9.750809726914065  2.372695536221451 14.496200799356966 pid2b96
9.799077701044546  3.0229384898830944 15.844954680810734 pid2ca1
10.136841909475592  2.2877211178391295 14.712284145153852 pid2cdb
10.491385775948888  4.699081028650892 19.889547833250674 pid2b66
11.103303124843343  4.788277901882985 20.679858928609313 pid2b47
11.284797998620746  2.6872994907147394 16.659396980050225 pid2b87
11.349201218635683  2.5216697281567892 16.39254067494926 pid2b5b
11.407989887958452  2.2202746160470856 15.848539120052624 pid2b8c
11.802287119961045  4.246018729749448 20.29432457945994 pid2c4f
12.15217177349638  3.7098998367114877 19.571971446919356 pid2b97
12.430050559455758  2.9783528656776905 18.38675629081114 pid2c9f
14.664703407932844  1.7548391944789064 18.174381796890657 pid2b62
14.728148091137497  1.2898765215326042 17.307901134202705 pid2c2f
14.738777547346578  3.5206094548338123 21.779996457014203 pid2b63
16.37238901050621  2.160011624417259 20.692412259340728 pid2c38
16.4724035758207  1.5191623919784316 19.510728359777563 pid2b3b
17.036433052543842  2.856083879146611 22.748600810837065 pid2cd9
17.639044363533436  1.9632766709595457 21.56559770545253 pid2cc0
17.711756442841086  4.418795747479086 26.549347937799258 pid2cd8
17.987085271458405  1.3065912264240573 20.60026772430652 pid2c0e
18.748345963465916  2.064427952539782 22.87720186854548 pid2c3d
19.174385220270516  3.039220089868699 25.252825400007914 pid2c6b
19.617745950828244  2.008642290703485 23.635030532235213 pid2bad
19.681287458250022  1.5488565156215026 22.77900048949303 pid2c69
20.743343904757094  2.646727602227929 26.03679910921295 pid2b84
20.75177934054271  1.5410652491932701 23.83390983892925 pid2c66
21.132527815696342  3.1078651515794866 27.348258118855316 pid2cd0
21.25727738925312  3.1158344591375067 27.48894630752813 pid2bb2
21.74030586416661  3.1829924426878398 28.10629074954229 pid2b3d
22.529793394433142  4.940021021664027 32.409835437761195 pid2bc7
22.63372375108777  4.54241790862607 31.718559568339913 pid2c07
22.705941261605222  3.8244927067939813 30.354926675193184 pid2ce0
23.69352308135975  3.356882361689463 30.407287804738676 pid2cdc
23.719350572085634  1.331246795926924 26.381844163939483 pid2bbe
24.100789090322813  4.432869922921832 32.966528936166476 pid2c54
24.64517955805253  1.0575735558806016 26.760326669813733 pid2ba6
24.81902479238287  3.75442324076204 32.32787127390695 pid2ba2
25.82755385150709  3.2491810978172517 32.3259160471416 pid2b49
26.072980199503863  1.750214301695963 29.57340880289579 pid2ccc
26.536472729681822  2.224081128142682 30.984634985967187 pid2cd1
26.67850834900804  4.724703229389971 36.12791480778798 pid2cc4
26.759716176718992  1.906873716783899 30.57346361028679 pid2c56
27.24792764504854  4.386385342346895 36.02069832974233 pid2bef
27.777838927214756  4.691000081109445 37.159839089433646 pid2c74
28.009270052395344  4.904714171004644 37.818698394404635 pid2cb4
28.149509860316904  2.772358185224049 33.694226230765004 pid2ce1
29.094951925382773  4.303431761002987 37.701815447388746 pid2bae
29.487748746669556  2.688144062388279 34.86403687144612 pid2c0c
29.848478739932933  4.251949545874293 38.35237783168152 pid2b7c
30.62724932424857  2.7834644471452417 36.19417821853905 pid2c6a
30.85400217409238  1.7059210124584143 34.26584419900921 pid2c87
30.92371867720493  2.1858618827689638 35.29544244274286 pid2c75
31.305565145276205  3.7684312544256144 38.842427654127434 pid2cc5
31.34251777385049  2.1556101825441196 35.65373813893873 pid2c77
31.740249729055716  4.315658250133071 40.37156622932186 pid2ccf
32.809827275276255  2.0972538447916786 37.00433496485961 pid2bd9
32.830582686142385  4.083148778170525 40.996880242483435 pid2c4a
35.03926159382545  3.9822838928604876 43.003829379546424 pid2ca4
35.12360319657707  3.2771889072923184 41.677981011161705 pid2bb5
35.265903314557804  1.5481355627002427 38.36217443995829 pid2b51
35.47917652358035  4.950642780667644 45.380462084915635 pid2c5e
37.16658340418382  2.180609384475149 41.52780217313412 pid2b78
37.64566694322964  1.9592350778640415 41.56413709895772 pid2baf
38.20507371601638  2.9893652580301016 44.18380423207658 pid2cea
38.27965972287123  1.0639916550648971 40.40764303300102 pid2c68
38.52310086926487  4.76796027043663 48.05902141013813 pid2c86
38.69264686090564  1.4327979207445156 41.55824270239467 pid2c25
39.167174019678605  4.780330048595496 48.727834116869595 pid2b76
39.381084779909855  3.512593336007889 46.40627145192563 pid2c5c
40.45572110843339  1.6376401705614434 43.731001449556274 pid2c60
40.806696076399746  4.950523366693226 50.7077428097862 pid2cc9
40.91227806930164  2.890661981163539 46.69360203162872 pid2cd3
41.9113976846151  3.4899839094141067 48.89136550344332 pid2b36
42.22599401721059  3.0713447914518577 48.3686836001143 pid2cdf
42.3964405049281  2.249767078839468 46.89597466260704 pid2b82
42.55082756476354  4.955042509706894 52.46091258417732 pid2c84
43.82052537422129  3.6309088975679344 51.08234316935716 pid2c8d
44.36377356280252  4.375232787485525 53.11423913777357 pid2b50
44.43581329787804  2.848727003083398 50.133267304044836 pid2c1b
44.48435229645265  1.095362695509508 46.67507768747166 pid2bea
44.59320291290561  2.1418986234905444 48.8770001598867 pid2ce7
45.237806731299536  2.596168349225199 50.43014342974993 pid2c5b
45.759304113206674  2.0656614160694797 49.89062694534563 pid2b75
45.815988487477654  4.477111124140146 54.77021073575794 pid2bf6
46.07759214395041  4.47515452394769 55.02790119184579 pid2b67
46.128178911605225  3.8391202988191178 53.80641950924346 pid2c08
46.61913074712848  2.900408415159169 52.41994757744682 pid2ba4
46.99583928861037  2.638756876352815 52.273353041316 pid2c89
47.77677574475655  1.6321696453048622 51.041115035366275 pid2c76
48.17929468920486  3.036432463826506 54.252159616857874 pid2b7e
48.33078225383954  4.86194426480821 58.05467078345596 pid2c18
49.43943319950633  1.346012218607683 52.1314576367217 pid2b58
49.7187037877225  4.10514633019627 57.928996448115036 pid2c0d
49.9413799848273  2.3197085430296576 54.58079707088662 pid2bf4
50.020774272891295  1.0075493935674595 52.03587306002621 pid2c48
50.83209881026509  1.6710613767413065 54.1742215637477 pid2b41
51.12023451853174  3.675059172842909 58.47035286421756 pid2ca5
51.44279423024541  1.2756218986748413 53.994038027595096 pid2c47
52.680042139811036  3.3141159445535164 59.30827402891807 pid2c57
52.86006155959318  4.393566129339391 61.64719381827196 pid2c2e
52.91149645878591  4.691461903189401 62.29442026516472 pid2b2b
53.02789160462572  2.235496315564845 57.49888423575541 pid2c3b
54.19523644675386  2.4844423072115953 59.16412106117705 pid2bb0
54.26347864171018  2.8069259663796178 59.87733057446941 pid2ca2
54.487714520942575  1.6085899365430945 57.70489439402876 pid2b6b
54.58933408609038  2.134828106815575 58.85899029972153 pid2b5e
55.0580253827073  4.552710446931448 64.1634462765702 pid2bf3
55.262673408739616  1.9034594415227728 59.06959229178516 pid2bc6
55.717722531237484  2.5631201678347906 60.84396286690706 pid2c2d
56.35844975428141  3.6989455036459082 63.75634076157323 pid2b30
58.530911021043735  2.1586753745564806 62.8482617701567 pid2be2
59.26286444084755  3.730805931214652 66.72447630327686 pid2b91
59.31304413076165  2.8872407036261 65.08752553801385 pid2c0b
59.49737585579038  4.779353020530937 69.05608189685225 pid2b70
60.2240467858422  3.2013564352320802 66.62675965630636 pid2bbb
60.84400443073092  2.31123381424873 65.46647205922838 pid2ccd
60.844136115786405  4.751923986766036 70.34798408931847 pid2c96
60.970352852920506  2.4998386365477243 65.97003012601596 pid2ba1
61.27609749643886  2.961860306692596 67.19981810982405 pid2c5a
61.687943705346015  3.740477711657216 69.16889912866044 pid2b6f
61.90234316976408  3.667432324768844 69.23720781930177 pid2c3e
62.27525121299011  2.40624979868756 67.08775081036524 pid2c23
62.28682609080194  3.8129693516633987 69.91276479412873 pid2b99
63.08871638821984  3.513156778609275 70.11502994543838 pid2bfe
63.168639113819104  2.6428534901097436 68.45434609403858 pid2c80
63.23167650276372  4.563903369908637 72.35948324258099 pid2b57
63.70758754811185  4.538738234562283 72.78506401723642 pid2b98
63.71597026252261  1.6517761322988251 67.01952252712026 pid2c6d
63.84891490162999  2.8892524980875125 69.62741989780501 pid2c0a
64.01357856903074  4.847440872720226 73.7084603144712 pid2cbe
64.12150831016928  1.1908800910250208 66.50326849221932 pid2cb2
64.26065580035032  3.2854278285187113 70.83151145738775 pid2c94
64.68152650805641  4.2847537738452885 73.25103405574698 pid2ccb
65.11091747086361  3.9936947430806504 73.09830695702492 pid2c29
65.21846772625547  2.1025407287893754 69.42354918383423 pid2bca
65.2517966752503  1.5405845811342247 68.33296583751876 pid2b93
65.25844667177155  2.2967793716623994 69.85200541509636 pid2cc2
65.42888569186766  2.2342044790231763 69.89729464991402 pid2b4e
65.89318553239241  3.5867692538642784 73.06672404012096 pid2b48
65.9507988172689  4.73568382485151 75.42216646697193 pid2b6d
66.72792320739013  2.6091992426367105 71.94632169266356 pid2ce3
67.03386682177788  3.514990997296203 74.06384881637028 pid2c16
67.45830011437138  1.6132602346165377 70.68482058360446 pid2bcf
67.5793114182791  3.649727661677251 74.87876674163361 pid2b8f
68.02868432803342  3.018229646571127 74.06514362117568 pid2bd4
68.03062650536046  2.3151661443131446 72.66095879398675 pid2b6a
68.8961578476824  3.261782462826043 75.41972277333448 pid2c5d
69.80050696645664  1.973538736623338 73.74758443970332 pid2ba3
70.01933540998962  4.026368024443105 78.07207145887583 pid2c2b
70.32147318677826  2.670487770976835 75.66244872873193 pid2c4b
70.35684873934619  2.350726328168822 75.05830139568384 pid2b2e
71.40822208776294  1.2596884197799616 73.92759892732286 pid2c31
71.42469282850489  3.5193391753680467 78.46337117924098 pid2b68
71.93878841691617  4.442431224631189 80.82365086617855 pid2b6c
72.00023214033656  2.4881172417133537 76.97646662376327 pid2bdc
72.24676338133939  2.5271246057639423 77.30101259286728 pid2bbc
72.82348234077932  4.1368399275991505 81.09716219597762 pid2c4d
73.0100340857848  2.02345581009906 77.05694570598291 pid2caf
73.45244505343375  4.502367213351496 82.45717948013674 pid2be0
74.27813799261018  3.3341429590554075 80.946423910721 pid2b8d
74.32891173025008  1.5959743837161633 77.5208604976824 pid2ce9
76.63545519796372  4.793887725074802 86.22323064811333 pid2b79
77.27934566232403  4.3125078008573805 85.9043612640388 pid2bdb
77.37659632986716  3.8117037433505225 85.0000038165682 pid2cb9
78.7420232687506  3.9542759416722957 86.65057515209519 pid2c59
78.98384411191795  4.997526071777072 88.9788962554721 pid2c24
79.67015876350087  2.2960951575021107 84.26234907850508 pid2c39
79.89596669760428  1.9170616661350657 83.73009002987442 pid2bb9
80.06774853381309  1.279836093814676 82.62742072144243 pid2cb5
80.24689959130843  2.9451352986146615 86.13717018853775 pid2cac
80.81510924404391  3.1525984273133667 87.12030609867064 pid2be1
81.07182629224965  3.0498618628549834 87.17155001795962 pid2bb6
81.36815473071579  2.0661784114306108 85.50051155357701 pid2c1d
82.0581158439417  1.492564570751918 85.04324498544554 pid2b9d
82.06751188504212  2.5699899268106168 87.20749173866335 pid2c99
82.33578092014015  3.8199069960263263 89.9755949121928 pid2b56
82.34757487986775  2.216330151413957 86.78023518269566 pid2c12
82.49694254939453  2.3683109160746034 87.23356438154374 pid2bf7
82.66977898998877  2.176928102836401 87.02363519566157 pid2bc1
82.99670462117463  3.844732828727132 90.6861702786289 pid2b31
83.19974526970414  3.686793710906002 90.57333269151614 pid2c9b
83.45931512383089  4.744432928611289 92.94818098105347 pid2b8a
83.6366151585263  1.342547654985074 86.32171046849645 pid2cd7
84.59349138400418  4.9682074592424454 94.52990630248907 pid2c91
84.95760958498856  4.821157072291763 94.59992372957208 pid2c09
85.90577176149104  1.4422653727109074 88.79030250691285 pid2c30
85.91767387738795  4.294876470708628 94.50742681880521 pid2c8e
85.98435257365234  3.5540585683461443 93.09246971034463 pid2bd5
86.13170165981339  3.1354663237413756 92.40263430729614 pid2c8a
86.40173094942423  1.397552467662905 89.19683588475004 pid2c40
87.47152022927861  4.435821599279407 96.34316342783742 pid2c82
87.89493938393663  1.4869779633604523 90.86889531065754 pid2b80
88.42603983036241  2.3946582036492137 93.21535623766084 pid2b9c
88.68130248905679  1.3539841650324629 91.38927081912172 pid2b92
89.83115651944638  4.694306884134484 99.21977028771535 pid2be4
90.34046439974878  3.42437658883781 97.1892175774244 pid2c02
91.32215874538353  1.5022339497502695 94.32662664488407 pid2bdf
91.66437052187344  3.3456244196139213 98.35561936110128 pid2c3a
91.89926239544707  4.414946465459037 100.72915532636515 pid2b3f
92.11037696134801  2.412957705783037 96.93629237291408 pid2ce8
92.56607129977874  1.8303234360391487 96.22671817185704 pid2cb6
92.65559714815349  1.8726405883459347 96.40087832484537 pid2c61
92.82801767256358  4.139276366845479 101.10657040625453 pid2c14
93.75873714043  4.902489685529534 103.56371651148906 pid2cab
94.26681347532063  1.509957728705274 97.28672893273118 pid2bed
94.43663989256746  3.720138464782223 101.8769168221319 pid2c72
94.71495833937377  3.210335878198959 101.13563009577169 pid2bd1
95.0112705951945  1.6276050719529445 98.26648073910039 pid2cda
95.352611777876  3.8908439195507905 103.13429961697759 pid2c6e
95.46743074833586  2.9718896767140506 101.41121010176396 pid2c4e
95.53246751466123  1.6888310845820347 98.9101296838253 pid2b77
96.2621114563273  4.2363886569302105 104.73488877018772 pid2b54
96.41333095547992  4.194351393931705 104.80203374334333 pid2ba7
97.09195361068718  2.1433227560454764 101.37859912277814 pid2b39
97.5918809612196  2.266099996769195 102.12408095475799 pid2b3e
97.60699735350595  1.1572180421905953 99.92143343788713 pid2bb1
98.0839776859305  3.1317503292801816 104.34747834449087 pid2b52
98.11759084176569  1.9557029055284976 102.02899665282268 pid2c9c
98.5709592918563  2.4604082417392568 103.49177577533482 pid2c9e
99.82381376418726  2.32135485610281 104.46652347639288 pid2b44
100.04997130547628  3.2561380291890316 106.56224736385434 pid2bc5
100.08707169370861  1.5749895555803062 103.23705080486923 pid2c8c
100.21701875311841  2.7060470193650596 105.62911279184853 pid2c43
100.2828526493292  2.7667586234131445 105.81636989615549 pid2bd2
100.39267248214912  4.087930348429781 108.56853317900868 pid2b45
100.68737867205677  4.2882086360235805 109.26379594410393 pid2bd8
100.76710245571992  4.417887485840717 109.60287742740135 pid2ca7
101.17245027298874  3.5585441822993875 108.28953863758751 pid2c7a
101.33091993781119  1.955202457932106 105.2413248536754 pid2bbd
102.03613794831223  3.066842202605038 108.1698223535223 pid2c7d
102.20456380474191  2.6099104838215372 107.42438477238498 pid2b74
102.92612494343376  2.8292876955744406 108.58470033458265 pid2c9a
103.95538043822344  2.824103687509721 109.60358781324288 pid2bda
104.30522837435294  3.4712412467391527 111.24771086783124 pid2b9f
104.57580726757013  3.478347236982939 111.53250174153601 pid2c1f
104.77780504902238  2.982167512120167 110.7421400732627 pid2ca6
106.20216820999066  1.4164100871825056 109.03498838435567 pid2bc3
106.43944645041428  4.524069482092506 115.4875854145993 pid2bab
107.33767526921595  2.2563963523963078 111.85046797400857 pid2c5f
108.17050521533918  1.4795871453746292 111.12967950608844 pid2c7b
108.2310733878167  1.9976499616363355 112.22637331108938 pid2c53
108.24559392506833  4.530614970722617 117.30682386651357 pid2c50
108.33995319534408  1.0262490149830983 110.39245122531028 pid2c7f
108.81384701568112  4.935390867071211 118.68462874982355 pid2bce
108.9366596189756  3.0232680614266525 114.98319574182891 pid2cb1
109.15336632018244  2.3884949362879726 113.93035619275838 pid2c78
109.33454276896312  3.1810236036391686 115.69658997624146 pid2cd4
109.69212548465563  4.747321269905695 119.18676802446703 pid2b2f
110.28503604203148  2.1019036832138753 114.48884340845923 pid2be8
110.38024643423103  3.841103629930808 118.06245369409264 pid2bd6
110.68468946416134  3.499571274536367 117.68383201323407 pid2b72
110.73441600287585  3.8382326356064085 118.41088127408867 pid2cd2
111.23651866285742  3.041231647701026 117.31898195825947 pid2bd7
111.29546268255231  2.2500650033488103 115.79559268924993 pid2cc1
111.81823548119799  4.627654610001631 121.07354470120126 pid2b8b
112.03706608162281  2.2801699346732764 116.59740595096936 pid2b61
112.49688729950411  4.324287256717533 121.14546181293917 pid2bb3
113.26039648746628  1.3822638276437411 116.02492414275376 pid2bc4
113.62722599975235  3.995017098690867 121.61726019713409 pid2b43
113.67449346502977  3.020456608368581 119.71540668176694 pid2cc6
113.87100962959589  4.742533964610933 123.35607755881776 pid2b7a
114.40588727645026  1.4982413399431 117.40236995633646 pid2c64
114.40675961039183  4.193749732243163 122.79425907487816 pid2b53
114.41397904435384  2.6799531148301585 119.77388527401415 pid2c88
114.93816000456724  1.3730466877300733 117.68425338002739 pid2c71
114.949150368535  1.358513060170981 117.66617648887696 pid2ce6
115.52622587839198  4.257451378048888 124.04112863448975 pid2c35
116.72534493799066  3.26506793984899 123.25548081768864 pid2c51
116.93169109325649  2.9235289457549762 122.77874898476644 pid2cc3
117.57896721412662  1.0981827252559753 119.77533266463857 pid2beb
119.0393659521643  1.1799699353605946 121.3993058228855 pid2c05
119.0612912156646  4.849128182663344 128.7595475809913 pid2c37
119.223755908157  3.734359182687708 126.69247427353241 pid2b89
119.34239719394168  3.6376290953000296 126.61765538454173 pid2b9a
119.55294655903447  3.6191386963723353 126.79122395177913 pid2c33
120.58597771305668  4.458333283605423 129.50264428026753 pid2b95
121.35718851815253  2.358165257688484 126.0735190335295 pid2b88
121.53723186628406  4.1332764785847065 129.80378482345347 pid2be6
121.58814112360005  1.6222193534111482 124.83257983042235 pid2c19
121.663692412711  1.827507242404907 125.31870689752081 pid2ba0
123.2406182463821  3.602005331684206 130.44462890975052 pid2b3a
123.75746518711247  1.265466795268448 126.28839877764936 pid2b32
124.22527766944111  2.7719844842567287 129.76924663795458 pid2baa
124.81511832987756  3.18475960380361 131.18463753748478 pid2cc7
125.07611191634159  4.252610235096247 133.5813323865341 pid2bde
126.52157942776621  1.8343631004876042 130.1903056287414 pid2ce5
126.9841734091416  1.9777404744851532 130.9396543581119 pid2c3c
127.13553416722588  2.217696359974223 131.57092688717432 pid2b7b
127.27993415946722  1.5497538859789635 130.37944193142513 pid2b5a
127.28374755005096  3.5696542291285347 134.42305600830804 pid2c04
127.6323548719325  2.0253117414131587 131.68297835475883 pid2b64
128.16189063488451  4.146713712656901 136.45531806019832 pid2c26
128.18603018025027  4.907205468736374 138.00044111772303 pid2c32
128.68305812800097  4.141983617891224 136.96702536378342 pid2bd3
129.10503389621002  2.0595276677714414 133.2240892317529 pid2cbd
129.45306938351698  1.8751223154693255 133.20331401445563 pid2c58
129.54365063748057  3.527553175964338 136.59875698940925 pid2c2a
129.59239287210204  4.171355508176727 137.9351038884555 pid2ba8
129.80429057817045  4.813710090509318 139.4317107591891 pid2b5f
130.13196766260072  2.7529600829346212 135.63788782846996 pid2c15
130.6437113482129  3.4741702636051968 137.5920518754233 pid2c92
130.68303247242525  2.5461026782261005 135.77523782887747 pid2b55
130.90069500988866  1.5679120987047397 134.03651920729814 pid2cb7
130.93366864080713  1.1991711801062337 133.3320110010196 pid2ca3
131.25880454100556  1.9549072167072832 135.16861897442013 pid2cc8
131.6937621102579  4.6529874970307805 140.99973710431945 pid2be3
131.89977980013754  4.443968432650261 140.78771666543807 pid2bcb
131.93284590982643  4.419728164695886 140.7723022392182 pid2cad
132.5134625204647  3.6019995342620192 139.71746158898875 pid2c7e
132.74633656151352  3.809980721334383 140.36629800418228 pid2b4c
132.82857399110188  1.2495076625151404 135.32758931613216 pid2b46
133.4231774315465  4.211176483371059 141.84553039828862 pid2b7d
133.99530627086094  2.641079991917316 139.27746625469558 pid2c34
134.10930561583146  4.581259999112008 143.27182561405547 pid2cbf
134.20246178128778  2.6157754823355885 139.43401274595897 pid2c63
134.26478984465325  1.3546005982286586 136.97399104111057 pid2c65
134.5245648240279  4.817946479670525 144.16045778336894 pid2bcc
134.75709283581025  4.597370060890768 143.9518329575918 pid2ca8
135.69426361342178  4.171246050514583 144.03675571445095 pid2bb8
135.7877899324951  1.4170840464368752 138.62195802536883 pid2ceb
136.36112706384372  2.9830024062191014 142.32713187628192 pid2b69
136.9733600499928  3.428707244980409 143.83077453995364 pid2b6e
138.2087667133612  1.9700980429365145 142.14896279923423 pid2cca
138.4392217914919  2.333141730803219 143.10550525309833 pid2ce4
138.5915210063425  2.8299667831315456 144.25145457260558 pid2c45
138.75477766565515  4.506041933256078 147.7668615321673 pid2cb8
138.8356835057755  1.0214535001658342 140.87859050610717 pid2c8f
139.13137404651957  2.682016196696331 144.49540643991224 pid2c22
140.21397616002028  1.6410050384316874 143.49598623688365 pid2c00
140.483837455014  1.212571430167567 142.90898031534914 pid2c67
140.6484656536529  4.423746593134361 149.49595883992163 pid2bc8
140.94002893564758  1.9741843356419526 144.88839760693148 pid2bf2
141.37202693760375  3.527748380167794 148.42752369793934 pid2b2d
142.24065949694082  3.159363825600312 148.55938714814144 pid2bba
142.70839919818283  4.6348755825134464 151.97815036320972 pid2c55
142.86161742744684  1.4727837366019947 145.80718490065084 pid2c41
143.9639185813682  4.493443234406142 152.9508050501805 pid2bfd
144.48929665398424  1.5418824835669653 147.57306162111817 pid2c8b
144.55340246726968  4.339592293665698 153.23258705460108 pid2cbc
144.62435659789628  2.692335138427319 150.00902687475093 pid2cde
145.0161451714436  1.20906846604022 147.43428210352405 pid2bf1
145.04832089087196  3.748601244372972 152.54552337961792 pid2cae
145.32782569529047  1.9347434111839141 149.1973125176583 pid2cba
145.57978732223887  2.3090050669497852 150.19779745613843 pid2b4a
145.58979753431635  4.487113270003091 154.56402407432253 pid2b81
145.8491524131905  1.8750230033508446 149.5991984198922 pid2c1c
145.94543453755398  2.751683674158475 151.44880188587092 pid2c81
146.81296694771152  2.078935502565028 150.97083795284158 pid2b83
147.26609411559346  1.8556393874626456 150.97737289051875 pid2b37
147.3811847978313  3.9544236098828436 155.29003201759699 pid2bc2
147.8016573514939  3.6839304006458704 155.16951815278566 pid2bf8
148.29542866202283  4.040418632342901 156.37626592670864 pid2c28
149.48687220808333  3.1869134509971184 155.86069911007758 pid2b2c
149.92314746097304  3.247157874039403 156.41746320905185 pid2bff
150.42374492992144  4.6374964274696175 159.69873778486067 pid2b5d
152.26213509239076  1.8296597071716239 155.92145450673402 pid2c90
152.52969220576657  1.0085151379389874 154.54672248164454 pid2c0f
152.77160553438247  4.104757735665457 160.9811210057134 pid2b7f
154.19827566929175  1.6183278339367435 157.43493133716524 pid2b38
154.51344058566337  3.4354596928619077 161.3843599713872 pid2c11
154.80250315035536  1.5136716794619978 157.82984650927935 pid2c4c
155.0081141449564  4.2162582098841845 163.44063056472478 pid2bfc
155.42519076726313  3.768672403479161 162.96253557422145 pid2b85
156.233786626742  2.013899002300228 160.26158463134243 pid2b90
156.31319402364292  4.53439548363874 165.3819849909204 pid2c93
156.45067735425005  3.6482173798509567 163.74711211395197 pid2c9d
156.59307440319228  3.396026549148749 163.38512750148976 pid2cbb
156.91784035087298  2.8751634509414177 162.6681672527558 pid2c17
157.05701097081328  3.9245323163618338 164.90607560353695 pid2bf5
157.2880942188461  3.375298058786012 164.03869033641814 pid2c06
157.939703207881  1.0115221559753809 159.96274751983177 pid2c62
158.4368506233239  3.5597762108021054 165.5564030449281 pid2b65
158.54935725583994  2.082314713734195 162.71398668330832 pid2b42
158.56700012459876  3.129618261675404 164.82623664794957 pid2be5
158.6437927073782  4.843064891593277 168.32992249056474 pid2c3f
158.8705216199609  4.222813151291261 167.31614792254342 pid2c6f
159.8190185128715  3.439799146090733 166.69861680505298 pid2c95
160.5518280441619  3.082641596394469 166.71711123695084 pid2bdd
160.56727257854993  2.0668741288998373 164.7010208363496 pid2bac
160.90241031380708  4.780968671897285 170.46434765760165 pid2b94
161.42435394847269  1.6847749106156757 164.79390376970403 pid2c79
161.79435697315054  4.961701052749955 171.71775907865046 pid2c01
161.99273189000698  1.537448076519445 165.06762804304586 pid2c10
162.4289321184333  1.0052320363198795 164.43939619107306 pid2c6c
162.50904242340783  4.389296350530077 171.28763512446798 pid2bb4
163.60758183515765  2.5089754799064803 168.6255327949706 pid2b60
164.0756558148434  4.366123221824042 172.80790225849148 pid2cb3
164.18762783216286  1.327786206115869 166.8432002443946 pid2b73
164.33136554229262  1.1550424516394573 166.64145044557154 pid2b40
164.53872744921358  1.0318494082814933 166.60242626577656 pid2bee
164.8117431276077  3.007970423543856 170.82768397469542 pid2cd6
165.0231933810264  4.217354488145694 173.45790235731778 pid2b8e
165.0748993359784  2.329999285328078 169.73489790663453 pid2b3c
165.75115609598313  4.087156571634058 173.92546923925124 pid2c03
166.05026284725085  2.1571129193265324 170.36448868590392 pid2bc9
166.09943230345078  4.860374354253798 175.82018101195837 pid2c42
166.10574875011483  3.7604387924028857 173.6266263349206 pid2b4b
166.6311205404768  1.739134562948828 170.10938966637445 pid2bbf
167.06789880505687  2.7312612465115724 172.53042129808003 pid2b86
167.14017172361406  1.21815939885838 169.5764905213308 pid2bb7
167.3226926097068  3.5216110886898018 174.36591478708638 pid2c52
167.35761043819176  2.358265882444134 172.07414220308002 pid2c1a
167.57465106749174  1.1131121225654699 169.80087531262268 pid2b59
168.55476211353607  2.890705148223322 174.3361724099827 pid2b9b
169.0578114541813  4.2456662343427265 177.54914392286673 pid2c97
169.34416022729064  4.8652552216844684 179.07467067065957 pid2bfa
169.46433524869454  4.664811134899085 178.7939575184927 pid2c73
170.38835214390014  1.271128263155727 172.9306086702116 pid2c1e
170.39889900417566  4.396175564831145 179.19125013383794 pid2cb0
171.27024140855232  2.281928092517092 175.8340975935865 pid2c27
172.25765062887868  3.978628895333989 180.21490841954665 pid2c46
172.64565731168543  3.650939397503708 179.94753610669284 pid2c70
172.70394133572944  2.167091412311715 177.03812416035288 pid2be7
174.70736260595342  3.3465618326132844 181.40048627118 pid2bec
174.80738259956038  4.165470480252854 183.13832356006608 pid2c2c
175.18997998511392  2.0007835566547354 179.1915470984234 pid2c20
175.39855518884687  3.7006168455058095 182.79978887985848 pid2ce2
175.73890242508526  4.361798003432847 184.46249843195096 pid2cce
176.00041373126487  4.014213937687772 184.0288416066404 pid2bfb
177.27210217951864  4.9403626443252815 187.1528274681692 pid2c49
177.27715037260768  2.4246387283742354 182.12642782935615 pid2ba9
178.2491251285776  3.492280526151259 185.2336861808801 pid2b33
178.77666493024444  2.024532831960576 182.82573059416558 pid2bd0
178.88152808395103  1.164722458284523 181.21097300052008 pid2c21
179.47681852011434  2.325184485026482 184.1271874901673 pid2ba5
