0.1467052673807645  0.8205749291136457 1.787855125608056 pid4d8a
0.6962531462413435  1.2543196675539923 3.204892481349328 pid4d22
1.0024251293949127  1.5394013235129034 4.08122777642072 pid4e1c
1.2876547450634601  0.7023604055900862 2.6923755562436327 pid4d57
1.6990821792384314  2.2896137711662856 6.278309721571002 pid4c94
1.963764992776884  2.190251829180675 6.3442686511382345 pid4d3b
2.0307560761672616  2.5011654221994712 7.033086920566204 pid4e42
2.293602738756728  2.8342836472004946 7.962170033157717 pid4cfe
3.011148294831356  2.6130159969422233 8.237180288715802 pid4dac
3.031178644592125  0.829080082783885 4.689338810159895 pid4d0d
4.086961401286516  1.0122113779303286 6.111384157147173 pid4d89
4.5749397249800206  1.8455621129628264 8.266063950905673 pid4d40
4.619033960427988  2.7339731490369803 10.08698025850195 pid4d7e
4.802552625343292  2.5492244892747618 9.901001603892816 pid4d77
4.816319222197796  0.41301004628323895 5.642339314764274 pid4cd7
4.989966327343542  2.643625363978772 10.277217055301087 pid4d9e
5.132059988825699  0.47633694716271546 6.084733883151129 pid4e12
5.175694523566909  1.2041415415317127 7.583977606630334 pid4d2c
5.508936319899027  0.55283498648964 6.614606292878307 pid4e40
5.698600883390236  2.9080353424029153 11.514671568196068 pid4cd1
5.716701921423439  2.825858711669001 11.368419344761442 pid4d85
5.779624254127002  1.5912526616872738 8.96212957750155 pid4e23
5.849911382524264  2.186517869493574 10.222947121511412 pid4e33
6.081410475948646  2.1460114107074717 10.37343329736359 pid4d4e
6.2669702854803555  1.3739198119279772 9.01480990933631 pid4c9c
6.500273511192612  1.359877105052356 9.220027721297324 pid4e0b
6.553168839592461  2.1113327374789503 10.775834314550362 pid4d06
6.829055915810778  2.858333369604615 12.545722655020008 pid4dc7
6.926519785290308  2.0119232019347284 10.950366189159766 pid4d43
7.414244440405615  2.420053350304128 12.25435114101387 pid4e2d
7.7189910663649  2.0307100607976083 11.780411187960116 pid4cbe
7.823416558512775  0.6001595304116407 9.023735619336057 pid4e20
7.978721922061394  1.346038786921286 10.670799495903966 pid4dbd
8.113977129337469  2.6129230163265325 13.339823161990534 pid4cf2
8.243880168242324  2.3385182963046436 12.920916760851611 pid4d79
8.375505696113628  2.589065911395326 13.55363751890428 pid4d1c
10.010839870157785  1.4563380251124687 12.923515920382723 pid4daa
10.210799884634891  2.500858724200675 15.212517333036242 pid4e30
10.404248122378256  0.4090473998187796 11.222342922015816 pid4cda
10.414043243791992  0.6146672668230663 11.643377777438126 pid4ccf
10.715947467303488  2.585120259766102 15.886187986835692 pid4cfa
11.037730996154217  1.0721959729852943 13.182122942124806 pid4d10
11.161198823515605  2.9879948852985208 17.137188594112647 pid4dc4
11.177601755807398  2.201838054362532 15.581277864532463 pid4d59
11.265375600009364  1.4155735612088218 14.096522722427007 pid4e4f
11.318755516666268  2.8479770162641196 17.014709549194507 pid4dce
11.467916409906964  2.7597560141936035 16.98742843829417 pid4c9b
11.555500375303662  2.8594842924096975 17.27446896012306 pid4d65
11.656700051218838  1.8153951206946979 15.287490292608233 pid4dbe
11.715431288152756  0.6483852476811897 13.012201783515135 pid4d51
12.013676369690785  2.4874217471042117 16.988519863899207 pid4dfd
12.285625052606852  1.6045351301825108 15.494695312971874 pid4d18
12.72559887877389  0.5153986895988659 13.756396257971623 pid4ce2
12.769801986895546  1.6802020994601454 16.130206185815837 pid4d97
12.838267977870476  2.152950284406736 17.14416854668395 pid4e17
12.96927295544994  1.0598695434748513 15.089012042399641 pid4d9b
13.416014908463602  0.8373894376420223 15.090793783747646 pid4d16
13.41643057766565  1.3751694916618231 16.166769560989298 pid4d36
13.91736028278714  0.9873071028726136 15.891974488532368 pid4da2
13.994568504041583  1.1212091266122353 16.236986757266052 pid4dca
14.1702770018449  0.631046220214844 15.432369442274588 pid4e3b
14.17098760658041  1.8668256494798299 17.904638905540068 pid4d9d
14.586962511669732  1.8893511953559594 18.365664902381653 pid4d74
14.799999260541219  1.7592057576123614 18.31841077576594 pid4d27
15.089244718504535  2.4155988899132077 19.92044249833095 pid4ddb
15.529386499206376  1.5035014486155251 18.53638939643743 pid4db6
15.756802332395846  2.821234406545683 21.399271145487212 pid4da9
16.713185501252482  2.3375276940747134 21.38824088940191 pid4e02
16.7391144342103  2.0749620428766904 20.88903851996368 pid4e4c
16.97991434909083  1.1232563496212746 19.226427048333377 pid4e21
17.006620578230127  2.6291144317164163 22.26484944166296 pid4da7
17.76907530995895  2.7973306898801806 23.36373668971931 pid4ca1
17.80343455997402  1.6040734115200688 21.011581383014157 pid4de5
17.926808962266648  1.1554158223294615 20.23764060692557 pid4d6f
17.982273259046277  0.5980580804941543 19.178389420034584 pid4d2d
18.694549844189147  1.9869248881606012 22.66839962051035 pid4cf4
18.776137070081877  2.349122876233467 23.47438282254881 pid4def
19.195107679087453  1.3162749352814842 21.82765754965042 pid4e2e
19.22990317502332  2.627849414100128 24.485602003223576 pid4e49
19.583841538794545  2.5169264864776686 24.61769451174988 pid4d7f
20.262524878939836  1.9231137711607573 24.10875242126135 pid4dde
20.419557757565908  0.9035664705374986 22.226690698640905 pid4d8d
20.540805273233996  2.573945511786542 25.68869629680708 pid4df3
20.815242941736635  1.919874911674988 24.65499276508661 pid4d39
21.728601373819313  1.4721745863311355 24.672950546481584 pid4dcc
21.995506766648177  2.2326512592199372 26.46080928508805 pid4d41
22.453740610575768  1.0992945564683048 24.652329723512377 pid4c97
22.482715722852433  1.6852374146732165 25.853190552198868 pid4dff
22.561398684994405  2.45981838803459 27.481035461063584 pid4cc8
22.68108377513166  2.920674192777546 28.522432160686755 pid4d0b
23.026624287227303  2.5306803565031 28.087985000233502 pid4dec
23.333483689358893  0.789050796362022 24.911585282082935 pid4d37
23.770054575752674  0.9704005792447445 25.710855734242163 pid4e19
23.922489101149868  2.4655260399503356 28.853541181050538 pid4de0
23.99782905325939  1.0449226343370057 26.087674321933402 pid4cec
24.760307725246456  2.330897768763382 29.42210326277322 pid4cbc
24.78311125337761  1.1978779499833005 27.17886715334421 pid4cce
24.859652511471552  1.7676999535506224 28.395052418572796 pid4d67
24.981806600783372  2.453657971469055 29.889122543721484 pid4d7a
25.074097889549318  2.2703086937159953 29.614715276981308 pid4df7
25.78548114184165  0.8487246659243508 27.482930473690352 pid4e31
25.794261989325605  2.886695185041665 31.567652359408935 pid4d4a
26.075150580016803  0.7500944452594854 27.575339470535774 pid4cb5
26.08945484734485  2.6091287507746532 31.307712348894157 pid4d66
26.226070344009365  2.81464490834211 31.855360160693586 pid4cc9
26.445992079827473  0.642350418467386 27.730692916762244 pid4e4d
26.741490040784  1.8784661781274212 30.498422397038844 pid4d49
27.46551963172469  2.791680156174338 33.04887994407336 pid4e27
27.881763069885746  1.2668650503555243 30.415493170596797 pid4cff
27.926630405114715  2.7832821386910798 33.49319468249688 pid4cb0
28.358230441457046  1.3657800872379888 31.089790615933023 pid4d17
28.724552101772204  0.5600083164192392 29.844568734610682 pid4ca6
29.068429287046992  2.5346205022514683 34.13767029154993 pid4cde
29.387217124045584  2.153183572863767 33.69358426977312 pid4d1a
29.537375297427783  2.7607523465656025 35.058879990558985 pid4e08
29.716621280695698  0.4973873271714761 30.71139593503865 pid4ceb
29.835379591850653  1.2630101038778374 32.36139979960633 pid4ce1
30.194825070650033  2.730307700164865 35.65544047097976 pid4d92
30.47437876686131  1.2257284422550583 32.92583565137143 pid4d8b
30.575804256957063  1.481516728328732 33.53883771361453 pid4d61
30.60470385202899  0.6761893900157051 31.957082632060402 pid4da4
30.88616639540307  2.765886673816945 36.41793974303696 pid4df1
30.94468662228762  2.726407393680464 36.39750140964855 pid4de8
31.185986093269268  0.5063085845468449 32.19860326236296 pid4d42
31.582838156287142  1.1343528121511324 33.85154378058941 pid4cdc
31.666045243880202  2.777684175545614 37.22141359497143 pid4d02
31.733259987692087  1.2966464650548843 34.326552917801855 pid4de6
32.01011503735889  2.8254467786506217 37.66100859466013 pid4cb7
32.04310495175  0.948940019896661 33.940984991543324 pid4df0
32.06788375046726  1.9122402946681447 35.89236433980355 pid4e2a
32.203700014885364  1.251139749955159 34.70597951479568 pid4d01
32.308591948217  2.255892651861668 36.820377251940336 pid4cd0
32.32873895062384  1.6687819847294878 35.66630292008281 pid4ca9
32.50120295526598  2.6430132950829655 37.78722954543191 pid4cb8
32.565754458205944  0.7703753327238929 34.10650512365373 pid4d58
32.92691437823252  1.0694514838597877 35.06581734595209 pid4dd7
33.23220633001084  0.46453462214281294 34.16127557429647 pid4db3
33.579580371628495  2.216369913154739 38.012320197937974 pid4d1b
33.70811748827772  1.000151048374519 35.70841958502676 pid4df6
33.71119335952638  2.3955398630968587 38.5022730857201 pid4d05
33.714120002209015  2.404002651022206 38.52212530425343 pid4cf8
34.09829063830592  2.8049241408168504 39.70813891993962 pid4d76
34.20974236462906  1.9612003061105234 38.132142976850105 pid4dae
34.23303059803489  1.3518993279450693 36.936829253925026 pid4dc8
34.42818556185966  2.87727906537069 40.182743692601036 pid4c9d
34.45218367188557  1.7487644168040828 37.949712505493736 pid4dcb
34.858903891171465  0.5150379633210489 35.88897981781356 pid4ccb
35.34654964876102  2.2361346069971058 39.81881886275523 pid4d13
35.35381554971097  0.5079615525119157 36.3697386547348 pid4e2b
35.47716827742905  2.6052943461261058 40.68775696968126 pid4c92
35.54698237253009  0.9778621778774083 37.502706728284906 pid4cc4
35.6321587534571  0.6277499008888731 36.88765855523484 pid4dad
35.65663064896363  1.1308122198260175 37.918255088615666 pid4d80
35.697132324352154  2.651892211193419 41.000916746738994 pid4cdd
35.709775399957834  1.3990233727630461 38.50782214548393 pid4dfe
35.77659289674394  2.950335422710634 41.67726374216521 pid4e4a
35.972733278450484  2.9859710695283055 41.94467541750709 pid4cd4
36.19263803320655  1.98323625971903 40.159110552644606 pid4cd3
36.60262715671338  2.146984773582021 40.89659670387742 pid4de3
36.82868581114958  2.2223521393191956 41.27339008978797 pid4dd1
37.00182543899337  1.8941243085937387 40.79007405618085 pid4d6a
37.06323907732168  2.1582293159693884 41.37969770926046 pid4c9f
37.18693310362744  2.708935368115782 42.604803839859 pid4e05
37.55545023516251  1.9553379735949519 41.46612618235241 pid4d26
37.75248885931409  2.338690983265183 42.42987082584446 pid4dbf
37.78480650593965  2.9900264861076247 43.7648594781549 pid4e1e
37.81146607737254  2.7343202071389867 43.280106491650514 pid4e1d
37.84561909313416  1.0866540693889233 40.01892723191201 pid4dd2
37.90759775260084  2.1936427426723086 42.29488323794546 pid4dd8
38.056587211260606  1.3820031058990243 40.820593423058654 pid4cc6
38.091198884461754  2.917489254706732 43.92617739387522 pid4e48
38.134097779917475  1.8146999603664846 41.76349770065045 pid4cfb
38.626623392773766  2.2333171799964253 43.09325775276662 pid4d2f
38.645222814414836  0.6916542497497086 40.02853131391425 pid4d78
38.82831288352986  0.8869371898871402 40.60218726330414 pid4d6d
38.91804221364043  2.526246287684928 43.97053478901029 pid4e25
39.014186075643266  2.88519448988495 44.784575055413164 pid4daf
39.05883586049922  2.2616997975603614 43.582235455619944 pid4ced
39.41626739116014  1.1814802906644295 41.779227972489 pid4d0f
40.63702563486559  0.7444060069981095 42.125837648861804 pid4e1f
40.77084147976136  2.3519895477765838 45.474820575314524 pid4d1f
41.22678271479905  2.1779902173482624 45.58276314949558 pid4dd6
41.789652065399096  1.41322584696161 44.616103759322314 pid4e0d
42.17749230189061  2.4766482569845105 47.13078881585963 pid4d56
42.24155152173423  0.776953342590275 43.79545820691478 pid4ce6
42.334759346739844  0.9071097231691739 44.14897879307819 pid4dda
42.44450451215269  2.4596315179250627 47.36376754800281 pid4e44
42.45784308390521  1.4867403488412698 45.43132378158775 pid4d70
42.55706825825835  0.6613659063652266 43.8798000709888 pid4e2f
42.825544004631425  1.053584783806076 44.93271357224358 pid4d21
43.273073207874354  1.456950488742422 46.1869741853592 pid4cd5
43.42704509294338  1.27149076311413 45.97002661917164 pid4db0
43.448600125406024  1.490206890554533 46.42901390651509 pid4d7b
43.80908782403247  2.357256715271589 48.523601254575645 pid4dee
43.967778535980784  1.1381857599385736 46.24415005585793 pid4e24
44.08783464859827  2.640702646012422 49.36923994062311 pid4e4e
44.328559182284955  0.7922896070109723 45.9131383963069 pid4d88
44.55570170834321  1.1736936477190025 46.90308900378121 pid4d96
44.83018647850645  1.1410860562245047 47.11235859095546 pid4db8
44.86499981696379  1.4654374196300872 47.795874656223965 pid4cd8
45.26104552278915  1.151354151057543 47.56375382490424 pid4ded
45.43198719844778  1.3471062672745875 48.12619973299695 pid4e3a
45.60860536150847  0.7343169795866283 47.07723932068172 pid4d1e
45.62128216930444  2.080480484961679 49.7822431392278 pid4d81
45.84364708314938  2.7338500472708867 51.311347177691154 pid4cba
45.987041729228054  2.352492221525016 50.692026172278084 pid4caa
46.78301355390134  0.5139365927186966 47.810886739338734 pid4e3e
46.79980985390909  2.5677174358440613 51.935244725597215 pid4d24
47.35846267421716  2.3505427420471983 52.05954815831156 pid4d1d
47.85515631809204  0.405190038933988 48.66553639596002 pid4dc3
47.988552595234864  2.5983243150418187 53.1852012253185 pid4d03
48.219473918679526  1.4630710567181224 51.14561603211577 pid4e28
48.35072038914563  2.969845191309002 54.29041077176363 pid4e39
48.51849374832208  2.230360808726229 52.979215365774536 pid4d50
48.61374100914576  1.5826725106598665 51.77908603046549 pid4cb9
48.72768738374313  2.8391389687382222 54.405965321219576 pid4d46
48.82127724680508  2.730177662689708 54.2816325721845 pid4cf9
48.842167801573424  2.716346037071636 54.2748598757167 pid4d62
48.96464092056612  1.1131121102949022 51.190865141155925 pid4dc9
49.1174067456811  2.350656104818284 53.81871895531767 pid4d15
49.40538682337188  2.577759044681995 54.560904912735865 pid4d0a
49.427443654438406  1.3826907764372192 52.19282520731284 pid4d09
49.55394145059684  2.172753447745703 53.89944834608824 pid4d32
49.98995707903856  2.151883558534105 54.29372419610677 pid4d19
50.277418434045096  0.7336930802687953 51.74480459458269 pid4e36
50.45734008939051  2.3292993471433387 55.115938783677194 pid4e09
50.542237594954045  1.3833442915001724 53.30892617795439 pid4d7c
50.54560874576662  2.0621359685282714 54.66988068282316 pid4cdf
50.76422610104297  2.0024788169015526 54.76918373484608 pid4e0a
51.3374634045909  1.7418071217981117 54.82107764818712 pid4db9
51.67533519177413  1.0765214106103627 53.828378012994854 pid4db4
52.00316495610593  1.899572549718601 55.80231005554313 pid4d29
52.09230161845018  1.899970129278529 55.89224187700724 pid4d99
52.31172325440565  2.832246136991225 57.976215528388096 pid4d8f
52.68328590664508  1.7801242944499998 56.243534495545084 pid4cef
52.91692767210399  2.5168853121374846 57.95069829637896 pid4d12
53.03235002130556  0.6145867730377784 54.26152356738112 pid4d5d
53.032862319509555  1.4855627839933678 56.003987887496294 pid4d2b
53.28122468000671  2.820654927916961 58.92253453584063 pid4db1
53.291230759536305  0.42554146469141363 54.14231368891913 pid4e0c
53.29388679674052  1.4825577743769274 56.25900234549438 pid4e01
53.321953712927275  1.7590804244453704 56.84011456181801 pid4e0e
53.66344542419784  2.886034647600142 59.43551471939812 pid4e04
53.771874280323814  2.6297627801118875 59.03139984054759 pid4d7d
54.244681653135  0.5213003793415812 55.28728241181816 pid4e18
54.30345479527121  0.40141946784972465 55.106293730970656 pid4d6e
54.358188766609786  1.998904597086526 58.35599796078284 pid4e3f
54.39690228742274  2.51788897133761 59.43268023009796 pid4d5a
54.5945585337383  0.7896438652181939 56.173846264174685 pid4ca5
54.72168806308131  0.6308106644745776 55.98330939203046 pid4c93
54.91824152427599  2.7067909695072037 60.3318234632904 pid4cee
55.39107797028422  0.6565549663972683 56.70418790307876 pid4ca4
55.711835399315135  1.6935647263912577 59.09896485209765 pid4e15
56.01583721244368  1.4091457380352992 58.83412868851428 pid4db7
56.33243831839228  1.6307319132543108 59.5939021449009 pid4d3a
56.63957188830368  2.808863731102969 62.25729935050961 pid4e4b
56.97599765244392  2.043736906770781 61.06347146598549 pid4d47
57.14784248302861  2.1163012802178467 61.380445043464306 pid4d6b
57.570721105991126  2.7608240414069156 63.09236918880496 pid4ca2
58.00683556924412  0.42900081874629853 58.864837206736716 pid4e3c
58.06565120454778  2.8437475060340955 63.75314621661597 pid4dcf
58.12515715858564  1.8908182117004149 61.90679358198646 pid4d31
58.29221037608108  0.8848508910545989 60.061912158190275 pid4cc3
58.42820485620255  1.6319741064199196 61.69215306904239 pid4dd0
58.53464384348229  2.614767605320342 63.76417905412298 pid4d5e
58.6196658790907  2.117551362375185 62.854768603841066 pid4c90
58.735488513059344  2.98125082998817 64.69799017303569 pid4d2a
58.80410380266559  2.2979903486040114 63.40008449987361 pid4e43
58.84315676188804  1.5688534164768266 61.98086359484169 pid4d9f
59.333880008352644  2.245069244998624 63.82401849834989 pid4d82
59.409016018477665  2.505326309112871 64.4196686367034 pid4e3d
59.43335104106462  1.9369836568311722 63.30731835472696 pid4d53
59.76299584644133  1.314313214988845 62.39162227641902 pid4ce0
59.87355129918931  2.2740994356790702 64.42175017054745 pid4cfd
59.94048508161235  0.4734220679202427 60.88732921745284 pid4dd3
60.20478198402487  1.8706479858386929 63.94607795570226 pid4e51
60.20655942630684  1.4535249026576467 63.113609231622135 pid4cc5
60.368617174560605  1.4015113567169641 63.17163988799453 pid4cc1
60.46615465989984  2.542367109951555 65.55088887980295 pid4cbf
61.492821400230156  1.3139951026712726 64.1208116055727 pid4d71
61.879303272777044  1.2750955095688168 64.42949429191468 pid4cb4
61.96231907747445  0.7724578371542643 63.507234751782974 pid4cc0
62.14185489334493  1.3963984121269206 64.93465171759877 pid4db2
62.157712042739476  2.046367535980445 66.25044711470036 pid4dd5
62.485201260788756  1.6960916191395907 65.87738449906794 pid4cfc
62.814691331314364  2.7846988545253817 68.38408904036513 pid4d00
62.994425896231434  1.3278987226438812 65.6502233415192 pid4deb
62.99623006330519  0.5987857182661086 64.1938014998374 pid4e06
63.12993652952482  2.594557909775831 68.31905234907649 pid4cf6
63.56517728183865  1.5742457209763483 66.71366872379134 pid4df4
63.59591208610651  2.267252965886196 68.1304180178789 pid4e29
63.76983219869028  0.9735476614745471 65.71692752163938 pid4d0c
64.34610360376607  0.5026021778595299 65.35130795948513 pid4d94
64.50536696147199  0.8754017057622365 66.25617037299646 pid4e41
64.94049888471748  2.9843773322404057 70.9092535491983 pid4cac
65.40999962547352  0.8334566323276913 67.0769128901289 pid4d93
65.48982944976855  1.4224282209995285 68.3346858917676 pid4d9c
66.00026004147391  2.753738684978156 71.50773741143021 pid4d30
66.0388510769514  1.5531757037238623 69.14520248439912 pid4ca3
66.18182906011604  1.8520752227645056 69.88597950564505 pid4ca8
66.23470922907357  2.0196986130454877 70.27410645516454 pid4e11
66.8924816103977  0.45825170513216307 67.80898502066202 pid4dc5
67.11966911970543  1.588334172831578 70.2963374653686 pid4e50
67.12724467019572  0.9369418973637806 69.00112846492328 pid4cea
67.75117781196359  0.9236428999771461 69.59846361191788 pid4d25
67.83073121485167  2.1030199102646336 72.03677103538094 pid4e32
67.83321804250123  2.84921643153002 73.53165090556126 pid4d8c
68.04538354292963  1.2280188196248123 70.50142118217926 pid4d07
68.24285430627356  2.4070341500999413 73.05692260647344 pid4dc0
68.84429980783536  0.4347024929325531 69.71370479370046 pid4e22
68.89591856990651  2.6607247561794733 74.21736808226547 pid4d38
68.95470669632765  1.6924102579905136 72.33952721230868 pid4ce8
69.48155104425402  1.1806977432929564 71.84294653083992 pid4d4f
69.91522747742759  1.9825954099172232 73.88041829726204 pid4c9e
69.98134261771796  0.40766075376141003 70.79666412524078 pid4ce4
70.05860638351025  0.7115061406120375 71.48161866473433 pid4ddd
70.25344613720512  0.5893447892057265 71.43213571561657 pid4d84
70.59923566551582  2.224632294298747 75.04850025411332 pid4cf3
70.67337889080272  2.2616210283360907 75.19662094747491 pid4dd4
70.85482283248717  1.8098949608029584 74.47461275409309 pid4cad
70.86023437017049  1.0828454680029855 73.02592530617646 pid4d52
71.111678577946  1.969027208224241 75.04973299439447 pid4de1
71.34276090905881  1.624026002942235 74.59081291494329 pid4cca
71.47209806173399  0.5868416146507419 72.64578129103548 pid4ccd
71.56490350338352  0.4764118657520783 72.51772723488767 pid4dab
71.75296429037036  2.41616726378643 76.58529881794321 pid4d4b
71.8784079840347  1.883035943852228 75.64447987173915 pid4e2c
71.88163525679198  1.4136584239185548 74.70895210462909 pid4de4
72.13963408584905  1.9649770763063215 76.06958823846169 pid4df2
72.26137755102226  0.582224629466461 73.42582680995518 pid4c96
72.27768165475669  1.5391092427684803 75.35590014029366 pid4cbd
73.23966916698932  1.2160228759604577 75.67171491891023 pid4cd6
73.66925744242813  2.7721715472554593 79.21360053693905 pid4d9a
73.76758542426374  0.5160675443153163 74.79972051289438 pid4e45
73.83452478963147  0.702115405038281 75.23875559970803 pid4cd2
74.20297272705322  2.2434315005168 78.68983572808682 pid4dbc
74.31092102324723  0.9141115060246224 76.13914403529648 pid4e34
74.6676691124297  0.8130282985364702 76.29372570950265 pid4cb2
74.91213148546623  1.2561580796114187 77.42444764468907 pid4e26
75.06100728801104  2.9283306750971723 80.91766863820538 pid4dc2
75.19957815320804  2.3351237039810124 79.86982556117006 pid4d73
75.27642787509876  1.5238312964624972 78.32409046802375 pid4d28
75.35922530805266  2.8105191354875756 80.9802635790278 pid4e0f
75.84726742201049  0.458941616850963 76.76515065571242 pid4dba
76.00441598172776  1.953213304340565 79.91084259040889 pid4da1
76.10657928142325  0.5385425832940173 77.18366444801129 pid4c9a
76.65960506921832  1.6674260576811069 79.99445718458053 pid4ddc
77.23455995262204  1.7961009016736353 80.8267617559693 pid4d87
77.42541139204093  2.1627465526753715 81.75090449739167 pid4d33
77.7129540393629  1.9165562264377844 81.54606649223847 pid4d69
77.74164250923344  2.82073795798371 83.38311842520086 pid4dea
78.04030504265712  2.523007570205278 83.08632018306768 pid4dc1
78.22195601711846  2.808008512114817 83.83797304134809 pid4d20
78.24390030658618  0.799102770682498 79.84210584795117 pid4d48
78.28623663336327  0.8316332076521293 79.94950304866754 pid4e00
78.28973771546892  2.703753010615721 83.69724373670036 pid4d5c
78.52946824627264  2.552980388128592 83.63542902252982 pid4cb6
78.9747429918989  1.9414221773148457 82.8575873465286 pid4cae
79.08816977135052  2.0019401187851553 83.09205000892084 pid4d35
79.30726953456958  1.6484249910835271 82.60411951673665 pid4d4d
79.51869999577043  2.8014230415985133 85.12154607896746 pid4dbb
79.65757676200168  2.284909692211101 84.22739614642389 pid4c95
79.72449852888025  0.46635208304021186 80.65720269496067 pid4e07
79.86445881482322  1.1399805690555642 82.14441995293436 pid4cf1
79.91130113118999  1.7118625189282035 83.33502616904639 pid4da6
80.12347552874255  1.6447582449030405 83.41299201854862 pid4caf
80.30371688326106  2.773507151705059 85.85073118667118 pid4da3
80.32734751952914  2.301737809823435 84.93082313917601 pid4e38
80.66851424589522  1.305338933319353 83.27919211253393 pid4d08
80.8501344523524  2.41530058148942 85.68073561533124 pid4d3f
80.94433435677266  2.003622446728078 84.95157925022882 pid4d3c
80.97725690973418  2.268278372282288 85.51381365429876 pid4d5b
81.21730549073537  0.77190183957773 82.76110916989083 pid4cc2
81.27540461894287  2.0172371519537218 85.30987892285032 pid4d44
81.73694765339889  2.3247582672896416 86.38646418797816 pid4dc6
81.92651369215677  1.6272654383849985 85.18104456892677 pid4de9
82.0703785925043  0.9001026063143069 83.87058380513291 pid4de2
82.127640291464  0.8073229559733752 83.74228620341076 pid4e10
82.4184270573052  2.035852159709209 86.49013137672361 pid4e1a
82.76131003825094  1.7545218658898163 86.27035377003057 pid4d83
82.9123598085891  2.863421070955845 88.63920195050079 pid4d8e
83.69288754631151  1.3686243665472586 86.43013627940603 pid4d3d
84.72739803381252  2.8230193173977125 90.37343666860795 pid4de7
85.00656850312183  2.0736964830058615 89.15396146913355 pid4dfa
85.07782085915977  0.5851172296911508 86.24805531854207 pid4e1b
85.1176076415012  2.698205346879601 90.5140183352604 pid4cb3
85.46243533846027  1.3262713965961748 88.11497813165262 pid4d64
85.61861002002567  1.2920300028822278 88.20267002579013 pid4da0
85.84293872403681  0.9187702928633038 87.68047930976343 pid4e47
85.96786568259219  1.4326015356197197 88.83306875383163 pid4d91
86.32689619348704  2.9528226477216952 92.23254148893044 pid4e14
86.41364095134695  1.3511532265881385 89.11594740452323 pid4cf5
86.82068294118896  1.4492962601203079 89.71927546142958 pid4d72
86.82409471668501  1.5800438371971617 89.98418239107933 pid4d45
86.9082980429019  2.854386114877406 92.61707027265672 pid4df9
87.23182554599832  0.8351067869178423 88.902039119834 pid4d90
87.37013118463885  0.8703786891854685 89.1108885630098 pid4dfc
87.3957236800922  1.8182600578029033 91.03224379569801 pid4e35
88.16870461351796  1.4154154132016004 90.99953543992116 pid4ca0
88.39176711683636  2.838419398398798 94.06860591363396 pid4cc7
88.46088165206115  2.948829876966753 94.35854140599466 pid4da8
88.51139923297927  2.7485729058897586 94.00854504475879 pid4e16
88.55322974575995  0.7646078539903035 90.08244545374056 pid4d68
89.01426578808727  2.9404587125268598 94.895183213141 pid4d95
89.0901102431809  1.603880013424956 92.29787027003081 pid4cd9
89.31120355812342  0.9359533212494765 91.18311020062238 pid4dfb
89.58182436875045  1.302145116849965 92.18611460245037 pid4d04
89.68858201259118  1.5723558049065591 92.8332936224043 pid4cf0
89.9601187789146  2.1914571551533384 94.34303308922128 pid4d63
90.47072861590752  2.567504983084072 95.60573858207566 pid4c91
90.58848842132151  0.4191353853921037 91.42675919210572 pid4df8
90.80040749439793  0.49583881457301543 91.79208512354396 pid4d54
91.03511776719544  2.246902588679651 95.52892294455475 pid4e37
91.14113945435449  2.6357982300979277 96.41273591455034 pid4d2e
91.59933733330124  0.8138958876654716 93.22712910863218 pid4ce5
91.84975885732139  2.768464496556307 97.386687850434 pid4da5
91.94908895552186  1.820917185377751 95.59092332627736 pid4d0e
92.73656522767234  2.660248700869101 98.05706262941055 pid4d3e
92.76346943943253  2.031148522593206 96.82576648461894 pid4ccc
92.84001957484297  1.8825177481059003 96.60505507105476 pid4c98
92.98288638920202  1.9351658470196527 96.85321808324133 pid4ce3
93.35607890468711  1.5716674252936587 96.49941375527443 pid4d23
93.51115200289657  1.2147239783757797 95.94059995964813 pid4d14
93.63109403050214  2.802985874640723 99.23706577978359 pid4db5
93.73798891166733  2.336264405213455 98.41051772209424 pid4d55
93.82561235643027  1.9841734879040676 97.7939593322384 pid4d86
94.41767070769147  2.275570362376214 98.9688114324439 pid4ce9
94.43877158150454  0.8993428236261332 96.23745722875681 pid4d98
94.46490157794389  1.6398260156883673 97.74455360932063 pid4cf7
94.90280151682173  2.5401613406728307 99.98312419816739 pid4cab
94.90661152409805  1.9193422633115467 98.74529605072115 pid4d4c
94.92243768766016  1.969501805171944 98.86144129800405 pid4df5
95.62083109183214  1.4805460765688037 98.58192324496976 pid4c99
95.812167898187  0.5259157106945033 96.86399931957601 pid4d75
96.2165935649947  2.91158684732479 102.03976725964428 pid4d11
96.78178531092885  1.9961738828933857 100.77413307671563 pid4ca7
97.23652145340826  2.001888916258107 101.24029928592446 pid4cbb
97.44965213135646  0.5048840578244359 98.45942024700533 pid4cdb
97.47899140685988  1.5942837504755194 100.66755890781091 pid4cb1
97.57438495317066  2.951855858883842 103.47809667093834 pid4d60
98.26515649372534  1.3344679204031145 100.93409233453157 pid4d34
98.72299318017443  2.3131952114431775 103.34938360306079 pid4d5f
98.75534418072235  2.461451852524471 103.67824788577128 pid4dd9
98.78252330725216  0.5037184975475425 99.78996030234725 pid4e46
98.8737414550903  1.2535578971622405 101.38085724941477 pid4d6c
99.02945023286902  2.6797599965322645 104.38897022593355 pid4ddf
99.27732348052831  2.8931927547355105 105.06370898999933 pid4e03
99.29818855156049  0.8867569451904247 101.07170244194134 pid4ce7
99.31926767945714  1.5846398339137746 102.4885473472847 pid4dcd
99.39583233360652  1.6049437706265008 102.60571987485952 pid4e13
