0.2929540856424717  1.1165573138753924 80.29295408564248 pid828
1.616780400307738  1.5348025324923085 81.61678040030773 pid81a
2.3144219187292094  1.9280314071528382 82.31442191872921 pid81c
5.112405352561983  1.5709887515433598 85.11240535256198 pid829
5.701400539884088  1.4167119127242016 85.70140053988409 pid82f
5.71840621608799  0.5740476414604595 85.71840621608798 pid825
8.810383938703675  1.9691168180952494 88.81038393870368 pid80f
9.725564204135123  1.875088564723834 89.72556420413513 pid807
10.21221868456063  0.7267811734182528 90.21221868456063 pid819
13.498665074170685  1.9276042409061998 93.49866507417069 pid80e
15.809595034713919  1.8041502319540452 95.80959503471392 pid82e
17.248023686910003  1.2743733687475807 97.24802368691 pid811
20.586732275509352  1.4525236376832082 100.58673227550935 pid810
21.123458594957068  1.462778143133237 101.12345859495707 pid804
22.051413220344585  1.577789786552649 102.05141322034459 pid822
29.452410851706272  1.204724022623663 109.45241085170628 pid803
35.69074733834049  1.2409401496146262 115.69074733834049 pid80c
36.41199513508538  0.850384217805372 116.41199513508538 pid831
37.78911412744391  1.9393696600878496 117.78911412744391 pid82b
38.11756169021756  1.843979624021428 118.11756169021757 pid81e
38.12534119436339  1.4304503379646385 118.12534119436339 pid824
38.2297592551282  1.8508663545901327 118.2297592551282 pid816
40.18080523305176  1.2749694198817716 120.18080523305176 pid809
54.61553407257301  1.8561076180181295 134.615534072573 pid81f
55.14578016754509  0.6348504507149975 135.1457801675451 pid823
58.10765154427761  0.7860186502929507 138.10765154427762 pid80a
71.44208119395758  1.539267303838662 151.44208119395756 pid808
71.91493248454555  0.8040323427122427 151.91493248454555 pid827
72.53262140553343  0.911860711582974 152.53262140553343 pid832
74.35207469082444  1.0192470602500765 154.35207469082445 pid802
75.77600521578908  0.7710784361690456 155.7760052157891 pid833
77.62959177186288  1.339274244270357 157.62959177186286 pid82c
80.52458930076301  1.9761050332362609 160.524589300763 pid815
81.45982550627312  1.0544664339661556 161.45982550627312 pid81b
82.70620856071135  0.7994843374838596 162.70620856071133 pid80d
92.92262737826411  1.0301625900618558 172.9226273782641 pid82d
96.8450410522445  1.2058588780749726 176.84504105224448 pid80b
101.18617714431373  1.3991849478010245 181.18617714431372 pid82a
104.60616817045504  1.6980575642867954 184.60616817045502 pid814
116.69948422117974  1.4163678653140652 196.69948422117974 pid821
117.36131161000826  0.7032288973074567 197.36131161000827 pid820
117.7975698587674  1.5922497664616513 197.79756985876742 pid806
118.90000757236118  1.4152625249320285 198.90000757236118 pid805
124.0185931895466  0.9612887506033099 204.0185931895466 pid818
128.75607510883955  0.6768451430003415 208.75607510883955 pid812
134.0429454151792  0.8488617267262364 214.0429454151792 pid81d
140.5173623025804  0.8804937175339096 220.5173623025804 pid826
140.65731791254524  0.9666166580491109 220.65731791254524 pid813
143.34886127154002  1.9785131608856026 223.34886127154002 pid817
143.41095468983835  1.8903974659334495 223.41095468983835 pid830
