0.7348264047617847  0.7679621132561023 80.73482640476179 pid2bc5
2.139652120685459  0.7094757138031313 82.13965212068545 pid2c92
2.181791962590723  0.5186090850030824 82.18179196259072 pid2c2d
2.365905961931797  0.5213463066528012 82.3659059619318 pid2cea
2.7863781512220354  1.7490426188677808 82.78637815122204 pid2b46
3.042491825006899  0.6805522277397721 83.0424918250069 pid2c53
3.3955326671812056  1.0649304980007794 83.3955326671812 pid2c01
3.7262974240383606  1.2156094514563776 83.72629742403836 pid2b54
4.018842088711838  0.9721475274633395 84.01884208871184 pid2c78
4.274460489578141  0.8481297799184007 84.27446048957815 pid2cc4
4.593715220158878  1.2997594958651237 84.59371522015888 pid2cad
4.829646119739023  1.4210244018301654 84.82964611973902 pid2cd1
4.9226624790526365  1.6883867464698057 84.92266247905263 pid2c9b
5.236795716213749  1.2974445904960479 85.23679571621375 pid2cb0
5.78595401945175  0.8101173044328271 85.78595401945175 pid2c0b
6.10964338557114  1.6214166341607914 86.10964338557113 pid2c4c
6.2903487640797895  1.7333235730055603 86.2903487640798 pid2ccd
6.520215791956136  0.806762352460919 86.52021579195613 pid2cb5
6.657963631612102  1.7232101465934102 86.6579636316121 pid2b86
7.210698855584708  1.400882498775049 87.21069885558471 pid2cdb
7.245409561189964  1.0586071681934424 87.24540956118996 pid2b83
7.365981836894308  1.674049095191023 87.3659818368943 pid2c97
7.821587165558968  1.2099624846818526 87.82158716555897 pid2b4a
8.06205158260686  1.8499538441876342 88.06205158260686 pid2b9a
8.067076252511345  1.9367318327311165 88.06707625251134 pid2b57
8.237714273107716  1.519630595941198 88.23771427310771 pid2c91
8.668638863404759  1.2611168566584816 88.66863886340477 pid2cc3
8.80646272731102  1.6256136708914812 88.80646272731101 pid2baa
9.259178009378294  1.278417779409673 89.25917800937829 pid2cbf
9.651190703157758  1.6000682799171002 89.65119070315775 pid2bb4
9.768879000300023  0.6793599076953524 89.76887900030002 pid2bea
9.7933772161162  0.9465012301859055 89.7933772161162 pid2c03
9.85796885907253  1.8061508838164766 89.85796885907253 pid2be3
9.955901587172272  1.5952612635911947 89.95590158717228 pid2ba2
10.132304135747766  1.3151522316955977 90.13230413574777 pid2bdd
10.321337851830581  0.8295692143415367 90.32133785183058 pid2b4d
10.416312088817714  1.8467549689740075 90.41631208881772 pid2b5e
10.633141863360057  1.8003013915810342 90.63314186336005 pid2c27
11.449659211707818  0.5483938784267444 91.44965921170783 pid2c39
12.07037294208212  0.9122051375838722 92.07037294208212 pid2b73
12.998535218160095  0.5373743064504176 92.9985352181601 pid2b30
13.336249192956023  1.9571978417750242 93.33624919295602 pid2cd6
13.407260220782756  1.190461715250766 93.40726022078276 pid2c35
13.779181872129149  0.6014962583551857 93.77918187212914 pid2b81
13.825403820695609  1.0927086863580522 93.82540382069561 pid2b48
13.906251992802881  1.263397621166865 93.90625199280288 pid2c10
14.10529590326054  1.4901126229633501 94.10529590326054 pid2b93
14.779546879585931  1.5770671535949272 94.77954687958594 pid2c37
15.222979692626943  1.3666982853787815 95.22297969262695 pid2ca4
15.282975987288333  1.5778643315116538 95.28297598728834 pid2c80
15.283608963815526  1.0309560802852809 95.28360896381552 pid2b4c
15.874855829241735  0.7583456648540436 95.87485582924174 pid2be4
16.316078623831704  1.3274840940984471 96.3160786238317 pid2c83
16.5242239267483  0.6439870613217742 96.5242239267483 pid2b4b
16.703422209829377  1.3783616905684677 96.70342220982937 pid2c3f
17.44675971151758  1.3440954597699768 97.44675971151759 pid2c36
17.694763271951867  1.2888803672810647 97.69476327195187 pid2c1e
18.310476186998898  1.0505883393940971 98.3104761869989 pid2bd8
18.499555786759984  0.965895866055497 98.49955578675998 pid2cca
19.02530763454619  1.1534128603434253 99.0253076345462 pid2bae
19.46777363451948  0.957904948973374 99.46777363451949 pid2b7f
19.80841792789814  0.995933130883407 99.80841792789815 pid2cd4
20.295226644262886  0.9508198086554882 100.29522664426288 pid2b41
21.39976862671711  0.61238833254939 101.3997686267171 pid2c46
21.867230739068372  1.7323932996610885 101.86723073906838 pid2c99
22.178152662151764  1.9576199071232065 102.17815266215176 pid2b80
22.630023560785528  1.1711158804350719 102.63002356078553 pid2b98
22.777038450769005  1.0872525934269486 102.777038450769 pid2bc9
22.852949824187096  1.9121804751979434 102.85294982418709 pid2ce0
22.869658799011  0.905634628728439 102.869658799011 pid2c2f
23.674518068387272  1.1410886409051342 103.67451806838727 pid2b55
24.679782303301877  1.5894014773829097 104.67978230330188 pid2cdd
24.910133483702595  0.7411798754694952 104.9101334837026 pid2c4a
24.92816493562143  1.1928502361282098 104.92816493562142 pid2c12
25.026437794292267  0.7002814339001509 105.02643779429226 pid2ce1
25.112255460806672  1.218027854229382 105.11225546080667 pid2ce3
25.214108218293624  1.9737638070199384 105.21410821829363 pid2b6b
26.404024547072076  1.0901831364239076 106.40402454707208 pid2b6c
27.92024726450844  1.6909747254906664 107.92024726450845 pid2b70
28.074983313282196  0.5932471378770664 108.07498331328219 pid2bb8
28.156129271253054  1.4377443844800761 108.15612927125305 pid2cae
28.593498323987042  0.8701026993990297 108.59349832398703 pid2bf2
28.645836848901617  0.8368624324778531 108.64583684890161 pid2c40
29.229006720926705  1.6806087096471323 109.2290067209267 pid2b6d
29.571924491841678  1.0087829197903169 109.57192449184168 pid2cbc
29.720418461395443  1.7732857515958629 109.72041846139544 pid2cb2
29.930246529746185  1.7987639762045107 109.93024652974619 pid2c29
30.15368446003841  1.425269947982643 110.1536844600384 pid2c7e
30.38022205400675  1.5586165362025726 110.38022205400675 pid2b4f
30.900757784858257  1.1938518554593558 110.90075778485826 pid2b39
30.96243964066116  1.664838055967231 110.96243964066116 pid2b50
31.014634109555455  1.892921566527812 111.01463410955546 pid2b76
31.27381871832171  1.9035008169552479 111.2738187183217 pid2bff
31.336787868573236  0.6017901107697611 111.33678786857324 pid2c58
31.625637465265356  1.4018623399210175 111.62563746526536 pid2cc8
32.630729296183446  1.1265687169935759 112.63072929618345 pid2c32
33.339713770011514  1.5591284874759772 113.33971377001151 pid2b47
33.531402928955394  0.5195449105077343 113.5314029289554 pid2c43
33.65047367505707  1.3787297879133933 113.65047367505707 pid2b38
34.560929426820245  1.415571176625492 114.56092942682025 pid2c74
35.02906920757704  1.459785650248616 115.02906920757704 pid2bd0
35.24088997867289  0.7011727007530273 115.2408899786729 pid2be8
35.497198524867095  0.5345964788846033 115.49719852486709 pid2b5d
36.31696212465495  1.8867232908175868 116.31696212465495 pid2c17
36.55990909548271  1.2052723690790785 116.55990909548271 pid2c2b
36.931817234787715  1.3602135594256837 116.93181723478772 pid2cab
37.043743529036895  1.8488710292176886 117.0437435290369 pid2c42
37.98173111391222  1.9952311863315362 117.98173111391222 pid2ca8
38.53925759168991  1.861712294747206 118.5392575916899 pid2c88
38.93189937529549  1.1009204048687715 118.93189937529549 pid2c87
39.20113489360126  1.4704541365641752 119.20113489360125 pid2c67
39.61390737599581  1.5087353702521369 119.61390737599581 pid2ba1
40.557306055189784  0.919151539714292 120.55730605518978 pid2b5b
40.873445315607356  0.6690263493244706 120.87344531560736 pid2cce
41.08808945515226  0.9514385701795688 121.08808945515226 pid2b8b
41.904850012718136  1.7191911730295784 121.90485001271813 pid2b82
41.93927472465013  1.1407987417050731 121.93927472465013 pid2bc4
41.946910273168925  1.5099653433017353 121.94691027316892 pid2b3a
42.054685764865134  0.9928304043438385 122.05468576486513 pid2c5d
42.16909180414537  0.8680973328030426 122.16909180414537 pid2bad
42.22808784835163  1.0429196721696818 122.22808784835163 pid2c31
42.721573988959626  0.8825200295665199 122.72157398895962 pid2c5c
43.14044075531834  1.949219215451162 123.14044075531834 pid2ce6
43.30559545097725  1.0135087431887377 123.30559545097725 pid2c9f
43.397920747037695  0.5836905124676154 123.39792074703769 pid2bb3
43.75620514083059  1.7813687561930824 123.75620514083059 pid2ca2
43.97563515365601  1.7587475356913047 123.97563515365601 pid2cc1
44.03495463480601  1.6691501021719852 124.03495463480601 pid2c62
44.35739515746099  1.7549235180748761 124.35739515746099 pid2bf0
44.74813978579408  1.5612506440925285 124.74813978579408 pid2bc6
44.92253878483456  1.9985320917341154 124.92253878483456 pid2cda
45.07433990063931  0.7968638016579318 125.0743399006393 pid2cd3
45.89737196222046  1.1562899092219319 125.89737196222046 pid2caf
46.0385957057184  0.5241190891391365 126.0385957057184 pid2ce2
46.04953627403848  1.0279825035021757 126.04953627403847 pid2c72
46.13353932301835  1.5418931570636332 126.13353932301834 pid2c59
46.30625847363486  0.8160717536641653 126.30625847363487 pid2b2f
46.65939191088923  1.9893145980161413 126.65939191088923 pid2b7b
47.060025744668195  0.8868490142252335 127.0600257446682 pid2cb7
47.28297602328861  0.6467266087906196 127.28297602328861 pid2bd7
47.37123538075246  0.729041992855442 127.37123538075247 pid2c61
47.76793211489244  0.5615788779836404 127.76793211489243 pid2bdc
48.768489307703064  1.6460825076307233 128.76848930770308 pid2ce9
49.261872149572156  1.8430686022477 129.26187214957216 pid2ba4
49.591577620093034  1.35808459090225 129.59157762009303 pid2cc0
50.068616145745096  1.9777940036061774 130.0686161457451 pid2b35
50.18344009511915  1.194698221280421 130.18344009511915 pid2ca5
50.948197776961464  0.5845450863651953 130.94819777696148 pid2bb2
51.12435266447215  0.5173229797302077 131.12435266447216 pid2b74
51.215747388175984  1.9071548460496006 131.215747388176 pid2c5e
51.33314547933681  1.4283564740258188 131.3331454793368 pid2ccf
51.55687587905296  1.5044782243636865 131.55687587905297 pid2c3e
52.2908997492595  1.9496263418062736 132.2908997492595 pid2b65
52.38847779993709  1.7295822916069445 132.3884777999371 pid2c1b
52.45531106896987  1.9596885146687089 132.45531106896988 pid2be9
52.48228194657205  1.6762755644242076 132.48228194657204 pid2c64
52.674803758946105  1.2238137994802418 132.6748037589461 pid2cb9
53.626986257713625  1.0250155640771152 133.6269862577136 pid2bf7
53.66797791879401  1.3495580840449284 133.667977918794 pid2bdf
53.735832815201995  0.8768646130369676 133.735832815202 pid2bce
53.794224861311754  0.6715325057393364 133.79422486131176 pid2b77
53.94381062834705  1.0315386266725894 133.94381062834705 pid2bec
54.06282333781351  1.2155705370232892 134.0628233378135 pid2b9c
54.24828095932363  1.6026828949434204 134.24828095932364 pid2b59
54.30150081942597  1.2635902929519298 134.30150081942597 pid2c75
54.5039381091826  0.5221113691744501 134.5039381091826 pid2be5
54.64099065633994  0.5685473840043617 134.64099065633994 pid2c93
55.394770624349405  1.7046618444326156 135.3947706243494 pid2bcf
55.62085755801755  1.9513219113875766 135.62085755801755 pid2c9d
55.92223960615404  0.5905229347768284 135.92223960615405 pid2b9d
55.99140839778378  1.7130150716294634 135.99140839778377 pid2cd2
56.599245695029474  1.708751289844874 136.59924569502948 pid2bf1
56.77678018746645  0.5521729644582147 136.77678018746644 pid2bb0
57.62822306343791  1.1606826401469759 137.6282230634379 pid2c51
57.65021145459348  0.65836925757824 137.6502114545935 pid2c05
57.90530912310801  1.9739607731769575 137.905309123108 pid2ca7
57.94684963704306  1.5223274826078779 137.94684963704304 pid2bbd
58.01511190034651  0.7998331087971065 138.0151119003465 pid2bd3
58.06845380610113  0.8867201510415379 138.06845380610113 pid2b53
58.64471723610587  0.5362082841187941 138.64471723610586 pid2c30
58.64621829059263  1.2951011862388593 138.64621829059263 pid2c08
58.87640022332247  0.926010965828902 138.87640022332246 pid2c1a
59.70352967818077  0.7363183348759423 139.70352967818076 pid2c3d
59.75290112826815  1.5190925742004155 139.75290112826815 pid2c0a
60.22538303110841  1.4229721060219693 140.2253830311084 pid2c96
60.438736080155905  1.7233818634887084 140.4387360801559 pid2ccc
61.532742641472  1.0186119134790705 141.532742641472 pid2c8d
61.74886900673102  0.7939628667812269 141.748869006731 pid2ba0
61.979784800228835  1.7629787025424506 141.97978480022883 pid2c95
62.46887579556124  1.3595107918330183 142.46887579556125 pid2c6c
62.65520346451858  0.5168093304929241 142.6552034645186 pid2c47
62.785717247932496  1.5775465057839724 142.7857172479325 pid2cb4
63.03682349379843  1.274864220998047 143.03682349379844 pid2c09
63.129308433446255  0.9779688335662435 143.12930843344625 pid2b8e
63.28625287036859  1.3770336616087606 143.2862528703686 pid2c45
63.628556226201304  1.7358984091436451 143.6285562262013 pid2bac
64.52611844846503  1.34781191079011 144.526118448465 pid2b95
65.13847370235558  0.5146331065645207 145.13847370235558 pid2c7c
65.67246519003004  0.5946523292500878 145.67246519003004 pid2ca6
66.51821214481127  1.806041331722596 146.5182121448113 pid2b9e
67.07476537257608  1.6889784965511232 147.07476537257608 pid2cb1
67.07654859260126  0.9210702823727692 147.07654859260126 pid2bb9
67.8340596962793  1.6321213417875742 147.8340596962793 pid2bf6
68.80554956476738  1.6273850607652656 148.80554956476738 pid2c52
69.61438142135172  1.7356227148155874 149.6143814213517 pid2b85
69.64844936283575  1.2465681032446256 149.64844936283575 pid2c0e
69.71190109253331  1.8463003318342772 149.7119010925333 pid2c8c
69.9641908620389  0.6693960541270338 149.9641908620389 pid2bb1
69.98406500502004  1.6685572849695653 149.98406500502006 pid2c49
70.66669334413957  0.6897876664358329 150.66669334413956 pid2bb5
70.86743493944704  0.5959886770032575 150.86743493944704 pid2c68
71.45978226597956  1.1829597870321082 151.45978226597956 pid2c5b
72.29093444562605  1.3816792767022377 152.29093444562605 pid2c89
72.54633396898305  0.7626464788355083 152.54633396898305 pid2c8e
73.186868999556  1.8930395996760068 153.186868999556 pid2b68
73.4952544505393  1.592446527064714 153.4952544505393 pid2bed
73.499771624285  1.6590748675740001 153.49977162428502 pid2bdb
73.65577760295331  0.5137234981928869 153.65577760295332 pid2c7f
74.11616814987734  1.0033216831692835 154.11616814987735 pid2bfa
74.77517912922289  0.5635446291535887 154.7751791292229 pid2bc2
74.83829108607071  1.1998991804088397 154.8382910860707 pid2bbf
75.14894327240174  0.5209389749518696 155.14894327240174 pid2c94
75.29254932237767  1.3266397182803757 155.29254932237768 pid2c20
75.53283028886807  1.8351871719978807 155.53283028886807 pid2b3e
75.6686777741171  1.6000825536968548 155.6686777741171 pid2c24
75.85417625056657  0.8824905203471498 155.85417625056658 pid2b5c
75.93088955799297  1.9058545496614587 155.93088955799297 pid2cc6
76.18616198234054  1.9746334433453732 156.18616198234054 pid2c1d
76.25150942558733  1.3390548040631463 156.25150942558733 pid2b7d
77.01880635003008  1.2035586606088327 157.01880635003008 pid2c6a
77.17304558976377  1.9803071206986118 157.17304558976377 pid2b8c
77.24377328029223  0.9013942959334933 157.24377328029223 pid2ccb
77.61579307162827  1.2083998134995604 157.61579307162827 pid2bc7
77.79047617875864  0.6406313564421823 157.79047617875864 pid2b31
79.12223353838624  1.158272034271627 159.12223353838624 pid2b6e
79.24122851073341  1.9308746103857717 159.2412285107334 pid2b67
79.43832796464206  0.6439915976507773 159.43832796464204 pid2b5f
79.71358112789268  1.8763904005118965 159.71358112789267 pid2b78
79.89794624767768  1.5029047908394133 159.89794624767768 pid2c16
81.10958619476294  1.2671072129522476 161.10958619476293 pid2bcc
81.93809804534766  1.0734917532745167 161.93809804534766 pid2c14
82.12437268312358  0.8672480668270925 162.12437268312357 pid2ca0
83.07568020803276  1.1408287337186604 163.07568020803276 pid2c25
83.56964996597856  1.4313397039393867 163.56964996597856 pid2b89
84.6043629107357  1.8481331325680508 164.6043629107357 pid2bef
84.65857072161553  1.6378675956153843 164.65857072161555 pid2bc0
84.71810334266179  0.5081565207569976 164.71810334266178 pid2bee
85.62617091536643  0.8327614769746013 165.62617091536643 pid2c28
85.77831263405466  0.5180421143514393 165.77831263405466 pid2b7c
86.05079372440711  1.8590136974392302 166.05079372440713 pid2c2c
86.10982053144525  1.8027008402539544 166.10982053144525 pid2c2e
86.62692430883855  0.8581653215853315 166.62692430883857 pid2c63
88.36011782288905  1.9315790096958847 168.36011782288904 pid2cb8
88.3962931882356  1.0077399446010524 168.3962931882356 pid2b3b
88.4437680605289  1.2753249179928914 168.4437680605289 pid2cba
88.80972490910706  1.8890522079599201 168.80972490910705 pid2c76
88.83405401308283  1.5455394758929555 168.83405401308283 pid2b34
89.30584885487342  1.1011056347679915 169.30584885487343 pid2c71
89.7306958626343  1.270150350202853 169.73069586263432 pid2b7e
90.22584653150034  0.8510647177264046 170.22584653150034 pid2b99
90.305457943108  1.8848863239795661 170.305457943108 pid2bc8
90.80930041804216  1.7880978573819815 170.80930041804214 pid2b9b
90.87423134436588  0.592472941383426 170.87423134436588 pid2c4d
91.69715214378954  1.194119185636715 171.69715214378954 pid2cc2
91.70398042295967  0.9313568909047427 171.70398042295966 pid2cb6
91.80755412914657  0.7212778206258512 171.80755412914658 pid2bc1
91.81714721551198  1.022656437919942 171.81714721551197 pid2b2b
91.84541912752842  0.6386850497355359 171.84541912752843 pid2c41
92.25120867967864  0.6806031870844231 172.25120867967865 pid2b5a
92.6304915366561  0.681840425092609 172.6304915366561 pid2c84
92.81670744553855  0.5717077366692971 172.81670744553855 pid2b49
92.95180205711897  0.9642093804062077 172.95180205711898 pid2c55
93.7834417522741  1.66416811178696 173.7834417522741 pid2b66
94.37602368262215  0.9190484415560116 174.37602368262213 pid2be7
94.58604016832275  0.62075888655991 174.58604016832277 pid2b72
94.74661189469347  0.7002372376771164 174.74661189469347 pid2c81
94.94031857509765  1.4626100356365472 174.94031857509765 pid2bbb
95.04000037687021  1.8767041534096234 175.0400003768702 pid2caa
95.07922252503515  0.6398537616365552 175.07922252503516 pid2c65
95.3213865625811  1.460536337941479 175.3213865625811 pid2bf4
95.61932256430299  1.9133325967272994 175.619322564303 pid2bd6
96.07497805296386  1.5569105507890162 176.07497805296384 pid2c00
96.27169052595627  1.736660879542042 176.27169052595627 pid2c21
97.1086149559772  1.8720810553090637 177.1086149559772 pid2b40
97.6852236334295  1.550951692570049 177.6852236334295 pid2bbc
97.75140324354327  0.9101083461674756 177.75140324354328 pid2b88
97.8218165068326  1.648110483352909 177.8218165068326 pid2c06
97.82645684674806  1.7768701878890352 177.82645684674804 pid2c13
98.94090407498375  0.502187208679963 178.94090407498373 pid2cbd
99.11538354958857  1.287778809235366 179.11538354958856 pid2c11
99.37569379864169  1.0843387655418026 179.3756937986417 pid2c48
99.51899709904355  0.7957141525106166 179.51899709904353 pid2cb3
100.29168982123134  0.6236586754286886 180.29168982123133 pid2c23
100.38922530842984  1.2431126732683873 180.38922530842984 pid2c3a
100.66585582622986  1.350067718043249 180.66585582622986 pid2c9e
101.61552652310449  0.7983959649086803 181.6155265231045 pid2c6e
101.7720194120691  1.9068209692042848 181.77201941206908 pid2b91
101.83280881373948  0.9474560886262778 181.83280881373946 pid2b3f
102.85584050737465  0.7192215335146616 182.85584050737464 pid2c82
102.88615731997078  0.6717993859745237 182.88615731997078 pid2c73
102.92058154484202  1.3723651988181653 182.92058154484204 pid2ce7
102.98264461769008  0.5185253805330402 182.98264461769008 pid2c02
103.06806501734197  1.4129079917732852 183.06806501734195 pid2ceb
103.11281638330614  0.8977427656376553 183.11281638330615 pid2b2d
103.54779431483868  0.507551886896142 183.54779431483868 pid2cbe
103.84887727106508  1.0561446187875365 183.84887727106508 pid2bb7
104.49487491238474  1.9378756137234086 184.49487491238474 pid2c90
104.61510718699012  1.3442525880419847 184.61510718699012 pid2c6d
104.77393284223861  1.7307063102516471 184.7739328422386 pid2bf9
104.98762791946571  1.6828183842422741 184.9876279194657 pid2c7b
105.13194848786817  0.6813155743711365 185.13194848786816 pid2c8f
105.27248083279417  0.5230111620124924 185.27248083279417 pid2bfe
105.48952491455339  0.8501861429187225 185.48952491455339 pid2b6f
105.54036997472639  1.7237201788803007 185.5403699747264 pid2c26
106.57726191126662  1.8592829816706775 186.57726191126662 pid2c38
107.12917909062719  1.0362268313691447 187.1291790906272 pid2b8a
107.16143892720413  0.7856545275905837 187.16143892720413 pid2c5a
107.3027742912887  1.374255819201312 187.3027742912887 pid2cd8
107.81560345837948  0.6856527481732992 187.81560345837948 pid2c5f
108.73918953817223  0.6444598013278289 188.73918953817224 pid2c2a
109.05396294301494  0.5214199722712276 189.05396294301494 pid2c50
109.15398328945702  1.8312173601769945 189.15398328945702 pid2cd5
109.23601439940765  1.1206297440168824 189.23601439940765 pid2b42
109.37095114159781  1.4886548939651831 189.3709511415978 pid2bde
109.95107418014406  1.8857292937143724 189.95107418014408 pid2b61
110.52515334881211  1.8802270213723253 190.52515334881213 pid2b36
110.60050632759636  0.970982274414892 190.60050632759635 pid2bd1
111.04533525976937  1.0917771843850579 191.0453352597694 pid2b84
111.19174192924068  0.7851884657517517 191.19174192924066 pid2b97
111.27928580447534  1.0703532644515055 191.27928580447534 pid2c4e
111.35395736386954  0.7086125712843707 191.35395736386954 pid2b2a
111.4879093009088  1.4762562459819852 191.4879093009088 pid2bca
111.66671259287332  1.9665426370628425 191.66671259287332 pid2cc9
112.0847611258522  1.9701016863883591 192.0847611258522 pid2bd5
112.45298949311939  1.6878360378070247 192.4529894931194 pid2b9f
112.63988236171241  0.6591870835005608 192.6398823617124 pid2b52
112.85657327867175  0.6037883518258663 192.85657327867176 pid2ba6
113.09607178363736  1.605677342629821 193.09607178363734 pid2b56
113.64759939762912  1.5012990486131228 193.6475993976291 pid2ca3
114.07645203321326  0.8063646912202016 194.07645203321326 pid2c8a
114.10545482514064  0.9182876564877063 194.10545482514064 pid2b51
114.56047302609959  1.1521936015663021 194.5604730260996 pid2cbb
114.77346563525144  0.7084454383057814 194.77346563525145 pid2bba
115.13505431517291  0.7061275422932637 195.1350543151729 pid2c0c
115.14290303338746  1.9403340971444196 195.14290303338746 pid2c44
116.65620749040329  1.360469681880113 196.6562074904033 pid2c22
117.38756275447282  0.9717603632115233 197.3875627544728 pid2b2c
117.44645293374064  1.457416907119729 197.44645293374066 pid2bb6
117.6275557100462  0.6521485960799973 197.62755571004618 pid2ca9
118.55538357288454  0.6408947823507362 198.55538357288452 pid2bc3
119.11949390774548  0.5126452241831392 199.1194939077455 pid2c57
119.51644987927017  0.5873536706265131 199.51644987927017 pid2ba3
119.71654101144897  0.6293600927672218 199.71654101144895 pid2baf
119.71758259845474  1.23888640017999 199.71758259845473 pid2b8f
120.95408240965054  1.7993309681931065 200.95408240965054 pid2ba7
121.61011991310114  1.7122654359254728 201.61011991310113 pid2c34
121.78216442872369  1.6782363057962655 201.7821644287237 pid2be2
122.1013436973677  1.2342580782584431 202.1013436973677 pid2b62
122.4670773745821  0.5161114150326763 202.46707737458212 pid2c15
123.60554416861716  1.623688583836251 203.60554416861714 pid2b2e
124.12020692684794  0.6454485082984633 204.12020692684794 pid2c04
125.04421375372574  1.8204693443271172 205.04421375372573 pid2b79
125.31126940350381  1.600548209211781 205.31126940350381 pid2be6
125.55265045645646  1.7666592998959498 205.55265045645646 pid2c33
125.91786555312565  1.4780464283186683 205.91786555312564 pid2be1
126.6549058823217  1.872114349539188 206.6549058823217 pid2b71
127.13789661987518  0.6123728072290038 207.13789661987516 pid2ba8
127.18333718139228  1.0854388645411612 207.1833371813923 pid2c07
127.6925831319816  1.5362291525369245 207.69258313198162 pid2c66
127.82864466603844  1.065277325225161 207.82864466603843 pid2c0f
127.86643409572945  1.1229016870048287 207.86643409572946 pid2ce4
128.1142639228341  0.9291893302360823 208.1142639228341 pid2c7a
128.35722981112804  1.9534046074794729 208.35722981112804 pid2ba5
129.24830494502308  1.6516684318969594 209.24830494502308 pid2bcd
129.26576154835135  1.918237697126049 209.26576154835135 pid2bfc
129.5356786508141  1.8846571693987935 209.5356786508141 pid2c4f
129.9625590468602  0.961514755966708 209.9625590468602 pid2c1f
130.73368291084887  1.1559667708384538 210.73368291084887 pid2cc5
131.2475987972683  0.8037994818441119 211.2475987972683 pid2b58
132.11062633332028  1.2662091879427408 212.11062633332028 pid2cdf
132.27084801497094  0.7656700772343867 212.27084801497094 pid2c9a
132.27910281051336  1.3545093699134785 212.27910281051336 pid2b32
132.43242122515593  1.8223185534789597 212.43242122515593 pid2b63
132.44500564729017  1.069814758158604 212.44500564729017 pid2cd0
133.58143975531888  1.6625813629325705 213.58143975531888 pid2cd7
133.61302405593116  1.0510043414607906 213.61302405593116 pid2c3c
133.98056975747156  1.6140474528796729 213.98056975747156 pid2b60
134.3286999623588  0.9055838741114273 214.3286999623588 pid2c6f
134.47034820814048  1.069515404035907 214.47034820814048 pid2b7a
134.47893376961528  1.2996269523824595 214.47893376961528 pid2be0
134.82147512411478  0.8148554891195069 214.82147512411478 pid2bbe
134.9048443851525  1.0862864172827926 214.9048443851525 pid2c6b
135.34566359659942  1.3408825314655166 215.34566359659942 pid2ba9
135.63226847593396  1.0752716011967334 215.63226847593396 pid2c56
135.8077309319839  0.6174615297599761 215.8077309319839 pid2c8b
135.95411575630507  1.7371143365756785 215.95411575630507 pid2c79
136.3700718614209  1.1885223242837069 216.3700718614209 pid2c3b
136.59311568263655  1.7595885412352361 216.59311568263655 pid2b90
136.71931657078704  1.3260888346995405 216.71931657078704 pid2ce5
136.7628945472434  0.9305056670713199 216.7628945472434 pid2b75
137.6616496424664  1.2643471298538924 217.6616496424664 pid2b37
137.78290111125278  0.9303607091310484 217.78290111125278 pid2cde
137.90753304114446  1.6444524021305607 217.90753304114446 pid2c54
138.13652619482755  1.4447060302192918 218.13652619482755 pid2bfb
138.2347946697624  1.674945772297428 218.2347946697624 pid2b69
138.4294665256142  1.9503932348349864 218.4294665256142 pid2ce8
138.6629293321308  1.2118527904558944 218.6629293321308 pid2bd4
139.34258385068938  0.5189131757564415 219.34258385068938 pid2bfd
139.7123235310564  0.9270823625653113 219.7123235310564 pid2cd9
139.9038494724954  1.9693035055477184 219.9038494724954 pid2b3d
140.2930237964179  0.8632158748127032 220.2930237964179 pid2c9c
140.5602349901747  1.395666805402441 220.5602349901747 pid2c0d
140.65342313291518  1.5969810865735263 220.65342313291518 pid2c1c
140.81473537620178  0.7360364516657334 220.81473537620178 pid2c70
140.9226036494784  0.9977591147270692 220.9226036494784 pid2b4e
141.24594522594018  1.746032169759032 221.24594522594018 pid2c18
141.7702890366689  1.5226821506882158 221.7702890366689 pid2b3c
142.32742612047883  1.4068807029978736 222.32742612047883 pid2bd2
142.40167991207312  0.5543728628125565 222.40167991207312 pid2b87
143.00485980331655  1.2986285034851497 223.00485980331655 pid2c60
143.20662201004447  1.4897643175330297 223.20662201004447 pid2c7d
143.56558726650633  1.3411860615909807 223.56558726650633 pid2bf5
143.68138764199696  0.6379780964441493 223.68138764199696 pid2b6a
143.95198139606632  1.985553571933186 223.95198139606632 pid2b44
144.10519390075177  1.3341533843536793 224.10519390075177 pid2c19
144.23076551089792  1.489359736992065 224.23076551089792 pid2c85
144.26353071775276  1.2032710483822775 224.26353071775276 pid2cc7
144.29496683390983  1.861677062584556 224.29496683390983 pid2bcb
144.8071542211326  1.603311117401733 224.8071542211326 pid2c77
145.02527888069815  0.6863762450818993 225.02527888069815 pid2b45
145.199462240447  1.4011178721454194 225.199462240447 pid2ca1
145.42670535987793  1.5027321957577582 225.42670535987793 pid2c98
145.70411798268756  0.5453882639737305 225.70411798268756 pid2b92
145.75862921083925  1.3263352007473583 225.75862921083925 pid2c86
146.00677318499652  0.8683662029973755 226.00677318499652 pid2cdc
146.1740876202785  0.8144739969418926 226.1740876202785 pid2c69
147.02949919388595  1.6721809619792327 227.02949919388595 pid2b33
147.05912780463933  1.6180324746830639 227.05912780463933 pid2b64
147.07266242172457  1.1601085405017795 227.07266242172457 pid2b94
147.26605268766951  1.0788598385269377 227.26605268766951 pid2b43
147.6491557304465  1.6326682647644244 227.6491557304465 pid2b96
147.83025505992043  1.3827656962292467 227.83025505992043 pid2bab
147.91324225944982  1.9017101850402642 227.91324225944982 pid2bd9
147.92676925059672  1.8430139922672348 227.92676925059672 pid2c4b
148.00808582578603  1.3666676813670462 228.00808582578603 pid2b8d
148.32867003751824  1.0166672907906817 228.32867003751824 pid2bda
149.19438645210317  0.692156981557706 229.19438645210317 pid2beb
149.46998529898178  0.6253516500311138 229.46998529898178 pid2bf8
149.53578472774873  1.4334944092595898 229.53578472774873 pid2cac
149.55339212699445  0.8109557691055185 229.55339212699445 pid2bf3
