6.364049173469781  2.597091975804149 11.558233125078079 pid4e4
7.290717885990889  1.1052504306200235 9.501218747230936 pid50d
7.765963660482442  4.140007433154968 16.04597852679238 pid4e3
8.6186404858982  4.63773896368979 17.89411841327778 pid4ea
15.722275333023681  1.2322595274961956 18.18679438801607 pid503
17.310533845944263  3.2598729017948203 23.830279649533903 pid4ec
18.048227472261637  2.4337093356164865 22.91564614349461 pid4ed
19.018461916991786  2.7274638097615993 24.473389536514986 pid501
19.59045303420621  1.2868452304947424 22.164143495195695 pid4f8
21.3041148754615  1.0487678977720276 23.401650671005555 pid4f3
23.18175027065507  4.479397077870209 32.140544426395486 pid502
24.49276152447264  2.9757287160897303 30.4442189566521 pid4e9
28.37119892190868  2.0599148592296794 32.491028640368036 pid513
41.49009817103387  3.3183294348758636 48.1267570407856 pid4eb
41.57394145043198  2.6407448751768734 46.85543120078573 pid506
43.183441551502206  2.860139684842697 48.9037209211876 pid4ef
43.249896689371354  4.281873864585848 51.81364441854305 pid507
47.14405834335776  4.937395121330422 57.018848586018606 pid4fb
53.19910040664767  1.249443380660368 55.69798716796841 pid4fc
67.29645565971501  1.2990213609331973 69.8944983815814 pid4fa
72.9767241684861  1.6118368571473858 76.20039788278088 pid4f9
76.33841082658891  2.4298786399227486 81.19816810643441 pid4e2
85.19855237363058  2.10349208153056 89.4055365366917 pid500
88.19090536233995  4.806205450218763 97.80331626277747 pid509
102.97704182224919  3.383267568231568 109.74357695871232 pid50e
107.96106591708939  4.846207009954221 117.65347993699783 pid510
113.97100449479106  3.8160180766391827 121.60304064806942 pid4f2
117.33350397338316  1.0922013988318011 119.51790677104677 pid4f1
120.52518092177904  3.5154808992501523 127.55614272027934 pid4e8
126.4015518802333  1.9478486307476053 130.2972491417285 pid508
134.48310303250065  4.164659673749523 142.8124223799997 pid4f4
135.754414794235  4.895182268418049 145.5447793310711 pid4e5
136.01468581130942  1.7297145913945586 139.47411499409853 pid4e7
137.79042609865812  4.980803341606815 147.75203278187175 pid504
137.8315303388894  3.1032434407223097 144.038017220334 pid4ff
139.44699046659196  4.399366863025504 148.24572419264297 pid511
146.13009906746993  4.580486020237448 155.29107110794482 pid4f6
147.0975994981203  3.2403755113241157 153.57835052076854 pid4ee
148.08332108833127  2.912493932057698 153.90830895244667 pid512
148.93693020204125  4.581946955517642 158.10082411307653 pid4fe
151.54555284439405  4.697779305254622 160.9411114549033 pid50c
158.47815241387056  1.3043523860104784 161.08685718589152 pid50a
161.83018469134234  3.252050285483399 168.33428526230912 pid4f7
169.0068944938067  2.131246567947735 173.26938762970218 pid4f0
170.73334853000821  2.0795013092530277 174.89235114851428 pid4e6
174.55360910523825  2.3504106908377476 179.25443048691375 pid4f5
175.992310063937  1.6761855217371053 179.34468110741122 pid50f
178.8852149446465  3.0834471059029447 185.0521091564524 pid505
179.2097019376626  1.227805116635544 181.6653121709337 pid50b
179.70427738876856  4.335730218161798 188.37573782509216 pid4fd
