0.19973885322988272  3.5261184264198664 7.251975706069615 pid304b
0.24545953219110572  3.859277480114776 7.964014492420658 pid2fdd
0.5764125816128307  3.1100421445430593 6.796496870698949 pid2f87
0.5932459472710971  3.792618362897231 8.17848267306556 pid2f57
0.7884864569042849  4.908191144407865 10.604868745720015 pid2f3d
0.8596721221243886  4.475940315699042 9.811552753522472 pid303a
1.2406380789545035  1.531885367267996 4.304408813490495 pid2f37
1.2427910188987856  4.2332978681552795 9.709386755209344 pid2f1f
1.341138226200178  3.1472299409137996 7.635598108027777 pid2ecf
1.9367712919123914  3.9184742828854042 9.7737198576832 pid2ef7
2.2509089250330905  3.030823666886081 8.312556258805252 pid3052
3.6453498434613585  3.6896820379196824 11.024713919300723 pid2ec1
3.972739875927387  3.058828158189191 10.09039619230577 pid303d
4.2640752456044435  3.6811380786233987 11.626351402851242 pid2f6e
4.652121294889174  4.8479664446844355 14.348054184258045 pid2f1d
4.744833053076505  4.121668567901374 12.988170188879252 pid2fdb
4.74644138032009  4.404401481499699 13.555244343319487 pid2eed
4.871757560268392  4.568238244925305 14.008234050119002 pid2f00
4.887412285148103  2.7400523216216417 10.367516928391385 pid2fc2
5.433516641324003  1.1163623406318206 7.666241322587644 pid3060
5.987650156583544  1.557029048412192 9.101708253407928 pid3043
6.402378344271627  4.645528350629448 15.693435045530522 pid300b
6.6723122690612735  3.654183260440173 13.98067878994162 pid2eca
7.0828712980412885  4.435726023404538 15.954323344850364 pid3064
7.670762721406302  1.178825905301279 10.02841453200886 pid3031
7.740358636024864  3.6662567747363735 15.072872185497612 pid2f29
7.822694603436153  4.367411420088822 16.557517443613797 pid2f21
8.471447599334736  2.495828926131297 13.463105451597329 pid2f11
8.700926784909138  2.5114954664767266 13.72391771786259 pid2f5a
8.722763130581733  1.355398415848493 11.433559962278718 pid2fbc
8.731233968444943  2.2849121068189877 13.301058182082919 pid3030
9.448797849712003  3.7887171630660417 17.026232175844086 pid2fd4
10.490836266857759  4.458268860702908 19.407373988263576 pid2f02
10.553039947486269  4.482099648353448 19.517239244193163 pid2f7d
11.286677585303002  2.133708251363733 15.554094088030467 pid2ee6
13.020485417480796  4.195403391134972 21.41129219975074 pid305f
13.59780742662451  2.146082578897034 17.88997258441858 pid2f8a
14.24951492395196  2.5904347999895485 19.430384523931057 pid2ee4
14.45262434492999  2.5591464624968356 19.57091726992366 pid2fb8
15.385931150187206  2.525791020360241 20.437513190907687 pid2f09
15.594636889671921  1.5071377244726785 18.60891233861728 pid2f6a
15.723095517875196  1.1451155350048383 18.013326587884873 pid306e
15.728497426646634  2.6364049893913077 21.001307405429248 pid2fc5
15.942948059074169  4.127602517697423 24.198153094469014 pid2fea
16.353100846881944  1.321698006690419 18.99649686026278 pid3046
17.103531953750405  1.435009307357669 19.973550568465743 pid2ff5
17.32918109438938  1.9180605531154455 21.16530220062027 pid2fe8
17.692780270141334  4.518156147488512 26.729092565118357 pid2fe5
18.43763439620549  1.3486587909640422 21.13495197813357 pid2eb3
18.55332096951161  1.5866964318601489 21.72671383323191 pid2faa
18.696489373970927  2.2851229757829383 23.266735325536803 pid306a
18.987223075058033  3.0530592538009174 25.093341582659868 pid3056
19.003795463193867  1.199390056243688 21.402575575681244 pid2f92
19.35978104715348  2.703225790074179 24.76623262730184 pid2efa
20.071234638225242  2.0720474601709364 24.215329558567113 pid2f94
20.243829289669737  4.593376114510207 29.43058151869015 pid2f68
20.630883527657016  3.8582239961337175 28.347331519924452 pid3009
20.87157997593036  3.8173585372826175 28.506297050495593 pid2ef6
21.369391235659734  1.8364670423884815 25.042325320436696 pid2ffd
21.751809809414354  1.05777593480359 23.867361679021535 pid2f2f
21.773758394844  4.359342290574213 30.492442975992425 pid2ff4
21.790320809866298  4.461302291136997 30.712925392140292 pid2f4f
22.738798795101406  4.675679019093658 32.090156833288724 pid2f98
23.01026921326774  3.4984384979987873 30.007146209265315 pid2ef0
23.656496205256644  4.755054736304768 33.16660567786618 pid2f9a
23.94239015484954  3.1920579806996416 30.326506116248822 pid2f42
24.062177780485854  2.7744816893475215 29.611141159180896 pid302b
24.77446712026524  2.0637630374595357 28.90199319518431 pid2f16
25.062721255882934  2.9410457063197937 30.944812668522523 pid2fb5
25.120424606804374  2.1579167295326642 29.4362580658697 pid2fd2
25.48578935890605  1.7986655578181887 29.083120474542426 pid2eb1
25.524705008133918  4.337624652321814 34.19995431277755 pid2f91
27.0140978937551  3.0254294188095727 33.064956731374245 pid2ed1
27.49193404326028  1.2830754125243886 30.058084868309056 pid2f6f
27.78668953925925  1.5658135680988634 30.91831667545698 pid2f93
27.881402225677846  4.1972986079398 36.275999441557445 pid2f8b
28.138153407120413  3.374528719552749 34.88721084622591 pid2f40
28.306678388858757  3.1137822298093 34.534242848477355 pid2f4b
28.443036978717494  1.4001420157367241 31.243321010190943 pid2fb9
29.629539586247905  2.164055133034402 33.957649852316706 pid2f01
30.826748510108825  3.966693334356575 38.760135178821976 pid2ec2
31.13528178204685  2.6919475131541333 36.51917680835511 pid2eeb
31.218303300804852  1.8763348239119488 34.97097294862875 pid2eea
31.437453962887155  4.277213462831135 39.991880888549424 pid2f4c
32.9947698401607  1.7809097326298802 36.55658930542046 pid2fc4
33.045162243078906  1.7413622049062778 36.52788665289146 pid2eef
33.336240019058316  4.125295927480975 41.58683187402026 pid3040
33.34304658569727  3.8378756739000157 41.018797933497304 pid2f53
34.37435379169977  1.8532159665607555 38.08078572482128 pid2ecc
34.88079527493705  2.7625805520967823 40.405956379130615 pid2f7c
35.41517941490261  3.158048381044011 41.73127617699063 pid305e
35.47082424618269  1.9620869568012065 39.394998159785104 pid2fe9
35.913198749452654  3.8272848385938003 43.56776842664026 pid2f3e
35.99986519744503  3.0213137797498932 42.04249275694482 pid305a
36.04740869792832  1.227936388119565 38.50328147416745 pid2f66
36.28162314660315  2.99125765604026 42.264138458683675 pid2ee7
36.395718412372055  3.850672804856202 44.09706402208446 pid2fe7
36.63273279855729  1.2484767636466714 39.129686325850635 pid3029
36.97676988274015  1.5392144012887528 40.055198685317656 pid2f04
37.02996025624965  3.8609738029798937 44.751907862209436 pid3005
37.384719574620675  3.921597694459862 45.2279149635404 pid2fa8
37.73128371745217  4.579206145621656 46.88969600869548 pid2fd5
38.98349217682652  4.722175652879036 48.42784348258459 pid2f6b
39.00981925831699  1.7182495294337614 42.44631831718451 pid3007
39.029598646436995  1.4601116784171158 41.94982200327122 pid2ff6
39.14936765556565  4.390086611169746 47.92954087790514 pid2f14
39.426496946207635  1.8708126440329154 43.16812223427347 pid2f45
39.52283575644373  3.4969637067906896 46.516763170025115 pid3000
40.15187532449034  3.097802868163248 46.34748106081684 pid2f75
40.398010717161526  1.5603607359726723 43.51873218910687 pid301b
41.20782003564604  3.5493705867145575 48.306561209075156 pid2f4a
41.97457956783426  2.389640899098835 46.753861366031934 pid2f43
42.63260940702102  2.148894485362724 46.93039837774647 pid2ebe
42.670024580822364  4.696804466001513 52.06363351282539 pid2fac
43.049326936920565  4.854774821070903 52.758876579062374 pid2f70
44.05105660198184  2.7366239325488078 49.52430446707946 pid2f5d
44.44206345536648  3.7698494416418193 51.98176233865012 pid3027
44.66669394790437  1.3750195087173354 47.416732965339044 pid301d
45.57752476273213  2.0367848429514406 49.651094448635014 pid2ed9
45.633740425385156  3.6671944449860447 52.968129315357245 pid2f55
46.33409975888272  3.1570274187332052 52.64815459634913 pid2f1e
46.44783402631747  2.529454224751329 51.50674247582013 pid2edf
46.72776423138332  3.4799608274941862 53.68768588637169 pid3033
46.86056549687716  4.30561759080223 55.471800678481614 pid3066
47.821411940089135  1.1931176218425015 50.207647183774135 pid3015
48.29674228462074  1.8587624721063238 52.01426722883339 pid2fa3
48.61966142210885  3.823825836722661 56.26731309555417 pid2f6c
49.06233441012089  1.043083730464375 51.14850187104964 pid2fb0
49.20311788757698  3.1985035183754285 55.60012492432784 pid302d
49.82014023942288  1.762771930946073 53.34568410131502 pid303c
50.80538709514594  3.705405952243277 58.216198999632496 pid2f89
51.13117342052702  3.833764009759872 58.79870144004676 pid2fa4
51.35824382142238  3.2544523526678795 57.867148526758136 pid3034
52.0175795576279  4.753177183610983 61.523933924849864 pid2f35
52.62688053160197  2.577692719749153 57.78226597110027 pid2fad
52.68251602366339  2.874699656799302 58.43191533726199 pid3028
53.11590293525839  3.890675353512536 60.89725364228346 pid2ff3
53.79230644440402  1.2224276722970933 56.23716178899821 pid2fdc
54.418054012617624  4.1460362384627345 62.71012648954309 pid2fba
54.98766893790267  4.53719163470316 64.062052207309 pid2f69
55.08122845810998  1.300101617297221 57.68143169270442 pid2f74
55.21126170000673  2.082326147741195 59.37591399548912 pid2f06
55.98756974604646  4.065440626657457 64.11845099936137 pid3067
56.41647898087795  1.6144033425894069 59.645285666056765 pid300f
56.7593158580654  1.1308133533183211 59.02094256470204 pid2ec4
57.1576515893523  2.9526670334199983 63.062985656192296 pid2fa1
58.077117359039924  2.333806565760454 62.74473049056083 pid2f2e
59.16939392721113  4.119483577236834 67.4083610816848 pid3061
59.39336328555796  1.0546884193822055 61.50274012432237 pid2eae
59.623307123499444  3.465784933911674 66.55487699132279 pid3047
60.33387357489995  3.1531357975594116 66.64014517001877 pid2f77
60.844486726937156  3.486851650819913 67.81819002857698 pid2edd
61.08743993116645  4.478442441190877 70.0443248135482 pid2ebb
61.92792050269629  2.4340116256295374 66.79594375395536 pid2f8d
62.31274923136439  1.3766408060979582 65.06603084356031 pid3041
62.33819485316078  2.406371581510982 67.15093801618275 pid300e
62.493443755629194  4.855459153554503 72.2043620627382 pid2f90
62.63478080312595  2.7468965420434897 68.12857388721292 pid2f60
62.8775031783928  4.946511109265614 72.77052539692403 pid2fd0
63.03969107517106  2.8543135136898092 68.74831810255068 pid2ff8
63.279365268124835  4.401984153502936 72.08333357513071 pid2ec8
63.64238096709885  1.2445672688121383 66.13151550472313 pid2fbd
63.691344714407265  3.1627855823940094 70.01691587919528 pid3002
63.81717081737058  4.010775176073183 71.83872116951694 pid3025
64.38045963182569  1.1904694742385575 66.7613985803028 pid2f7e
64.99815264854358  3.7183043477671136 72.43476134407781 pid2ee9
66.44198474293245  1.1447062292691537 68.73139720147076 pid2f6d
66.64925243990294  2.4932665392294484 71.63578551836183 pid2f73
67.14927818281414  4.555420815423055 76.26011981366025 pid3004
67.26828287464816  3.840816124236493 74.94991512312114 pid2fdf
67.54483776332592  1.2663018724182549 70.07744150816242 pid2f5b
67.57025188263037  3.4611795278291244 74.49261093828862 pid3057
67.6786730100882  2.3866846521708474 72.4520423144299 pid2f3a
67.86711130205266  4.442069309985306 76.75124992202328 pid302c
68.12278219352291  2.4129487026634426 72.9486795988498 pid303f
68.13208758329851  4.622155938419094 77.3763994601367 pid2f31
69.60692828921215  2.979103968944737 75.56513622710162 pid2fb2
69.62341553358414  4.455157019840819 78.53372957326577 pid2fae
69.7649507439603  3.2630489652797743 76.29104867451984 pid2f5f
69.87078125918796  4.821296960772611 79.51337518073319 pid3065
70.09210787284107  2.210823905350391 74.51375568354185 pid2ef8
70.20163106312327  2.6165829285087234 75.43479692014071 pid300a
70.44546835181472  4.937770514716377 80.32100938124748 pid304d
70.66443047338308  3.0717007607277442 76.80783199483857 pid2fa7
70.74205935013434  1.6088350047584754 73.95972935965129 pid2f2d
71.03515357300972  2.741459704245819 76.51807298150136 pid3054
71.68944185043388  4.332089525870872 80.35362090217562 pid2fa9
71.87759450234292  3.8330778260591925 79.5437501544613 pid2eec
71.91127378228896  2.7417662979657536 77.39480637822047 pid2ebc
71.96161813164893  2.0421249920822997 76.04586811581353 pid2efd
71.97065887973514  3.2297373009898678 78.43013348171488 pid3045
72.11590554240338  1.4837117446238168 75.08332903165102 pid302e
72.11682937874906  4.975369680601102 82.06756873995127 pid2fb4
72.13795830273448  4.486429226768209 81.11081675627089 pid2eba
72.27450329824103  3.0453189366816122 78.36514117160425 pid2fe4
72.35749469511407  4.564625619951656 81.48674593501738 pid2f95
72.44871159689511  3.4577465560050493 79.3642047089052 pid3003
72.54778848743052  3.663227583236037 79.8742436539026 pid2f97
72.6880914106414  2.418757829646661 77.52560706993472 pid2f63
72.75263359670656  2.8566447772387877 78.46592315118413 pid3026
73.13281037241839  1.7835724553170031 76.69995528305239 pid3016
73.1644853674965  3.98911709537253 81.14271955824155 pid2f28
73.59333717084178  2.4777531194836206 78.54884340980902 pid301e
74.72335458850232  3.9771046664792307 82.67756392146077 pid2ffe
74.86303704227285  4.997630964215025 84.8582989707029 pid3039
74.96443441405822  1.8997930302705859 78.76402047459939 pid2ffa
75.08472069280394  4.514744998677454 84.11421069015884 pid2f86
75.91331188640478  3.4311062798668144 82.77552444613842 pid3068
76.4008152121037  2.7860302650392312 81.97287574218215 pid2fef
76.64876363702653  2.8049638814047064 82.25869139983595 pid306c
78.14783293637483  1.6151654521588044 81.37816384069244 pid2ffc
78.5586178770731  2.9172552885042293 84.39312845408156 pid2f99
78.58048872185466  2.0513913483277686 82.6832714185102 pid2ede
78.84648714180803  3.9258096287213533 86.69810639925073 pid2fc3
79.05562757040063  3.7037320305170285 86.4630916314347 pid2f85
79.09837228668216  2.4286049252265838 83.95558213713534 pid2f59
79.46550365743157  4.053462646592842 87.57242895061725 pid2f9d
79.7651210417062  3.371994093545928 86.50910922879805 pid301f
79.93076805236964  3.981795990307739 87.89436003298512 pid305d
80.44964604776126  1.5251572779730957 83.49996060370745 pid2eb6
80.64540351287351  4.53334979753602 89.71210310794555 pid2f0d
82.78269738363092  1.979636079962292 86.7419695435555 pid2ec9
82.91800584868716  3.5495907755368865 90.01718739976093 pid2eda
82.92402038799464  2.9621144276077036 88.84824924321005 pid2eb2
83.0534970176616  1.3919532765938984 85.83740357084939 pid3035
83.07512322961595  3.6191504549525466 90.31342413952105 pid2fc1
83.29823851708817  4.010006791440608 91.31825209996938 pid3037
83.30546034588617  2.7680878854968065 88.84163611687978 pid2f96
83.63535885265354  1.587141785230393 86.80964242311433 pid2fff
85.48855323098144  4.910066628949493 95.30868648888043 pid2f2b
86.01380410737679  3.10556344792942 92.22493100323562 pid2f48
86.26956352077772  4.2341184656056 94.73780045198892 pid3022
86.71559917523635  4.973438871217839 96.66247691767202 pid303e
88.08042711379399  4.618125706586943 97.31667852696788 pid2f62
88.31478565504656  3.510339825663064 95.3354653063727 pid2fa2
88.60644118607509  1.8831335904318331 92.37270836693875 pid2f33
88.61897923183746  1.0894297328587546 90.79783869755497 pid2ed8
89.00687743925424  4.556830474244581 98.12053838774341 pid2f2a
89.17701516812095  4.566361614993715 98.30973839810838 pid2f78
89.7668611051859  4.8244868014220295 99.41583470802996 pid2f54
89.78794464208804  2.521533096657119 94.83101083540227 pid2fa0
90.44384911931135  4.37151095951482 99.186871038341 pid2f9e
91.07512328778722  4.476096875224179 100.02731703823558 pid2efb
91.27583114363324  3.0339687197303413 97.34376858309392 pid3049
91.38003200371581  3.219766308526044 97.8195646207679 pid2f38
91.62538418458453  4.990923697624563 101.60723157983367 pid2fc6
92.53387458058444  3.57509310655153 99.6840607936875 pid2f3b
93.0176178935929  3.3953044147251705 99.80822672304323 pid3032
93.28237209012853  1.1821312981577616 95.64663468644406 pid2f0c
94.05896883058244  1.2573015733040847 96.57357197719061 pid2fbb
94.26528924989196  2.592179866599199 99.44964898309036 pid3062
95.5328026927651  3.321849191981808 102.17650107672871 pid2ec0
96.08564505222785  3.752023263147225 103.58969157852229 pid2f8f
96.38118871931968  2.940146736244396 102.26148219180847 pid2f50
96.40618472296464  3.7951240202595877 103.99643276348381 pid3006
97.93602901650607  3.753186939507854 105.44240289552178 pid306f
98.15187275727321  2.922708110150588 103.99728897757439 pid3069
98.98470464293426  3.1240522116137295 105.23280906616172 pid2f4d
99.11062796382541  4.4394256691963765 107.98947930221816 pid302f
99.40356233909316  3.9815129026054494 107.36658814430406 pid2ee5
99.42060627122494  3.0582639453713747 105.53713416196769 pid2fbf
99.44596636097071  4.1825541004804565 107.81107456193163 pid2f9f
99.52573963797906  1.7135873801248063 102.95291439822867 pid2fd6
99.61705107494531  3.0124319835848072 105.64191504211492 pid2ff7
100.13835402719451  2.9757908106687223 106.08993564853195 pid2f22
100.73816692075862  4.160717623571932 109.05960216790248 pid2fe6
100.83928423704755  2.9670379227250825 106.77336008249772 pid2eb4
101.66453134329815  1.9153124430562163 105.49515622941058 pid2f27
101.93709268648573  1.8116896816491046 105.56047204978394 pid2f7b
102.44572585265914  4.210554439258326 110.86683473117579 pid2ed4
102.78001424050493  2.330760005209287 107.4415342509235 pid304c
103.30360647090887  3.396028694835403 110.09566386057968 pid2eb7
103.70027083104836  3.6196381915536255 110.93954721415561 pid2f2c
103.72667231068648  4.612856539706671 112.95238539009982 pid2f24
104.37057873652562  1.3689806098287831 107.10853995618318 pid3051
105.32158211533451  3.2944272202061273 111.91043655574676 pid2fcb
105.34618893747454  1.9061164974941862 109.15842193246291 pid3010
105.43974722787304  2.408191824947677 110.2561308777684 pid2f39
106.0230042612423  2.085746885138636 110.19449803151957 pid2f49
106.73220507981104  4.415221695077019 115.56264846996507 pid2ef5
106.77203943586402  4.212156134048959 115.19635170396194 pid2fa6
107.87249547873375  3.3503253695434814 114.57314621782072 pid3058
108.42079081543847  4.598704820135222 117.61820045570892 pid2fbe
108.5203372654505  1.3408267974084525 111.2019908602674 pid2fc9
108.90421419099118  1.6317615874801161 112.16773736595141 pid304e
108.95053862132464  1.5419045297500347 112.03434768082471 pid2ff1
109.09119375752384  3.3554162787024584 115.80202631492875 pid2f10
109.49137391822296  3.9442473520169394 117.37986862225684 pid2f88
110.45814770760494  1.6475821939150461 113.75331209543504 pid2ff0
110.78473635351675  2.0230246960425355 114.83078574560182 pid3019
110.89914685741543  4.728100849669312 120.35534855675405 pid3014
112.0810848055494  2.154479320416149 116.3900434463817 pid3023
112.21912095078015  2.9476568137026606 118.11443457818547 pid3008
112.98608847593083  4.2430332793750996 121.47215503468102 pid2f8e
113.84969952439046  2.0947143062392297 118.03912813686892 pid2f56
113.9340506343884  2.268186892194285 118.47042441877697 pid2ed6
114.71860441370625  4.108983755057753 122.93657192382175 pid2fcd
114.84807914268826  2.636485127955349 120.12104939859896 pid2f1b
115.60094961454418  2.3409134835828915 120.28277658170995 pid2f20
116.00002955093838  3.595835724737647 123.19170100041367 pid2ed5
116.12546265446767  4.06950294465509 124.26446854377785 pid2f3f
116.15683162643522  1.201926530676218 118.56068468778766 pid2ecb
117.17122418137708  3.516368997401086 124.20396217617926 pid2eee
117.81169835527442  3.3354084239112582 124.48251520309694 pid2eb0
118.08018898577745  4.911614067938329 127.90341712165412 pid2eff
121.74034173604342  4.987807535425427 131.71595680689427 pid3059
122.32052932556589  2.5908669114838796 127.50226314853364 pid3013
122.37782885643203  2.6546430158905445 127.68711488821312 pid2ebf
123.54709054058591  4.380879168653257 132.30884887789242 pid2fc7
123.78855008214693  2.4247274652650046 128.63800501267693 pid2f25
123.82822242956517  1.6902542717478113 127.2087309730608 pid2f52
123.99665872694328  2.956697329381667 129.91005338570662 pid2fe2
124.00318569248297  2.6336284765401223 129.2704426455632 pid2fed
124.42450747456637  1.9514220893562837 128.32735165327892 pid2ec3
125.20359879558787  1.5529998907511664 128.30959857709018 pid2eb9
125.46423823565566  2.891826232902051 131.24789070145977 pid2f72
125.82148633859943  1.1217448448563485 128.06497602831212 pid2edb
125.84362258869852  2.106086798500899 130.05579618570033 pid2f23
126.79390069538829  4.25214532180606 135.2981913390004 pid2eb5
127.073291617971  2.9603285352877213 132.99394868854642 pid2f81
127.41451087299893  2.1831423816943154 131.78079563638755 pid2fd3
127.71548600034522  3.3542281065585855 134.4239422134624 pid2ef4
128.08891945185545  2.0364455136443023 132.16181047914404 pid2ec5
128.47703062268067  4.752709960217018 137.9824505431147 pid3020
129.38437429675753  3.9691686220960403 137.3227115409496 pid2ee0
130.37154987809288  3.1903713226913237 136.75229252347552 pid306b
131.6058242236808  2.1221523649608556 135.8501289536025 pid2fd8
131.70175691092544  1.88527335323761 135.47230361740066 pid2fde
132.5420470949189  3.836937126804612 140.21592134852813 pid3021
132.9318083223813  3.298890451329012 139.52958922503933 pid2f0f
133.25453222398747  1.6179715506135737 136.49047532521462 pid2fb3
133.72581499495465  2.8468949558017775 139.4196049065582 pid2fe0
134.03507822461947  2.70914396503745 139.45336615469438 pid2fd9
134.21790963213036  4.4506632750248745 143.11923618218012 pid2ec6
135.25343930045003  2.7080640903308897 140.6695674811118 pid2f64
135.63435169516225  4.45571187337053 144.54577544190332 pid3038
136.29483553456498  2.8499073529631156 141.9946502404912 pid2f36
136.32769325140535  4.479011895199107 145.28571704180357 pid2fca
136.46901281196685  1.4239522212675122 139.31691725450187 pid2ef9
136.48985179910648  3.541580400594211 143.5730126002949 pid2fb6
136.53800471730526  3.3007383743074965 143.13948146592026 pid2fe3
136.91631863223716  4.4967189349731385 145.90975650218343 pid2ee1
137.00077699276775  4.501020722018045 146.00281843680384 pid2fd1
137.2613035106424  2.6500241514968104 142.561351813636 pid2f5e
137.42550408494165  2.8990737680870344 143.22365162111572 pid2f08
138.2098888314258  2.6773962312131996 143.56468129385217 pid2faf
139.20695376982297  2.5786542098668157 144.3642621895566 pid2eb8
139.44955644778818  2.9745903856352163 145.3987372190586 pid3012
139.48985576218476  4.347262844836238 148.18438145185723 pid2f47
140.5847429146106  4.693304049421158 149.9713510134529 pid3001
140.78581761490142  4.146001338437166 149.07782029177577 pid2fb1
141.54382425919962  2.8469588349149504 147.23774192902954 pid304f
141.67991123904557  2.696252318846712 147.072415876739 pid3048
142.0212388699486  2.5404143359518514 147.1020675418523 pid305b
142.98955635416416  4.371009229456483 151.73157481307715 pid3011
143.26794828533536  2.512198227185918 148.2923447397072 pid2ee8
144.24597538162277  1.9185228445745106 148.0830210707718 pid2f76
145.01877845389026  1.409777203578963 147.8383328610482 pid305c
145.91766570594544  3.846775241936448 153.61121618981832 pid2ef2
145.96803944726688  1.6361339638175694 149.24030737490202 pid2f03
146.66992017511558  2.0495780004771635 150.76907617606992 pid2f7f
146.97400445290862  2.6287612909027334 152.23152703471408 pid2f34
147.03556093955936  1.5650319794377774 150.1656248984349 pid2f9b
147.27782352994498  1.0112734774616903 149.30037048486835 pid2fce
147.97842192661955  4.358854672294031 156.6961312712076 pid2eaf
148.0844305841442  2.58707469672821 153.25857997760062 pid2edc
148.51256619395735  2.1728755605931287 152.8583173151436 pid2fcc
148.53752013006374  1.5737669445543716 151.68505401917247 pid2fcf
148.59464727057932  1.8923997230130793 152.3794467166055 pid301c
148.6361594712736  3.1219347163391937 154.880028903952 pid2ed3
149.0912325089064  1.4319363840265904 151.95510527695956 pid3044
149.32161738793263  1.2517274204299538 151.82507222879255 pid2ee2
149.57597974308334  4.801376014207181 159.1787317714977 pid2fda
149.99514248875528  2.914022891606305 155.8231882719679 pid2feb
150.0444404445064  1.9331431231625125 153.9107266908314 pid2f41
150.07560330287103  1.2747454086310013 152.62509412013304 pid3050
150.29314705785427  4.406556174607898 159.10625940707007 pid2f84
150.4642457768022  3.620873252760977 157.70599228232413 pid2f4e
150.79129432355958  2.037756993086601 154.8668083097328 pid2ec7
152.10662867824428  4.637804663960258 161.38223800616478 pid3036
152.15588751981187  2.2484112908343326 156.65271010148052 pid2ed2
152.8575856210165  1.8695867414035963 156.5967591038237 pid2f51
153.06811572286173  2.306693607989837 157.68150293884142 pid2efe
154.27408466258075  3.6610628088729507 161.59621028032666 pid2fa5
154.71493824891132  2.9678541992250063 160.65064664736133 pid2f18
155.38593335037777  1.4842558608227616 158.35444507202328 pid2fb7
155.6833176500474  2.4490820114611105 160.58148167296963 pid2f79
156.07106458709717  1.2134783199761565 158.4980212270495 pid2f3c
156.70285863072922  4.348568546174446 165.39999572307812 pid2ff2
157.05936018373845  2.2370125541296284 161.53338529199772 pid303b
157.58713274119592  4.292057707757833 166.17124815671158 pid2ef1
157.6113854168601  1.7838463623718885 161.17907814160387 pid2f83
157.97942658637885  2.963240460362287 163.90590750710342 pid2f61
158.07314633500604  4.934595208259295 167.94233675152464 pid2f19
158.11488096972246  4.981879776269301 168.07864052226105 pid2f67
158.16859001518884  2.685576215590379 163.5397424463696 pid2fc8
158.2113367075818  3.4957478885976596 165.20283248477713 pid3024
158.90366896660493  1.0447886953249146 160.99324635725475 pid3042
159.77447015342904  3.9544754451765294 167.6834210437821 pid3018
160.39597596522938  2.364935409150547 165.12584678353048 pid3063
160.51059845412192  1.4620474650720268 163.43469338426598 pid301a
160.61110659981202  1.5633409366137 163.73778847303942 pid2ebd
161.9744731750845  2.0185000614053665 166.01147329789524 pid2ffb
162.63798858550717  1.0250477728232696 164.68808413115372 pid2ff9
162.99571585193192  3.647690898063706 170.29109764805932 pid2f26
162.99889943553376  3.0873936038454053 169.17368664322456 pid2fec
163.2652766691394  2.725165502854022 168.71560767484746 pid3017
163.689922364964  3.0141551137507503 169.71823259246548 pid2fd7
164.12302187947827  2.8386741834009848 169.80037024628024 pid2f0b
165.30429352057027  3.4143081092031085 172.13290973897648 pid2fe1
165.31054636327715  2.194409293897019 169.6993649510712 pid2f12
165.59224918215133  4.176304835325429 173.94485885280218 pid2ecd
165.63145314187767  2.3077190735876543 170.24689128905297 pid2f17
166.5260816776498  4.954880542380657 176.43584276241114 pid300d
166.7276754795108  3.671094974725871 174.06986542896254 pid300c
167.4089008765623  1.785034531299369 170.97896993916106 pid2f58
167.47461900510257  1.0880440077681603 169.6507070206389 pid2f1c
167.76332800242318  3.417274730870757 174.5978774641647 pid2f65
168.39953687303418  3.2251481943115548 174.8498332616573 pid3053
170.23325600852118  4.689302423955147 179.61186085643146 pid2ef3
170.682024798731  2.6056604393466727 175.89334567742435 pid2f05
170.7846815111741  3.3184643592173133 177.42161022960875 pid306d
170.99749130473757  2.664307287215045 176.32610587916764 pid2f32
171.32314331161888  1.8281692313059494 174.97948177423078 pid2f44
171.7302745969873  1.3192221096538974 174.3687188162951 pid2f07
171.81721830957866  2.590797651509055 176.99881361259676 pid2f8c
172.451840807012  3.3866718649913565 179.2251845369947 pid2f0e
172.51834790867503  1.899077743845183 176.3165033963654 pid2ed7
173.28793981016887  2.3136695579966293 177.91527892616213 pid2f30
173.39097599342085  2.8801429311072884 179.15126185563543 pid2f9c
173.4267001831551  4.504963964114468 182.43662811138404 pid2ece
173.4524369111239  4.651308070226 182.75505305157589 pid2f80
174.69569363114505  2.581268044793726 179.8582297207325 pid2ee3
174.925164295676  2.166753490054423 179.25867127578485 pid2f7a
175.11996014944324  3.5486979723261705 182.21735609409558 pid3055
176.14631540755795  4.731766088960353 185.60984758547866 pid2f1a
176.2831534059718  1.9434836610759536 180.17012072812372 pid2f5c
176.29832903524385  3.156819813470797 182.61196866218546 pid2fc0
176.31180755488055  2.934608563347904 182.18102468157636 pid302a
176.5120628654918  1.0998759867287444 178.7118148389493 pid304a
177.38495616679302  3.7748038625260407 184.9345638918451 pid2f71
177.53719487843384  1.1037663389655372 179.74472755636492 pid2ed0
177.85599046052664  1.6825139538756262 181.2210183682779 pid2efc
177.91949816372238  4.064887583162469 186.04927333004733 pid2f15
178.8418525648688  1.0931080964297335 181.02806875772825 pid2f0a
179.09648454561034  2.1948923459429577 183.48626923749626 pid2f46
179.784733134321  4.2753129261142675 188.33535898654952 pid2fee
179.79035528655092  3.6334801423467535 187.05731557124443 pid2f13
179.85421881178578  4.013340510197123 187.88089983218003 pid2f82
179.94409854697403  1.3159003785090322 182.5758993039921 pid2fab
