0.4639950807374116  1.4605497351788403 80.4639950807374 pid4a2a
1.0395756020479208  1.2025501697490462 81.03957560204792 pid4a43
1.860175625680427  1.857451803041093 81.86017562568043 pid490d
2.0858649622374714  1.2056684431312759 82.08586496223747 pid495d
2.3137200391703026  1.400755558192678 82.3137200391703 pid4aaf
2.632805923240633  1.7742059152665108 82.63280592324064 pid4aa6
3.3039389385570104  0.7475433116295858 83.30393893855701 pid4986
3.3961407410535935  1.5797638707129826 83.3961407410536 pid49ad
3.5291010368851627  0.5020558536942548 83.52910103688517 pid49c0
3.559355947618031  0.5869234962526355 83.55935594761803 pid4925
4.135740932309667  1.4683246805162886 84.13574093230967 pid4917
4.309004958667262  1.3178316175386966 84.30900495866726 pid4912
4.466633710990797  1.8434334925318017 84.46663371099079 pid4994
4.578272740964512  0.7367236069190405 84.57827274096451 pid4a64
4.767670675124258  1.3593011847650918 84.76767067512426 pid49d3
5.1507700687964455  0.9707351441016108 85.15077006879645 pid4a9c
5.186635723504274  0.5851963994647027 85.18663572350428 pid49ae
5.279487337471556  0.7828928102723602 85.27948733747155 pid4987
5.7146978076594195  1.7942942283838033 85.71469780765942 pid4a70
5.783068123343583  1.7476433442359893 85.78306812334358 pid498b
5.823465862893973  1.4625994724827538 85.82346586289397 pid4aab
5.8374502388507725  1.5753095103165489 85.83745023885078 pid4980
5.862188427632331  1.2521842615691432 85.86218842763233 pid4a26
6.192750644771655  1.176938674186617 86.19275064477165 pid4a99
6.734265512156229  0.9677896271100012 86.73426551215623 pid4a3a
6.9695238317743495  0.801356417656552 86.96952383177435 pid4a08
7.128857996578403  1.5998758613897486 87.1288579965784 pid4963
7.228380497085729  1.0770109770309317 87.22838049708572 pid4a1a
7.2513396289982825  1.787483342878002 87.25133962899828 pid4a2b
7.339113863557084  1.8866572519611142 87.33911386355709 pid498f
8.561160160993147  0.8579779838478492 88.56116016099315 pid4a51
8.684593977381649  1.9479255283326204 88.68459397738165 pid4abb
8.697272218102547  1.9329965085090794 88.69727221810254 pid4a44
9.024878890312094  1.2541653042735912 89.0248788903121 pid49d8
9.07387664775679  1.3464583708540956 89.07387664775679 pid4a62
9.243832801042279  0.6206504721839032 89.24383280104227 pid4936
10.345405514857553  0.6959391583926287 90.34540551485756 pid4acb
10.908130424050743  1.8228894846700563 90.90813042405074 pid4a5a
11.28297877851967  1.5446050472748072 91.28297877851966 pid49bc
11.469563062665072  1.2599150501673806 91.46956306266507 pid4996
11.52109262077657  1.2713642597179435 91.52109262077657 pid4948
12.332336306487912  1.246221386636909 92.33233630648792 pid4a0d
12.663289488488738  1.768117388143085 92.66328948848874 pid4a14
12.959789317534481  0.9668573882928467 92.95978931753449 pid49b5
13.016019983059712  1.1280264304100043 93.0160199830597 pid4937
13.105922976786921  1.425754350220722 93.10592297678693 pid49b9
13.362252851764033  0.7085333776470975 93.36225285176403 pid4a34
13.787543537348457  1.1013475739767438 93.78754353734845 pid4928
14.218633665048602  1.5102442912415506 94.2186336650486 pid49a3
14.408340893197453  0.9137647184483911 94.40834089319745 pid49ac
15.0373608183545  1.8015444573640444 95.0373608183545 pid4a71
15.164874888487661  1.546028240544593 95.16487488848766 pid49c2
15.252709007415044  1.2383391397145667 95.25270900741505 pid4974
15.475847220876565  0.5438721726507478 95.47584722087656 pid4aba
15.720263215441443  0.8352799489476892 95.72026321544145 pid49a9
16.18167550249348  1.985402372943763 96.18167550249348 pid493d
16.631156016280435  1.5112788664236316 96.63115601628044 pid4988
16.81204279347529  0.5228217120853909 96.81204279347529 pid4953
17.568337324714378  0.5363894843741741 97.56833732471438 pid4a06
18.683225743048816  1.4969156250118463 98.68322574304881 pid4a6d
19.342910059293438  0.648304584230711 99.34291005929344 pid4913
20.477601526095956  1.83638531568319 100.47760152609595 pid4a79
21.03548193930368  1.9838584075071868 101.03548193930368 pid4941
21.257259925523407  1.9974046003099204 101.25725992552341 pid49d0
21.898166629812287  0.6388050615848633 101.8981666298123 pid4a9a
21.97466693325834  1.1647224557114946 101.97466693325833 pid4992
22.364740196162973  1.2997262343328275 102.36474019616297 pid4a48
23.410706428764506  1.247947089740586 103.41070642876451 pid4a80
23.441710387881145  1.9146770697710482 103.44171038788114 pid49e3
23.57199989540718  0.7619062412624777 103.57199989540717 pid49cb
23.810197505945407  1.7774055053029432 103.81019750594541 pid4a65
23.825894521607243  1.5803427903805616 103.82589452160724 pid49ee
23.891731883609207  1.7841913352026624 103.89173188360921 pid4a87
24.499697350879817  0.8807256458554396 104.49969735087981 pid49a5
25.188261569421964  1.407461329703964 105.18826156942197 pid4a56
25.5849091846179  0.5800467471582426 105.5849091846179 pid4990
26.301569824387915  1.2619897245902671 106.30156982438791 pid49eb
26.326708286238798  1.8265252912883003 106.3267082862388 pid4a68
26.498225717878952  0.8988723600150216 106.49822571787895 pid4a39
26.632903429919168  1.6475170492576114 106.63290342991917 pid4a33
26.924861771784293  0.6815968884696363 106.9248617717843 pid4a5c
26.945828138201726  0.7877029461660658 106.94582813820173 pid493b
27.206722724167253  1.079088034640553 107.20672272416725 pid4a6b
27.342309707371896  0.7875084670954461 107.3423097073719 pid49a4
27.740533443460112  1.8586935158290157 107.74053344346011 pid4a18
28.01229589153763  0.8877042653558022 108.01229589153763 pid4ab7
28.11973875131162  0.7207836233377951 108.11973875131162 pid4a3b
28.40194474915177  0.572315385478606 108.40194474915177 pid4a4d
28.5767502158698  1.705134703764538 108.5767502158698 pid4a3e
28.598291206222754  1.7978207494115546 108.59829120622275 pid4a29
28.699200989694702  0.6860320296154011 108.6992009896947 pid4973
28.826077333361827  0.8106395946731796 108.82607733336182 pid4aca
28.88544913289221  1.5527099128087072 108.8854491328922 pid492c
28.895316669011727  0.8056314892009107 108.89531666901172 pid4a22
29.15539119907707  0.6488697470378471 109.15539119907707 pid4940
29.243847447388276  1.5471878361218516 109.24384744738828 pid4a96
29.708827009559847  1.966770906287735 109.70882700955985 pid49f5
30.46267446369515  0.9542271967269067 110.46267446369515 pid4a05
30.7404509303962  0.6231067155791363 110.74045093039621 pid49e6
30.968886224560542  1.711349865566243 110.96888622456055 pid49ba
30.98965178940113  1.5444368241600404 110.98965178940114 pid4aac
31.19224751282631  0.65196788685208 111.19224751282631 pid4998
31.26981570913968  1.922592185321114 111.26981570913968 pid4983
31.36390622341867  0.8810827208943627 111.36390622341867 pid4999
31.38793120474347  0.9552626561949282 111.38793120474347 pid4a7f
31.80008859546501  1.8730925901091156 111.80008859546501 pid4984
31.912094017230114  1.5941030461582586 111.91209401723012 pid49b3
32.32465294364185  1.2946935959826615 112.32465294364185 pid4ac6
32.426265605570286  1.537651448995148 112.42626560557028 pid49ab
32.561717475879576  1.1928010120027035 112.56171747587958 pid4a1d
32.58759416378737  0.690182515275011 112.58759416378737 pid4ab9
32.83377082342351  0.5273766413840185 112.8337708234235 pid49d2
33.10914572566821  1.446830013882134 113.10914572566821 pid499d
33.534256290714964  1.2008378248948557 113.53425629071496 pid4a69
34.043402245189306  1.6011992605837513 114.0434022451893 pid4959
34.27765323835942  1.5353254587145702 114.27765323835942 pid4a74
34.44817747957306  1.9874749500789468 114.44817747957306 pid497b
34.71099430979902  1.8151236834994853 114.71099430979902 pid4a47
35.36401104474075  1.4065294065839145 115.36401104474075 pid49d7
35.58095304377591  1.1883164805486444 115.5809530437759 pid4a8c
35.7060513460315  1.620588030048266 115.7060513460315 pid4a0c
35.70819345845327  1.8425228883071827 115.70819345845328 pid4a81
36.5592217608703  1.8968904713175743 116.5592217608703 pid49f6
36.79753434333882  1.4368167060387367 116.79753434333881 pid492b
36.95630715468575  0.6534932980546364 116.95630715468576 pid4955
37.2415582419503  1.2614114526785987 117.2415582419503 pid4a0b
37.40823415030531  1.0010291495910848 117.4082341503053 pid49ea
37.430467670590794  0.8785641084683491 117.43046767059079 pid49dd
37.825181124038835  1.8205102681442704 117.82518112403883 pid4a8d
38.13097475740922  1.216587303490458 118.13097475740922 pid4939
38.551372146971644  1.4274645184111956 118.55137214697164 pid4a5f
38.859341461260726  0.896999320805089 118.85934146126073 pid4a20
39.79333063495796  1.093836414819021 119.79333063495795 pid4a60
40.70880888446911  1.6677028304741852 120.70880888446911 pid4910
40.860398517888854  1.9275040336353793 120.86039851788885 pid495b
41.33885691897656  0.686245473685404 121.33885691897656 pid498e
41.38052843336647  0.7887975525667059 121.38052843336646 pid49ca
41.51535429487063  1.7799329357104319 121.51535429487063 pid4a0a
41.812264820211034  1.2602484083162668 121.81226482021103 pid49b4
42.24879353559728  0.758927806553521 122.24879353559729 pid4a6e
42.35525069503445  1.479002148852899 122.35525069503444 pid49c9
42.36385450021239  0.706708928652737 122.3638545002124 pid4a49
42.6230682481364  1.8765890060821127 122.6230682481364 pid4979
42.83917862227877  0.7140861514464162 122.83917862227878 pid492f
43.67649391773241  0.8563694961632505 123.67649391773242 pid4a31
43.70998921670722  0.7473717743659277 123.70998921670721 pid49b8
43.95705142706289  0.5218411629869542 123.9570514270629 pid4ac1
43.969705389119376  1.7591800013681542 123.96970538911938 pid4a93
44.38464914543746  0.7086408759077347 124.38464914543746 pid4976
45.43395080930635  1.7741386192949657 125.43395080930635 pid4933
45.47326722079928  0.7021816536227214 125.47326722079927 pid49c1
45.66124217178067  1.8053507923409922 125.66124217178067 pid4997
46.49249291846983  1.123471284855859 126.49249291846982 pid4947
46.75712495979775  0.8467669486078493 126.75712495979775 pid4a4f
47.17817783984579  1.945765473905368 127.17817783984579 pid4a98
47.47345384038836  1.252876559776491 127.47345384038836 pid4a10
47.93558201806194  0.7726086793611181 127.93558201806195 pid4a7c
48.19781394049159  1.9769906549312806 128.19781394049159 pid4aa5
48.39781348864559  1.9025188212752286 128.3978134886456 pid4a1f
48.732390607371556  0.9708933292053652 128.73239060737154 pid4a4e
48.732955283466175  1.9699937428967849 128.73295528346617 pid4a86
49.21193809923121  1.3184379902665975 129.21193809923122 pid4a52
49.26454699114328  0.5452791095890344 129.26454699114328 pid4aaa
49.870558513237945  1.8667771902727117 129.87055851323794 pid4ac3
50.17138209558891  1.436322928593134 130.1713820955889 pid4a2d
50.1839016536319  1.2754570661166942 130.1839016536319 pid4ab4
50.30330264436216  0.9880763381888701 130.30330264436216 pid495a
50.48875270145487  1.9927470189688914 130.48875270145487 pid49a0
50.57212872091858  1.091488866376096 130.57212872091858 pid4ab1
50.62268014248571  1.1747066741454226 130.6226801424857 pid49f4
50.722686159569086  1.7163006629246222 130.7226861595691 pid49d9
50.8376959277679  1.2772498332999256 130.8376959277679 pid4914
50.867614272573114  0.9909702070727631 130.86761427257312 pid491b
51.09677234062591  0.9641254842497806 131.0967723406259 pid4968
51.14070796545284  1.0735901345521044 131.14070796545283 pid499e
51.55744550085399  1.8202039227464057 131.557445500854 pid4abe
51.756288546502844  0.8983081244181721 131.75628854650284 pid49dc
52.31504339808128  1.840209853975459 132.3150433980813 pid4a54
52.39272270644471  1.835287258744998 132.39272270644472 pid4a46
52.476029123329056  1.843030480211101 132.47602912332906 pid4aad
52.68309006267573  1.052243323924757 132.68309006267572 pid4a15
52.7649850266388  1.122787672541343 132.76498502663878 pid4966
52.79416002225679  1.2745134636299438 132.7941600222568 pid49f1
53.27941146965534  1.9853191509073873 133.27941146965534 pid49d6
53.742913566864814  1.046463244713707 133.74291356686481 pid4a13
54.26649954734543  1.8566822426974339 134.26649954734543 pid4949
54.940902538412665  0.911460982799823 134.94090253841267 pid4a2c
55.011224884027726  1.620371365303006 135.01122488402774 pid49e7
55.06512882371942  0.6622030645161227 135.06512882371942 pid4954
55.4874056348393  0.8066012212899454 135.4874056348393 pid4911
55.90219119066237  1.563778541420701 135.90219119066236 pid4a16
55.932966547893905  1.8608955067220398 135.9329665478939 pid4a97
56.436993527405086  1.9372563462680545 136.4369935274051 pid4a9b
56.449726450065505  1.5659204485696598 136.4497264500655 pid4a61
57.397943353218544  0.5474062463014489 137.39794335321855 pid4abd
57.487176445538694  1.185121100445508 137.4871764455387 pid4a9e
57.54390286084493  1.5758916528329812 137.54390286084492 pid4ac2
57.82124884594209  1.1139124963943838 137.82124884594208 pid49e1
58.06790513435856  1.5476245088011562 138.06790513435857 pid49e8
58.50664752762974  1.2142770886036403 138.50664752762975 pid49f7
58.58591719071998  0.7589039187060787 138.58591719071998 pid4a23
58.92373853439325  0.8627879101212286 138.92373853439324 pid4a9f
58.926703999227456  0.6702205149038507 138.92670399922747 pid4a0e
59.356624371039935  0.5298692314821831 139.35662437103994 pid4ac0
59.46287602156365  1.0262614317493168 139.46287602156366 pid4a37
59.776022723622965  1.8214700298342008 139.77602272362296 pid4991
60.65238950852986  1.49190249641739 140.65238950852986 pid4a01
60.939765917793196  1.7539345150023173 140.93976591779318 pid49be
61.23231824437638  1.1713858505303951 141.2323182443764 pid4acc
61.6191940589606  0.6572800424763219 141.6191940589606 pid4971
61.82985739873106  1.0711453200313419 141.82985739873106 pid49db
62.159190831951264  1.5060632282503361 142.15919083195126 pid49af
62.296147088929246  1.0550087915717117 142.29614708892925 pid4a57
63.917588134169314  1.0351576953584702 143.9175881341693 pid49b6
64.70896716989499  0.9395419680796444 144.708967169895 pid4960
64.8621259543072  1.0250786156161675 144.8621259543072 pid4a9d
65.28467728546552  1.5491171056372943 145.28467728546553 pid497a
65.48210967129035  1.9509905694029472 145.48210967129035 pid49b1
65.95336025138992  0.9260252123128196 145.95336025138994 pid4a28
65.98095035237608  1.7501793452456298 145.98095035237608 pid4aa9
66.95714966263161  0.914931996687649 146.9571496626316 pid492a
66.95857407170281  1.4364763766731896 146.9585740717028 pid4a00
68.28198416412985  1.4591810351656411 148.28198416412985 pid4a36
68.53219207848917  1.9988819865856673 148.53219207848917 pid4961
68.82077470577053  1.1399220312751859 148.82077470577053 pid49cd
69.13045701563328  0.6004828076340052 149.13045701563328 pid491c
69.13992693324872  1.1900647073780413 149.13992693324872 pid4ab6
69.4081265673525  0.6167828901259107 149.4081265673525 pid4aa8
69.80721656693729  1.8050427743196427 149.80721656693729 pid4a2e
70.4275165735319  1.1083335931970555 150.4275165735319 pid4a88
70.50431035172224  0.7488559063692326 150.50431035172224 pid49a2
70.78460604689877  1.6053439393364812 150.78460604689877 pid4993
71.11524158581953  1.2887722292583512 151.11524158581955 pid4a85
71.73262117627596  1.7365757265613464 151.73262117627596 pid4a6c
72.17856383590235  0.580468215271275 152.17856383590237 pid4995
72.99305106736841  1.7175370525291824 152.9930510673684 pid4a78
73.26592033453755  1.0607394250967133 153.26592033453755 pid4a50
73.33368998193546  0.5040029964216046 153.33368998193546 pid491f
73.36759020933779  0.8621683967274014 153.36759020933778 pid4a19
73.37345805516853  1.6250317092550124 153.37345805516853 pid49bb
73.38848719580817  1.3644835373830075 153.38848719580818 pid4a91
73.96795742982943  1.8435550204351512 153.96795742982943 pid4a1c
74.0757003103791  0.6532536841008412 154.0757003103791 pid4a1e
74.19313495389395  0.719817699420245 154.19313495389395 pid4aa1
74.92078453713933  1.237470796189274 154.92078453713933 pid49f8
75.17370100700563  1.3289558780044817 155.17370100700563 pid4932
75.57225142380135  1.5182342805027658 155.57225142380133 pid49fb
75.71123186468117  0.6645500307233971 155.71123186468117 pid49cf
75.84276161901644  1.3874308906432151 155.84276161901644 pid4ab5
75.8519843238112  1.6811897206388757 155.8519843238112 pid4964
75.96253192262095  1.6188177808147206 155.96253192262094 pid4977
76.61434001876076  1.5156612515986287 156.61434001876074 pid4a04
77.40429963443766  0.5702665500541868 157.40429963443768 pid49c3
77.80446148960584  0.7378551563846205 157.80446148960584 pid4a21
78.05216943300861  1.834140008864484 158.0521694330086 pid4aa4
78.35000544839374  1.1910564015182485 158.35000544839374 pid494d
79.59953035149542  0.6298576246700163 159.59953035149542 pid4a6f
80.26697724648771  1.9351277138976668 160.26697724648773 pid4a55
80.38898695269272  1.3145246448816204 160.38898695269273 pid49de
80.4033975177499  0.8103167590669489 160.4033975177499 pid4a82
80.43146201040116  1.245632908017165 160.43146201040116 pid49df
80.58423281431679  0.7238992985806876 160.5842328143168 pid49a7
80.63002279709966  1.8427739706171247 160.63002279709966 pid497f
80.87211723578545  1.037248949133305 160.87211723578545 pid4a8e
81.14734500333725  0.9622634576372329 161.14734500333725 pid4965
82.90512458323411  1.706945014025182 162.9051245832341 pid493a
83.27712042036957  1.501124579391973 163.27712042036956 pid496e
83.68886403917168  0.5050886081042318 163.68886403917168 pid49ed
83.79959656261883  0.9205740481115414 163.79959656261883 pid49e4
84.03670532288514  1.1156305773829822 164.03670532288515 pid4a35
86.3887848246653  1.8843478598690264 166.3887848246653 pid4975
86.94416354258851  0.5643863471543266 166.9441635425885 pid4aa0
89.20795627309836  0.8331019537019225 169.20795627309838 pid4967
89.41598954530335  1.1266219522769245 169.41598954530335 pid497d
89.5063386208463  1.8651933008753918 169.5063386208463 pid4a75
89.66286873844115  1.3983130910895492 169.66286873844115 pid49b2
89.70228909549616  0.9548258522522788 169.70228909549616 pid4a25
89.84970902485901  1.3651003192209548 169.849709024859 pid4ac8
89.94630319711939  0.8337247157995082 169.9463031971194 pid4930
90.1991405160181  0.6308291946259701 170.1991405160181 pid49b0
90.35272981781868  0.5950250327806039 170.35272981781867 pid4a8a
90.58369656753635  1.3301199479446888 170.58369656753635 pid49c7
90.81917260443473  0.8819526654779035 170.81917260443473 pid4a03
90.8657958533962  1.0696147124401292 170.8657958533962 pid496d
92.04713122796989  1.4094183662259754 172.04713122796989 pid4972
92.08445261203818  1.6718320635634831 172.08445261203818 pid499c
92.22251066651825  1.715132247020744 172.22251066651825 pid4a8b
92.23251368540444  1.995651082809923 172.23251368540446 pid4abc
92.30586227823336  1.0189813104949252 172.30586227823335 pid4a7e
92.55952302794229  0.8801633616421776 172.5595230279423 pid4a07
93.28004171898857  1.9627681238734769 173.28004171898857 pid49c6
93.31600564990187  0.8036660704682084 173.31600564990185 pid4a17
94.71748047796962  1.1853798708582874 174.71748047796962 pid4a42
95.41391783618177  1.8926673773642748 175.41391783618178 pid4a3c
95.45634786654648  1.0335893783992773 175.45634786654648 pid4970
95.92690021686873  1.7391858599181695 175.92690021686872 pid4a5d
96.17198803093763  1.7674873888092781 176.17198803093763 pid4946
96.20511964349707  0.5844708210211832 176.20511964349708 pid4a09
96.23306518685591  0.8157210615091762 176.23306518685592 pid494a
96.83394569894423  1.9825229713158623 176.83394569894423 pid49ce
96.86519426067964  1.0173697380401168 176.86519426067963 pid4943
97.53031274818248  1.8061095467989337 177.5303127481825 pid4a77
98.16650113055148  1.8128624654479761 178.16650113055147 pid4916
98.29041171224584  0.5375978477281342 178.29041171224583 pid4a66
98.96305940640853  1.3930433262579807 178.96305940640855 pid496a
100.09285353326025  0.952135205393385 180.09285353326027 pid49fd
100.30497345101044  1.2036465726926344 180.30497345101043 pid4ac7
100.7260720522762  0.5401389912468098 180.7260720522762 pid4989
101.24669159613124  1.9152575057338392 181.24669159613126 pid4ab3
101.54745756628424  0.8639660203446176 181.54745756628424 pid4a40
102.1670705814109  1.6226799628106554 182.16707058141088 pid49f0
102.27838577858812  1.0839719929491887 182.27838577858813 pid4957
102.31416939232037  1.756023598289362 182.31416939232037 pid4a76
102.78443646904846  0.6403419328646875 182.78443646904844 pid49bd
103.06540192746088  1.8743800914993436 183.06540192746087 pid495c
103.11797750820476  1.4400946746294714 183.11797750820477 pid49d4
104.26985744418354  1.6243542168958587 184.26985744418354 pid499a
105.21273377913415  0.9568567983995864 185.21273377913417 pid493e
105.76289608923736  1.3534357845872984 185.76289608923736 pid497c
106.07364084200927  0.5553468010364498 186.07364084200927 pid49ec
106.20986711864572  1.258424217044974 186.20986711864572 pid4a95
106.23457675939457  1.6449895433499298 186.23457675939457 pid49c4
106.2381726283966  1.0659143551874224 186.2381726283966 pid494c
106.43057369640047  1.4589390473764474 186.43057369640047 pid49e0
106.89943253397642  0.6646328681183626 186.89943253397644 pid4a4a
107.16874083933648  1.2327736837822645 187.16874083933646 pid4aa2
107.4481975030375  1.5788068771081722 187.4481975030375 pid4ab8
107.60564671629952  0.5340765386251549 187.60564671629953 pid4942
107.62133677262162  1.0738588350375697 187.62133677262162 pid4944
107.68505463648134  0.950082040793198 187.68505463648134 pid499b
108.10020928551712  0.8924240289348709 188.1002092855171 pid493f
108.67345341641409  0.8641442766916385 188.67345341641408 pid497e
108.77466444061827  1.6227815742795808 188.77466444061827 pid4aae
109.47517862670804  1.1300909639978847 189.47517862670804 pid4926
110.05918633564625  0.8952895220454098 190.05918633564625 pid4a3d
110.10182619352047  0.7004283318735562 190.10182619352048 pid4969
110.44268768798727  1.673176452608784 190.44268768798727 pid4a58
111.56525284937919  1.8002985506460951 191.5652528493792 pid4a83
111.8088385877547  1.774916221497555 191.8088385877547 pid49f9
112.08666129059131  1.5647084925296424 192.0866612905913 pid4a11
112.63007124470955  0.5284956110828347 192.63007124470954 pid4a5e
113.50479850306498  1.6482574203246623 193.504798503065 pid4a02
113.68382068496643  1.191652112692904 193.68382068496643 pid4a67
114.1666243495087  1.2269397036792191 194.1666243495087 pid4a53
114.3827933169712  0.5620681448179803 194.3827933169712 pid4ab2
114.83204520768773  1.4909851074133844 194.8320452076877 pid494e
114.99337503117827  1.6408296737553876 194.9933750311783 pid49c8
115.86044711654723  1.4882973206345795 195.86044711654722 pid4a90
116.22031299839483  1.7440787888087175 196.22031299839483 pid499f
116.92078470255093  1.2584907618360468 196.92078470255092 pid49fa
117.34848732510368  1.6794298944312112 197.3484873251037 pid496f
118.75711305000071  0.7079150497166893 198.75711305000073 pid4935
119.24597764998369  1.4836659800881875 199.24597764998367 pid4ab0
119.27187463446596  1.1609932908289475 199.27187463446597 pid491e
120.0904056396754  0.8430160621608049 200.0904056396754 pid4981
120.27920686095413  1.7200168993641336 200.27920686095413 pid49e9
120.7345799876841  0.5428870911433819 200.7345799876841 pid49fc
121.34601438237924  1.3080998540214042 201.34601438237922 pid4ac4
122.07341867429338  1.5473966561514125 202.07341867429338 pid4a38
122.86581659854191  0.9230350809796046 202.86581659854193 pid49aa
123.09198508754581  0.7813056364598145 203.09198508754582 pid4945
123.23685806188364  0.5487046972795959 203.23685806188365 pid49c5
123.31571869195982  1.5222205105758058 203.31571869195983 pid4a7b
123.3831853664091  0.8941905947363089 203.3831853664091 pid4a41
123.95676030036098  1.1348452750994538 203.956760300361 pid4a89
124.02736993536027  1.2796847297000495 204.02736993536027 pid4a0f
124.40848578821166  1.3705211365665955 204.40848578821166 pid4a45
124.84147048132095  0.9393068657308217 204.84147048132095 pid49ef
124.9008086928384  1.6334373602636612 204.90080869283838 pid49cc
125.0825141022209  0.9166219181593139 205.0825141022209 pid492d
125.15603014570988  0.5876917195108387 205.15603014570988 pid4a5b
125.56814497285406  0.583573810202777 205.56814497285404 pid4a27
126.06872951162747  1.2428162288944775 206.06872951162745 pid49da
126.15279341294895  0.9040135197635588 206.15279341294894 pid4927
126.19759156204053  1.039459354394959 206.19759156204054 pid4951
126.41666420485765  1.8557292636434417 206.41666420485765 pid49ff
126.54102773520671  1.7858907313281032 206.5410277352067 pid494f
126.89352586572625  0.7391924477932307 206.89352586572625 pid49a8
126.93198216086954  1.5147182605790213 206.93198216086955 pid495f
127.18209945595437  1.418217261683014 207.18209945595436 pid49fe
127.28052748378558  0.9824267563550441 207.2805274837856 pid494b
127.35916094877278  0.9111819192853745 207.3591609487728 pid4923
127.8713762100308  1.5413257735714958 207.8713762100308 pid4931
128.05042476817113  0.9352998152751869 208.05042476817113 pid4919
128.0733711973487  1.849159120614132 208.0733711973487 pid49a6
128.45966242206268  1.9684699129156156 208.45966242206268 pid4920
129.0376324000744  1.972523422232372 209.0376324000744 pid4a6a
130.0651174167212  1.4290715132107343 210.0651174167212 pid4a2f
130.4931675051504  1.9245636278701999 210.4931675051504 pid498c
130.63408317195783  1.8288985916354483 210.63408317195783 pid4a7a
131.08358757915124  0.8879660756908427 211.08358757915124 pid4a59
131.09214732859147  1.9449206853906404 211.09214732859147 pid49e2
131.64131203275912  1.9035946206711676 211.64131203275912 pid49bf
131.83406041727108  1.828936659122576 211.83406041727108 pid4934
132.19755755683863  1.9298865802600813 212.19755755683863 pid4a24
132.23871935653227  0.5382960476430051 212.23871935653227 pid4922
132.54588691944008  1.1094048172855069 212.54588691944008 pid4a30
132.5592430323171  1.3272393094307056 212.5592430323171 pid4978
133.04086733804263  0.9915236906359648 213.04086733804263 pid496c
133.20997103830464  1.537491379816324 213.20997103830464 pid490e
133.80974212391797  1.9758271867653754 213.80974212391797 pid4acd
134.21328645191502  1.9823957199079596 214.21328645191502 pid4952
134.78972186076504  0.7716996138890538 214.78972186076504 pid4921
134.91208175442785  1.007825321095104 214.91208175442785 pid4a12
135.20790475467066  1.4283635814807576 215.20790475467066 pid49b7
135.35111750504024  1.0738479994333163 215.35111750504024 pid49a1
135.4898223556531  1.4907620298850377 215.4898223556531 pid4915
135.6787261230764  1.5652617139617002 215.6787261230764 pid4a72
136.64137438785303  1.5612453978315015 216.64137438785303 pid4929
136.76083921649067  0.6208638943679567 216.76083921649067 pid491d
136.87814318297745  1.0940506117929738 216.87814318297745 pid4956
136.90750480198997  1.7978842440945155 216.90750480198997 pid495e
137.42326395242569  0.8238949178082912 217.42326395242569 pid4924
137.53010818041477  1.0177405148073657 217.53010818041477 pid4938
137.80584833181038  1.1265012718138385 217.80584833181038 pid498a
138.08252696586956  1.3850046712691229 218.08252696586956 pid4958
138.30962452732163  1.166661523364334 218.30962452732163 pid4a84
139.61732828042432  0.6395535032561912 219.61732828042432 pid4950
140.28599220136826  1.7953809509690537 220.28599220136826 pid4ac5
140.35220347307325  0.7579828459343566 220.35220347307325 pid4985
140.46969803927064  0.9350920683330632 220.46969803927064 pid4a8f
140.47895789902134  0.8267063369692091 220.47895789902134 pid4918
140.5669990143042  1.4234514789878845 220.5669990143042 pid49f3
140.95196169745898  0.908155991279251 220.95196169745898 pid49f2
141.41889396223218  1.510352458912175 221.41889396223218 pid496b
142.35261170406324  1.8518694665158768 222.35261170406324 pid4962
142.41370086702617  1.6619944429237883 222.41370086702617 pid4a63
143.04660291096738  1.6567245208535302 223.04660291096738 pid490f
143.47807817114173  0.6256734314470032 223.47807817114173 pid4982
144.0076845348066  1.7889749437731137 224.0076845348066 pid4a1b
144.19646078806815  1.5592712435689497 224.19646078806815 pid493c
144.27145959969798  0.5628362763354836 224.27145959969798 pid491a
144.70922539517838  1.638714494133893 224.70922539517838 pid490c
144.83827018403747  0.5596109373102012 224.83827018403747 pid4a3f
145.14705886522313  1.062297165699176 225.14705886522313 pid4abf
145.5642413654358  0.7354066709809433 225.5642413654358 pid49d5
145.99087843204666  1.6908005622598297 225.99087843204666 pid492e
146.11057877076735  1.0931948696717195 226.11057877076735 pid4a4b
146.3134955176125  0.7108073847405069 226.3134955176125 pid4a7d
146.66210809668448  1.9163580410436682 226.66210809668448 pid4aa3
146.72632529846356  1.0763653337968226 226.72632529846356 pid4a32
146.75208568816134  0.9079586713151961 226.75208568816134 pid49e5
147.14623574896896  0.596973456757078 227.14623574896896 pid4ac9
147.41318325287006  0.8789569449974939 227.41318325287006 pid49d1
147.97220710647315  1.323345343337822 227.97220710647315 pid4a4c
148.55339962864286  0.7880792550993105 228.55339962864286 pid4a73
148.8540932191191  1.8658575801360786 228.8540932191191 pid4a94
149.13668132703825  1.539841664672262 229.13668132703825 pid4aa7
149.48378775369252  0.8338259014299552 229.48378775369252 pid498d
149.61653967725863  0.9464863497034597 229.61653967725863 pid4a92
