3.1068443449554675  0.5904797990193001 83.10684434495546 pid18f6
3.3931194184248783  0.7248134305252647 83.39311941842487 pid18f3
3.4330919354606024  1.1550244927083404 83.4330919354606 pid18d3
5.953554379973658  1.8238265253464463 85.95355437997365 pid18dd
7.8354789507077305  0.6341748425298799 87.83547895070772 pid18ec
9.403337952766972  0.662765209916629 89.40333795276698 pid187d
9.796143313021227  1.769460966917839 89.79614331302123 pid18c5
10.330556081563124  1.182138862738645 90.33055608156312 pid18d0
10.893937981506351  0.6764021744898181 90.89393798150635 pid1870
10.998204516991967  1.1601744638017482 90.99820451699196 pid188b
12.33607249857176  1.9982154305375759 92.33607249857175 pid18e3
13.589730106513276  0.8842777199892788 93.58973010651327 pid1877
14.17327288592986  1.0366860121953465 94.17327288592986 pid18a5
16.15088171471181  0.7985644064545324 96.15088171471182 pid18fb
16.671847215586087  1.2732716948985083 96.67184721558608 pid18f0
17.366794208104043  0.7740846184744881 97.36679420810404 pid18e0
18.818491577109913  1.348812874354358 98.81849157710991 pid18bb
22.543965502537873  0.5224202198671924 102.54396550253787 pid18b9
23.251815506351793  1.4225138860258455 103.25181550635179 pid1883
23.46448720663253  0.9751254010242792 103.46448720663253 pid187f
23.905025639312754  0.5340177837628255 103.90502563931275 pid18d9
24.163482734631756  1.7685202280705954 104.16348273463176 pid1893
24.421557583650767  1.2664163584035757 104.42155758365077 pid1897
25.230188409307324  0.7548336531618884 105.23018840930732 pid18a9
26.213918246546815  1.9830293551446796 106.21391824654681 pid188c
27.085925183135167  1.6744373406904733 107.08592518313517 pid186e
27.291278169144768  1.708015308839931 107.29127816914476 pid18c7
27.386381336895283  0.6478138736610694 107.38638133689528 pid18e8
33.18003606273732  1.189133981110977 113.18003606273732 pid18e5
35.0459799552491  1.305499560964561 115.0459799552491 pid18c6
36.08412982193981  1.43428376492203 116.08412982193981 pid18db
38.45804787262907  1.0592168359681151 118.45804787262907 pid18ba
40.06552498804061  1.6570709542567643 120.06552498804061 pid18c4
42.57104174839727  1.6716586173635153 122.57104174839728 pid186a
43.13209874269886  1.8117384503127334 123.13209874269886 pid18bc
43.44515314158023  1.8790614232601577 123.44515314158022 pid18fe
44.66147692415522  1.1706608908751983 124.66147692415521 pid1871
46.87695272858623  1.5855058465540317 126.87695272858623 pid18ea
47.4334121910751  1.9413770615580148 127.43341219107509 pid18cd
48.084136002628156  1.0417786641707316 128.08413600262816 pid18c0
49.500778773849035  1.0322751358880664 129.50077877384905 pid18ca
50.07043524456037  0.6119131515214022 130.07043524456037 pid1889
50.375002246560086  0.9314696183752008 130.3750022465601 pid18ff
51.51563981359904  1.6134722102246888 131.51563981359902 pid1880
52.04596087604911  0.8498802541570004 132.0459608760491 pid18e2
52.42543279889279  0.7680134160860496 132.42543279889279 pid18e9
53.27917989463809  1.4050564315797898 133.2791798946381 pid1892
53.51892316756366  0.7370624371775905 133.51892316756366 pid1882
54.434250067357134  1.5221127760756679 134.43425006735714 pid1898
55.12075743836104  1.8315376653908926 135.12075743836104 pid18c8
55.130982017847266  0.7268753044426881 135.13098201784726 pid18a2
55.83908136963057  0.5951311356791588 135.83908136963058 pid18aa
56.01519774915476  1.3542923215466565 136.01519774915477 pid18cf
56.63579323504434  1.2198223836082949 136.63579323504433 pid18b3
56.85278014437765  1.102895555046035 136.85278014437765 pid18f2
56.86257186781548  1.0256417537194331 136.8625718678155 pid18fc
58.67820688310222  0.6936636730786945 138.67820688310223 pid1886
59.30630069864515  0.7561866725530464 139.30630069864515 pid18cb
61.94430062536347  1.587889009950989 141.94430062536347 pid18b6
62.15150799994766  1.105202451572953 142.15150799994765 pid189c
64.2202662490576  1.6893263307614341 144.2202662490576 pid18de
64.28967442928143  1.4506907466041719 144.28967442928143 pid188a
65.97956113593476  1.8002587655645956 145.97956113593477 pid18a6
67.21305923179843  0.8211187887250737 147.2130592317984 pid18fd
67.26096271947132  1.0173203320650097 147.2609627194713 pid1875
67.27306430063739  1.3465845064263147 147.27306430063737 pid18d5
67.52546953053506  1.4274637030264894 147.52546953053508 pid18ac
70.1731232410725  1.82128053785105 150.17312324107252 pid1896
70.57971058259338  1.5836638751501186 150.57971058259338 pid18b7
71.55068328751045  1.3379011880845735 151.55068328751045 pid18b2
72.33355784217149  0.8278862109508076 152.3335578421715 pid18e1
72.43204554060519  1.5961006928792942 152.4320455406052 pid18ed
76.86403733341629  1.717635761824017 156.8640373334163 pid18d2
77.88852436016636  1.2856084199987925 157.88852436016634 pid18a1
78.73741970794748  1.1034241533549485 158.73741970794748 pid18ef
79.10522203730696  0.5837147955738782 159.10522203730696 pid18bd
79.90544966441311  0.6894940499510136 159.9054496644131 pid1887
80.46275558061426  1.5335332736707592 160.46275558061427 pid18be
81.62961036838684  1.2399651678323278 161.62961036838684 pid18d1
82.11787277640381  0.8311415948491656 162.11787277640383 pid18fa
82.81087927589574  1.3697547445076188 162.81087927589573 pid18b4
83.41553555333094  1.8974291755988728 163.41553555333093 pid18eb
83.87867504550239  1.7654189095523118 163.8786750455024 pid18a0
84.33179091886804  0.7533495082411386 164.33179091886802 pid187b
84.35963651500415  0.9446534669781962 164.35963651500415 pid18f4
85.74556695346399  0.8316122017900714 165.745566953464 pid1894
86.03397247430149  0.9708852669228135 166.0339724743015 pid187a
86.7574483303427  0.925233882857764 166.7574483303427 pid186d
88.20808992321739  1.5909523227406095 168.2080899232174 pid1873
88.26024765808252  0.5859923490531348 168.2602476580825 pid18d7
89.30898655415217  1.5076679270157445 169.30898655415217 pid18dc
90.37244810697145  1.8120578174191397 170.37244810697143 pid189e
90.53803136739852  1.730775582242994 170.5380313673985 pid188f
91.46072929991759  0.5136382792853675 171.4607292999176 pid18df
92.16086941828941  0.5213720185053845 172.1608694182894 pid18d4
92.81581372801699  1.9475987539166413 172.815813728017 pid18ee
93.00565654692564  1.1140257108778973 173.00565654692565 pid18f9
93.70681575829288  1.9470310791172252 173.70681575829286 pid18b1
94.15125117633896  1.7763217152444755 174.15125117633897 pid18d8
95.6946595102444  1.1207679942031885 175.6946595102444 pid18f5
96.35219020390635  1.9130095313755164 176.35219020390633 pid18c9
97.407903000953  0.54802919682691 177.407903000953 pid1878
97.7895561303308  1.325273641668257 177.7895561303308 pid18c2
97.88077142489476  1.675900863776194 177.88077142489476 pid1888
98.65855175402885  0.9245224883755743 178.65855175402885 pid1872
104.91520011934392  1.6772016116420148 184.91520011934392 pid186f
105.35888017684056  1.2858701125749228 185.35888017684056 pid1895
106.00039832549176  1.6634456078039361 186.00039832549174 pid186b
107.0946916972527  0.7400340314136336 187.0946916972527 pid1885
107.50888807176418  1.6486252767232241 187.50888807176418 pid18ad
108.00067193525445  1.5224887848982092 188.00067193525445 pid18af
108.31357095069532  1.0264438914282115 188.31357095069532 pid18f8
109.92541385967768  0.7121399479634398 189.9254138596777 pid18e6
109.99866424771909  0.7781121319491922 189.9986642477191 pid18b8
113.43128541818562  0.8563385214448547 193.4312854181856 pid1891
114.39041496279042  0.9933964538428979 194.39041496279043 pid18f1
114.91466001506525  1.4156592093566784 194.91466001506524 pid1876
116.64419113240059  0.5213331552081869 196.64419113240058 pid188e
116.92567650510378  0.5097849505927269 196.92567650510378 pid18a4
116.9563759869398  1.0645431954298443 196.9563759869398 pid18da
121.51921309369169  0.563801438272182 201.5192130936917 pid187c
121.54896889741386  1.9910369571507531 201.54896889741386 pid186c
122.23537321351697  1.2071549079794353 202.23537321351697 pid1884
122.71912491728484  0.7366586082955899 202.71912491728483 pid189d
122.76033076633995  1.8219525406212767 202.76033076633996 pid18d6
128.99721302799068  1.590438508610061 208.99721302799068 pid189f
129.31135701152937  1.7141784472755095 209.31135701152937 pid1874
130.02453447625408  1.30378523366898 210.02453447625408 pid187e
130.4775521903123  1.4167824615228792 210.4775521903123 pid189a
133.3240328522832  1.9717312843666173 213.3240328522832 pid18a3
133.45177970190014  1.604935548882624 213.45177970190014 pid18c1
133.58889021567316  0.5279165383287437 213.58889021567316 pid189b
134.05281540206838  0.6780063121081495 214.05281540206838 pid18e4
135.87587181241622  0.5803678845779318 215.87587181241622 pid18b0
138.1233930495082  1.352814663052215 218.1233930495082 pid18ce
138.46329197900334  1.7993227609665403 218.46329197900334 pid18bf
138.76892681932074  1.881942915275019 218.76892681932074 pid18e7
139.56357614126523  1.707398068830446 219.56357614126523 pid1881
139.80942761159233  1.6980708695831241 219.80942761159233 pid18a7
140.7370171521331  0.811677149147277 220.7370171521331 pid1899
140.79823484657712  1.583855427079496 220.79823484657712 pid18cc
143.35646291112892  0.6210678488859434 223.35646291112892 pid18c3
143.82621293085558  0.5675822713330931 223.82621293085558 pid18b5
145.0739810163343  1.9660707953576468 225.0739810163343 pid188d
145.12718509353147  0.9954046552992337 225.12718509353147 pid18a8
146.8873040353317  1.23672161957143 226.8873040353317 pid1890
147.51978279845352  1.0757304672477397 227.51978279845352 pid1879
147.77482862377764  1.2041294383039396 227.77482862377764 pid18f7
149.53336785471868  0.6528545451934922 229.53336785471868 pid18ae
149.85997788327046  1.4482703708087787 229.85997788327046 pid18ab
