1.6700728049401092  1.1105364084081173 81.6700728049401 pid942
8.012760667413088  1.9030755509912032 88.01276066741309 pid95e
10.712309667034415  0.7549298428238164 90.71230966703442 pid932
11.489084046249404  1.2760065985126743 91.4890840462494 pid944
13.166123426517428  1.689813947740372 93.16612342651743 pid93e
13.416862467865437  1.1558845479971027 93.41686246786544 pid945
19.53239349876182  0.5494743179726682 99.53239349876182 pid957
27.376405005685744  1.962742082836252 107.37640500568574 pid93c
32.03512496366282  1.1689152586479625 112.03512496366281 pid94a
35.899696437561076  0.7612178943772667 115.89969643756108 pid943
36.22529622521973  1.4003773544122724 116.22529622521972 pid933
37.23159893334607  1.2136144736575907 117.23159893334608 pid93d
43.03822612237237  1.0741815437012223 123.03822612237238 pid949
51.784912527639584  1.0408614547651327 131.7849125276396 pid956
55.16448427947574  1.047644600092644 135.16448427947574 pid94c
67.71764541512054  1.4371007709361514 147.71764541512056 pid93f
68.74411651449319  1.8380462667170456 148.7441165144932 pid947
69.01612012200556  0.6500636513587752 149.01612012200556 pid941
70.75023877718183  1.963476337254428 150.75023877718183 pid930
74.45456891065494  1.106659885383657 154.45456891065493 pid95f
75.02527785879612  1.2690561502951663 155.02527785879613 pid948
81.11734287974903  0.6556839204522449 161.11734287974903 pid95b
81.22720495468737  1.0765650417040467 161.22720495468735 pid92e
81.38867829122911  1.047786119347125 161.3886782912291 pid939
82.74989780414806  1.3126049755732927 162.74989780414808 pid946
84.41622302559286  1.6219543353268862 164.41622302559284 pid94e
87.88295600080188  1.4802080333374534 167.88295600080187 pid94b
94.93035188991273  1.2076631989868087 174.93035188991274 pid931
99.0436495956582  1.6536497910230397 179.0436495956582 pid934
100.12561116342675  1.992547544011365 180.12561116342675 pid94f
114.80577443360677  0.9914786222042782 194.80577443360676 pid950
115.2767023775312  0.8111052777167616 195.2767023775312 pid93b
117.47785171552896  1.8190167841701428 197.47785171552897 pid958
123.49536261240664  0.6653319858434845 203.49536261240664 pid938
125.64488403806298  1.51508952125292 205.64488403806297 pid936
125.88075563090045  1.2983061112919076 205.88075563090047 pid93a
128.17188458488067  0.6744785554996522 208.17188458488067 pid953
129.0001318808607  0.9634454210416263 209.0001318808607 pid935
131.85876157866363  1.888446990631576 211.85876157866363 pid92f
132.64044086723945  1.4385910093298557 212.64044086723945 pid95a
132.73340302101144  1.0853839207686118 212.73340302101144 pid95d
133.699097778841  1.8216576144149816 213.699097778841 pid954
135.6853403964383  1.0366584706761381 215.6853403964383 pid937
139.99750764042983  1.726932859271793 219.99750764042983 pid951
140.02389391772755  1.0321335505657863 220.02389391772755 pid952
142.90712374029195  1.2748208672740438 222.90712374029195 pid940
143.28604741503796  1.4951812868921932 223.28604741503796 pid955
145.90255225431932  1.5359697830953163 225.90255225431932 pid959
146.9594307857195  1.6831871634220974 226.9594307857195 pid95c
149.27434334398532  1.5099547375454647 229.27434334398532 pid94d
