5.046106060346429  4.8921907396364634 14.830487539619355 pid983
12.75674114625686  3.7519060844552894 20.26055331516744 pid979
13.214116738529281  3.083133649511281 19.380384037551842 pid961
13.301743539355034  4.588233598936789 22.47821073722861 pid97f
14.471647443822114  2.0997579911592403 18.671163426140595 pid970
15.610595859093653  3.3084374880296097 22.22747083515287 pid96a
16.79989327270197  4.676351798182981 26.15259686906793 pid966
26.06229036774808  4.3237560933673596 34.7098025544828 pid975
29.15330047338959  3.356107855707609 35.865516184804804 pid968
29.473202786822693  4.644113333658449 38.76142945413959 pid97a
38.298217990789276  3.371388339090594 45.04099466897046 pid977
47.47012242363289  4.1694317966623595 55.808986016957604 pid965
47.68139440249484  1.200936636736158 50.08326767596716 pid984
52.154422762025455  2.4302316558721544 57.014886073769766 pid991
56.64537792683699  1.154206861699084 58.95379165023516 pid989
56.780977943713424  2.613924545857549 62.008827035428524 pid969
59.962749868834244  4.0562106321444755 68.07517113312319 pid98a
60.073172001803904  3.084023022096114 66.24121804599613 pid982
62.74293036694287  4.791221363494033 72.32537309393093 pid96d
64.5156160279104  4.684741495575059 73.88509901906052 pid967
64.54479397812804  4.1749800818697835 72.89475414186761 pid96f
69.82579329823133  2.203084631636168 74.23196256150366 pid988
70.35557426983765  1.5991774265909724 73.55392912301959 pid96c
74.89543689406041  2.5539308777370557 80.00329864953451 pid97d
75.49702743823839  3.1558336505746234 81.80869473938763 pid97b
75.55060111676346  1.5641637078474484 78.67892853245836 pid976
75.76648304509251  2.9979329858365755 81.76234901676567 pid98c
90.73258738386114  3.94512383315021 98.62283505016157 pid981
125.3805071277544  2.4920330040398793 130.36457313583415 pid97e
126.41277810858716  2.753837560738351 131.92045323006386 pid98e
130.01299538488234  4.603806607281878 139.2206085994461 pid960
130.7979191639887  1.9917859961618807 134.78149115631246 pid974
132.29014312834704  4.268600263339792 140.82734365502662 pid990
136.5045275239903  2.7814697442909715 142.06746701257225 pid97c
139.47311312302753  3.6896498078976787 146.8524127388229 pid972
150.47214335547065  4.836329220206068 160.14480179588278 pid98b
154.08591494275709  1.2564874709834832 156.59888988472406 pid971
154.3882705891522  1.7550969530784712 157.89846449530916 pid978
155.0114382659712  4.292102764520281 163.59564379501177 pid964
157.26652659996924  2.986084670987002 163.23869594194323 pid963
159.53101821220127  3.9819295157865997 167.49487724377448 pid980
161.73692920658962  4.277561297115524 170.29205180082067 pid96b
162.59251670858492  1.4458036341750287 165.484123976935 pid985
163.51117072753485  4.046469115259122 171.6041089580531 pid987
168.68004611706647  2.8940604330746345 174.46816698321572 pid96e
170.2210528484388  3.47346539848125 177.1679836454013 pid98f
172.42638025484248  1.8519904097814774 176.13036107440544 pid986
173.8220069981275  3.9767026893069173 181.77541237674134 pid962
177.16977510712255  2.7681014755201487 182.70597805816286 pid973
178.49463022541792  2.205170594460422 182.90497141433877 pid98d
