1.2894599992077593  1.4902582453963504 81.28945999920776 pide37
2.994347806732062  0.5302659684125379 82.99434780673207 piddf2
3.0843854868578378  1.182536178835189 83.08438548685784 piddee
3.501406119085715  0.8237078616200082 83.50140611908571 pidddf
4.411632423787726  1.6218863949282993 84.41163242378772 pidde3
5.030119233299696  1.3531363929775164 85.0301192332997 pide68
5.677040963948087  1.1660355341958328 85.67704096394809 pide56
6.182508207931403  0.5418282413389319 86.1825082079314 pide32
6.20908192855743  1.0371862908955538 86.20908192855742 pide67
6.9384442862121585  1.5493762559453348 86.93844428621216 pide58
7.998265332947402  0.8894909306399038 87.9982653329474 pide54
8.5632938713875  1.2174723335847077 88.5632938713875 pide21
10.035701787248607  1.0235896627537384 90.03570178724861 pide18
10.576682442004248  1.6752025590732136 90.57668244200426 pide47
10.66835225948411  1.8250847991462253 90.66835225948411 pide31
12.159683439072172  1.1959313129011102 92.15968343907217 pide5e
12.302611990399631  1.697604895529871 92.30261199039963 pide11
13.029762041112452  1.8478236784236013 93.02976204111245 pide01
13.261821563608988  0.8687305059195715 93.26182156360899 pide2d
13.517654988473849  0.8553705940425333 93.51765498847385 pide30
13.998993319172243  0.5307253473711286 93.99899331917224 pide2a
14.293722409930337  1.0559970887053967 94.29372240993034 pide6c
14.538935616083043  1.1552893760769465 94.53893561608304 pide07
14.79442893374049  1.8915669659953505 94.79442893374049 piddde
14.958872560141746  0.6908171415968833 94.95887256014174 pide2c
16.56137603486944  1.9780178227543805 96.56137603486944 pide14
17.28869552111575  0.6332946111949027 97.28869552111576 pide00
18.290571467179227  1.8238048588053442 98.29057146717923 pide43
18.480577040957762  1.3910579885724579 98.48057704095777 pide64
18.869710969190436  1.1351649500364194 98.86971096919044 piddfb
19.25758577900346  1.0900784634579508 99.25758577900346 pide0a
21.70458425799935  1.6343127959874977 101.70458425799936 pide71
22.61466483224201  1.7416961875357253 102.61466483224201 piddeb
23.030179730678736  1.176546198401713 103.03017973067874 pide38
23.60107901187615  1.187030788907827 103.60107901187615 pide59
23.999121288343634  1.2102552397821058 103.99912128834363 pide5c
27.878219168695274  1.8536728093881956 107.87821916869527 pide60
28.237816846832477  0.8023807343944247 108.23781684683247 pide4e
29.89355678952338  1.235771686307765 109.89355678952339 pide53
31.13297969227845  1.1468660046844266 111.13297969227845 piddf0
31.311560739111933  1.0765475890224696 111.31156073911194 piddff
31.67164213439141  1.776144268591528 111.6716421343914 pide63
33.451789876190375  1.167976212403877 113.45178987619038 piddf6
33.88532309038673  1.9242740646895116 113.88532309038672 pide1f
35.59633086872335  1.3134698405498093 115.59633086872336 pide39
36.09359089018436  1.6214943090124316 116.09359089018436 pide2f
38.21574376735053  1.5315292559394678 118.21574376735053 pidde5
38.345678892909376  1.4177867223087801 118.34567889290938 pide4b
39.49442079018244  0.7019071985080925 119.49442079018243 piddf3
40.740493165183985  1.8213904353138002 120.74049316518398 pidde7
41.27081398499589  1.8710510757623262 121.2708139849959 piddf9
43.4430764317667  1.348331996746437 123.4430764317667 pidde2
43.97185344660203  1.1507288314748694 123.97185344660204 pide10
44.418270616162204  1.5338406806334235 124.4182706161622 pide6b
45.20324634406182  1.893821304082864 125.20324634406182 pide48
45.575005716683584  1.5499595276791336 125.57500571668359 pide0f
46.70077366038449  1.82332021105533 126.7007736603845 pide6a
48.05514020125902  1.4033880364933307 128.055140201259 pide73
48.209749663163294  1.9665964024398683 128.20974966316328 pide6d
48.73254171117481  1.686730745039342 128.7325417111748 piddf8
49.403973675584965  1.199990924993516 129.40397367558495 pide28
49.646497279018234  1.3540219408314906 129.64649727901823 pide45
52.75579239493865  1.165951521388954 132.75579239493865 pide27
53.930548636872956  0.5591761071521755 133.93054863687297 pide62
55.26044270849756  0.9898350839248955 135.26044270849755 pide35
55.62307142386961  1.1863561739969222 135.62307142386962 pide1c
56.56057836960429  1.0626405025117416 136.5605783696043 pide6e
58.1311908381878  1.3574643053804303 138.1311908381878 pide52
58.8954732219097  1.3016607656307992 138.8954732219097 pide16
60.9956864885528  1.0379998623361515 140.9956864885528 pide04
61.71812008742134  1.806936255901613 141.71812008742134 pide3d
62.28915202098443  0.5232848760152764 142.28915202098443 pide0b
64.409431677823  1.3194741464162099 144.409431677823 pide19
64.65905876062989  1.410763247502533 144.65905876062988 pide41
65.72970333342352  0.7163779781573638 145.72970333342352 pide0e
66.27545044987367  0.6959488761846504 146.2754504498737 pide3e
66.71666152628956  0.5390490125628643 146.71666152628956 pide4a
67.27634049169083  0.7223891138271027 147.27634049169083 pide5a
67.711465498262  0.5094091912200733 147.711465498262 pide05
68.52886583104072  0.8164186053888638 148.52886583104072 pide66
69.9323448434511  1.4849342164842774 149.93234484345112 pidde4
70.66639159818146  1.4909852599859548 150.66639159818146 pide1b
70.69676665274753  1.796430675553563 150.69676665274753 piddec
70.76357747230136  0.711047131191787 150.76357747230136 pide1a
70.91749329126579  0.7785599243906709 150.91749329126577 pide20
71.28883523525597  0.6294443299206803 151.288835235256 piddf7
71.38011745077512  1.137878374059967 151.38011745077512 piddfa
71.5257302694133  0.5447229920078029 151.52573026941332 pide65
71.99055434274483  1.8054272188186409 151.99055434274482 pide24
73.25272408552475  0.7965474702957696 153.25272408552473 pide70
75.81004090926041  0.5833997908038668 155.8100409092604 pide08
76.42642342553944  0.6943231194004853 156.42642342553944 piddf1
77.14293461241417  0.9292644555671041 157.14293461241417 piddfe
77.78166146036665  1.7605556912852678 157.78166146036665 pide02
78.12412447599993  1.7968061639502748 158.12412447599993 pide40
79.57396461735259  1.4748932096667504 159.5739646173526 pide5f
81.73447155998609  0.7867525759031828 161.7344715599861 pide34
82.61090864873638  1.6964036479432125 162.61090864873637 pide06
82.94033558664745  1.459687856600712 162.94033558664745 pide69
83.15067046047808  1.1284210916670574 163.15067046047807 piddfd
83.62394103019257  1.9283722979341036 163.62394103019255 pidde0
84.0141790432343  0.6536425378194182 164.0141790432343 pide44
84.01738923940002  1.9030597229563246 164.01738923940002 pide55
84.85115779664484  0.7884456227165026 164.85115779664483 pide50
86.75112359053557  1.9891550394068291 166.75112359053557 pide2e
88.77294536517003  1.9674252869755122 168.77294536517002 piddea
89.84928455832696  1.229649861571119 169.84928455832696 pide5d
93.52621487478649  0.9470816135000505 173.5262148747865 pide1e
95.3768976029704  1.8817729026171697 175.37689760297042 pidde8
95.54768503003291  0.6492198578307723 175.5476850300329 pide3a
96.69777052078065  0.902801444146552 176.69777052078064 pide3f
99.83029118771515  0.9987997211039594 179.83029118771515 pide25
99.85236137394517  0.8560503122351171 179.85236137394517 pide2b
100.24342901471842  1.3220632745951602 180.2434290147184 pidde9
103.9078731548926  1.2412990450964525 183.9078731548926 pide51
103.9518102558789  1.2195178738231114 183.9518102558789 pide0d
104.2944084883676  1.264573272248815 184.2944084883676 pide23
104.83948509145719  1.5573025895837025 184.8394850914572 pide3b
105.64776542039161  1.491503090107166 185.6477654203916 pide3c
106.47803308102282  0.5059066157616802 186.47803308102283 pide1d
108.15312623137409  1.5342180524243547 188.15312623137407 pidded
108.94391892646695  1.0799725876821595 188.94391892646695 pide29
109.6878795115928  0.5995418056178288 189.6878795115928 pide03
110.43179079858507  1.4392795865645247 190.43179079858507 piddef
113.36593087673067  0.7960828227497476 193.36593087673066 pide36
114.30570211832605  0.5297748871178194 194.30570211832605 pidde6
114.93429911345791  1.2723518276873276 194.9342991134579 piddf4
115.18230006875186  1.8704900152306017 195.18230006875186 pide22
117.566028321237  0.553342536280254 197.566028321237 pidde1
118.18032303362844  1.76458437091816 198.18032303362844 pide33
119.91582876504431  1.2473328141311608 199.9158287650443 pide4d
120.64359803192768  1.4491701784188475 200.6435980319277 pide4c
122.42930766909606  1.2927327962519086 202.42930766909606 pide15
126.88841361989657  1.786099561120141 206.88841361989657 pide17
128.4476771431665  0.7409480650260993 208.4476771431665 pide46
129.3307818601575  1.1163490102551747 209.3307818601575 pide72
129.8576705378881  0.9289237590919286 209.8576705378881 pide0c
131.71146839510467  1.6496084363404033 211.71146839510467 pide49
134.71851877984045  0.7800231668857094 214.71851877984045 pide09
136.67299456973163  1.1994016508556875 216.67299456973163 pide42
136.7649430968168  1.2387627516282342 216.7649430968168 pide61
136.89832538519948  1.7829529231359182 216.89832538519948 pide5b
138.88996277899625  1.3900030932024463 218.88996277899625 piddf5
140.95991840344183  1.7650527532693343 220.95991840344183 pide26
141.60071663522928  1.8352926800631901 221.60071663522928 pide12
146.6234227558743  0.58176206008116 226.6234227558743 piddfc
147.80167873184075  1.7254883614542953 227.80167873184075 pide4f
148.20712070139496  0.5713329723282508 228.20712070139496 pide6f
149.35257705113403  1.4021707730621182 229.35257705113403 pide57
149.94440279591828  1.1866733977442183 229.94440279591828 pide13
