3.2301805757747704  1.1031853694154683 5.4365513146057065 pid476
3.356605208501877  3.6871045497483457 10.730814307998568 pid459
7.481507874661335  1.1970587893580373 9.87562545337741 pid47d
10.418388559565567  3.0287426693438104 16.475873898253187 pid452
10.95328937118153  3.476646786092728 17.906582943366985 pid471
14.23957253505802  1.591356674428757 17.422285883915535 pid46a
25.215411780609912  2.1311955840715004 29.477802948752913 pid45d
26.30333592910173  4.05728185443567 34.41789963797307 pid45a
27.28503529783329  4.979475725827308 37.2439867494879 pid44f
33.58302400672403  3.5099861398931647 40.60299628651036 pid475
37.18310003007667  3.272825972035594 43.72875197414786 pid450
43.29095037828116  4.621986358818475 52.53492309591811 pid455
49.62615602499218  1.6918926863355024 53.009941397663184 pid44c
50.5092232915653  4.935774217840065 60.38077172724543 pid465
54.61410783125578  1.9859939907749609 58.5860958128057 pid454
55.34215364597519  4.855856222500419 65.05386609097603 pid45b
57.20982700303592  4.919301089760377 67.04842918255667 pid472
64.44209989223955  2.546219888378384 69.53453966899632 pid44e
64.88107269646657  1.7554239873185815 68.39192067110373 pid45f
65.39335445913783  1.4229371661553873 68.2392287914486 pid46c
68.74782100063545  2.891914460897131 74.53164992242972 pid46f
74.25772338060102  1.9699739666764167 78.19767131395386 pid462
81.82680499468223  4.292270974294642 90.41134694327152 pid457
84.35427283211934  4.184800413296321 92.72387365871198 pid470
88.3645867233605  4.883819035846513 98.13222479505353 pid463
92.49842169321556  1.1016947436626565 94.70181118054087 pid453
95.77552151137427  4.082519040441209 103.94055959225668 pid460
96.73582119223859  2.731032996304881 102.19788718484835 pid45e
108.48956076284956  3.717060398842535 115.92368156053463 pid451
110.85371945691591  4.875799868638948 120.60531919419381 pid468
113.00651136631984  1.543030524017559 116.09257241435496 pid44d
117.62534193731207  2.983189708129398 123.59172135357088 pid477
117.76657451490537  2.635547556022726 123.03766962695083 pid474
119.22612714937272  4.821469888903318 128.86906692717935 pid46e
137.16853451467423  2.283756727794007 141.73604797026226 pid461
138.35125773108734  1.7356627766621235 141.8225832844116 pid469
139.0289292988612  4.562764776517749 148.1544588518967 pid478
150.25331455658298  2.9665781741805186 156.186470904944 pid456
157.31249232795653  2.747659975913329 162.80781227978318 pid467
159.34339502687337  2.930385938824538 165.20416690452245 pid47c
160.05484850214512  1.0899772813272182 162.23480306479956 pid47a
163.0411474551598  2.954069184912279 168.94928582498437 pid45c
164.64415289752338  4.645994816290845 173.9361425301051 pid46d
166.4655511119166  4.588713019141154 175.6429771501989 pid458
167.57818004110553  3.7166101630665977 175.0114003672387 pid47b
168.6209617512267  4.233723783930697 177.0884093190881 pid479
171.18461517531978  1.4950085497769923 174.17463227487377 pid473
172.7749921391761  3.795374941904483 180.36574202298507 pid464
177.55051108207306  4.067247675524299 185.68500643312166 pid466
177.63044079763046  1.0792205608120797 179.7888819192546 pid46b
