0.014272027002015797  1.4286653322763447 80.01427202700202 pid286b
0.2559224011149941  1.4270577123829706 80.255922401115 pid27fe
0.47537337558941073  1.5770789353078216 80.47537337558941 pid2826
0.9553160131983207  1.1363245963269784 80.95531601319833 pid2938
1.1108695678478553  1.9233621642973713 81.11086956784786 pid2922
1.4337576105396654  1.0110247145716986 81.43375761053967 pid27ef
1.6313019145930197  0.8952786992761373 81.63130191459302 pid27e9
1.7820752845571552  1.6375458284818643 81.78207528455715 pid28aa
2.1312538060775434  0.7585898603072717 82.13125380607754 pid2919
3.143887515949789  1.6454470392082885 83.14388751594979 pid2932
3.5779492710165783  1.3288112308725863 83.57794927101658 pid27fd
3.6523985158369743  0.9673122426057885 83.65239851583698 pid28dd
3.8231067204760216  1.000463027167244 83.82310672047602 pid2862
3.964304619305037  1.1782035999880358 83.96430461930504 pid28e3
5.141211081741076  0.7878261988788476 85.14121108174108 pid284d
5.4771961751456875  1.46144702700883 85.47719617514569 pid284a
5.522728119554837  1.6724834148229162 85.52272811955484 pid28d2
5.759023404394731  1.8033956292760902 85.75902340439472 pid282b
5.77137538572371  0.8445618794508478 85.77137538572372 pid285a
5.914415864437295  0.8219037792772541 85.9144158644373 pid292e
6.4195189419645695  1.43436201631337 86.41951894196457 pid2827
6.461174670399972  0.9777617389161124 86.46117467039997 pid2829
6.758662256961196  0.7012170522986403 86.7586622569612 pid2897
6.82660597799174  0.547209951106426 86.82660597799173 pid2813
7.289889071040411  1.8784467723386193 87.2898890710404 pid28d0
7.290486637775739  0.5410711132558723 87.29048663777574 pid28f7
7.4397083675684925  0.8389351621812183 87.4397083675685 pid28b6
8.4793227212468  0.8034710041665296 88.4793227212468 pid28ba
8.944143760576917  0.9890419995432465 88.94414376057692 pid28a4
8.967468668177442  1.2094508721897514 88.96746866817745 pid27cf
9.247249492759495  1.0352773051114261 89.2472494927595 pid27b5
9.324463886260837  0.5286274590451987 89.32446388626084 pid2802
9.549190776529814  0.7873917393881881 89.54919077652981 pid283b
9.718312183522865  1.1182411997787887 89.71831218352287 pid2904
10.055220014568873  1.1108188641069852 90.05522001456887 pid2869
10.130224672921385  1.7801755048734473 90.13022467292139 pid283f
10.463451107421767  0.7530270066858729 90.46345110742176 pid2920
10.591435852337645  0.6975804220078274 90.59143585233764 pid2803
10.601188655646625  1.9073301259513187 90.60118865564662 pid288d
10.903712360026269  1.2450311248168502 90.90371236002628 pid28fc
11.103236181102504  1.319995368305137 91.1032361811025 pid28c2
11.942347023775612  1.6835571928299133 91.94234702377561 pid28e4
12.7730186337555  1.3343963110426773 92.7730186337555 pid27be
12.8989928025954  1.0575528121920672 92.8989928025954 pid27ff
13.157560561349534  1.5087507173269552 93.15756056134953 pid2914
13.70038228951963  0.5008998424367112 93.70038228951964 pid28da
13.794365465062253  0.9989280505651204 93.79436546506226 pid27d3
14.545771596114848  1.8681934569090857 94.54577159611485 pid2942
14.902250186657994  0.6045606890774323 94.902250186658 pid28bb
14.919851203373568  1.3370841411153644 94.91985120337357 pid290e
15.5591525849966  1.3793905885401594 95.5591525849966 pid280a
15.698231707019627  0.5988442108752867 95.69823170701963 pid27cb
15.726291672996995  0.6777840971812482 95.726291672997 pid2833
15.922593888642773  1.990290362201618 95.92259388864278 pid2892
17.536355749320975  1.3024492246583352 97.53635574932098 pid280f
17.70862050835848  1.6027124574976153 97.70862050835848 pid281d
17.841748765085956  1.3548409129532581 97.84174876508595 pid287b
18.049467448591056  1.3619656733273688 98.04946744859106 pid291f
18.051557122822327  1.143171025342026 98.05155712282233 pid2901
18.8014514429566  1.5306213317794577 98.8014514429566 pid2962
19.819448674816957  0.6851474437771674 99.81944867481695 pid2805
20.136601184006363  0.9283492970150087 100.13660118400637 pid295e
20.41331480346062  1.1356853961653348 100.41331480346062 pid27c0
20.75283617777596  1.253117973442324 100.75283617777596 pid27d0
21.507300599748035  1.9117156326173226 101.50730059974804 pid27f7
21.629376098347926  1.520270690239446 101.62937609834793 pid28b9
22.591137539753753  1.6331486975006406 102.59113753975376 pid285e
22.950745267262374  0.7112712009453237 102.95074526726238 pid27df
23.02820837417811  1.0456850653409506 103.0282083741781 pid27b3
23.193112156596822  0.7164026379584143 103.19311215659683 pid27ee
23.242511789003444  1.1221038154717577 103.24251178900344 pid28ad
23.303920518942938  1.1819902797081503 103.30392051894293 pid28cb
23.63227309504179  0.5934503976512895 103.6322730950418 pid28e5
23.97575647875496  1.9939836085424043 103.97575647875496 pid2806
24.012017976949977  1.13734110356148 104.01201797694998 pid27c4
24.08246156706163  0.5772450465383826 104.08246156706163 pid2811
24.96931621415537  1.8975950501896233 104.96931621415537 pid2822
25.11106343045523  1.0774237551886268 105.11106343045523 pid28bd
25.284337987268845  1.2980100905884056 105.28433798726884 pid2935
25.519450033884354  0.6564142161726755 105.51945003388435 pid2888
25.6976139828427  1.3519534312298134 105.6976139828427 pid2899
25.879632521975537  1.658659013598832 105.87963252197554 pid2818
26.48228364634339  1.0355263049686583 106.48228364634339 pid27b4
26.49619763245847  1.7596754539609134 106.49619763245846 pid2830
26.70469338072552  0.7735373870611566 106.70469338072552 pid283e
27.359586058330628  1.003120593521272 107.35958605833062 pid2891
28.215565853067226  0.7233831836877058 108.21556585306723 pid2944
28.343542553137297  1.5245402010094042 108.3435425531373 pid28e7
29.868936709173855  1.2056303222349907 109.86893670917385 pid2831
30.16603186760322  0.6736641940961019 110.16603186760322 pid2853
30.30467181992596  0.6076827750862503 110.30467181992596 pid2945
30.461418210542362  1.4902993070535349 110.46141821054236 pid27e4
30.578103993544627  0.9320042080036315 110.57810399354463 pid28f4
31.243537193518193  1.4434279222261677 111.2435371935182 pid284e
31.412737703197813  0.69934145683333 111.41273770319782 pid2847
32.07769592720582  0.9771836524521555 112.07769592720582 pid2929
32.12974258786493  0.6399839009298074 112.12974258786494 pid27c6
32.160871571814745  0.7657246158465285 112.16087157181474 pid290f
32.34085840521323  1.9726560067576258 112.34085840521323 pid28d6
32.4240726598151  1.6329132242999385 112.4240726598151 pid2928
32.59614872579931  0.8366446572826662 112.59614872579931 pid28b1
34.61066245471595  1.6927688078785248 114.61066245471595 pid28ac
34.917736686864345  0.851439900788253 114.91773668686434 pid2815
34.95600369289251  1.6075517271301774 114.95600369289251 pid2881
35.17213051370928  0.7766060525812754 115.17213051370928 pid287d
35.20872142137802  1.5254396041213425 115.20872142137802 pid288e
35.45634178573395  1.875282438889297 115.45634178573394 pid27b0
35.50651627395533  0.7181988877211172 115.50651627395533 pid2836
35.642544628449976  0.7773563663988615 115.64254462844997 pid284b
36.82274091561551  1.621797582527571 116.82274091561551 pid288c
37.38601955378116  1.7072097639380623 117.38601955378115 pid2924
37.57855190223587  0.5098394430851556 117.57855190223587 pid28e2
37.59831490808069  1.3637578795820469 117.59831490808068 pid2871
37.81595561229023  0.6401827806280085 117.81595561229022 pid2955
38.44342755250205  1.1913197870785206 118.44342755250204 pid27ce
38.584108146941446  0.8270457008275955 118.58410814694145 pid290c
39.05822702501908  0.5670221942151846 119.05822702501908 pid291c
39.17782635814033  1.6256288252626785 119.17782635814032 pid2814
39.7204672690021  0.5251703017832285 119.7204672690021 pid2896
40.37190075353344  1.328569937911057 120.37190075353344 pid27fc
40.559685485538104  1.4217221564350329 120.5596854855381 pid294d
40.87610274158564  1.5850828735850806 120.87610274158564 pid282d
41.03475316007514  0.8287392154586866 121.03475316007514 pid286a
41.245385142103665  1.0752038869827543 121.24538514210366 pid2858
41.66264790248319  1.3473989505444695 121.66264790248319 pid28ab
41.77764608558922  1.9234276711624858 121.77764608558923 pid2856
42.266431391316864  1.9248109702783813 122.26643139131687 pid285d
42.73138058244922  1.44553680697647 122.73138058244922 pid28b5
43.49872118583038  0.9147603557821193 123.49872118583038 pid27c1
43.821436819398826  1.4139157864130318 123.82143681939883 pid27ed
44.04679437356348  0.8544069971328259 124.04679437356347 pid28be
45.0406873110873  1.789812848206456 125.0406873110873 pid2883
45.678827719305964  1.4341383497125535 125.67882771930596 pid286c
45.844232115782034  0.6905516336292521 125.84423211578203 pid27bd
46.2290700406461  1.7541315659384764 126.22907004064609 pid2845
46.919920417895106  0.5414545393297848 126.9199204178951 pid27b7
47.995438945910095  1.1078758441859915 127.9954389459101 pid28ca
48.26863711422514  1.335522484729226 128.26863711422516 pid289b
48.334146625602024  1.9786115767819412 128.33414662560202 pid2880
48.60412170319752  1.9756747611227448 128.6041217031975 pid2876
48.614931829900094  1.1795453708533545 128.6149318299001 pid27e5
48.75953099848182  0.5800302043979875 128.7595309984818 pid27f1
49.74988206943582  1.2025409828830886 129.7498820694358 pid27bf
50.19160109216344  0.8654273734426872 130.19160109216344 pid28ee
50.59270435054176  0.7270323403544705 130.59270435054177 pid28df
50.624302949094876  1.2180892780170902 130.62430294909487 pid2882
51.045817612204495  0.818933325717987 131.0458176122045 pid295c
51.27634699457  0.9764728350193659 131.27634699457 pid2918
51.64499257526633  0.9690215382079451 131.64499257526631 pid2949
51.88362533689505  1.2428595380588887 131.88362533689505 pid2905
52.30574358642167  0.6409659294992378 132.30574358642167 pid2910
52.504606153904895  1.141411130286269 132.5046061539049 pid287e
52.691148472412365  1.8829600195082994 132.69114847241235 pid28d7
52.89245040205922  0.9186488007385298 132.8924504020592 pid295f
53.04704550330086  1.4510513038028536 133.04704550330086 pid27fb
53.09479566036069  1.164429005016936 133.0947956603607 pid2957
53.353249374682974  1.2897823791068506 133.35324937468297 pid2936
53.52837273438166  0.6892602525359619 133.52837273438166 pid2834
54.30350805593316  1.1478410612672447 134.30350805593315 pid27f9
55.4752973028169  1.8186588023053352 135.4752973028169 pid2911
55.6029956532833  0.7669194821685406 135.6029956532833 pid28db
57.305908664396796  1.4353429735245034 137.30590866439678 pid2967
57.537640464343035  1.6720132205092837 137.53764046434304 pid28eb
57.999539597430925  1.8990360128207835 137.99953959743092 pid280d
58.408889166433646  1.7708663404369918 138.40888916643365 pid286f
59.80962956992823  1.1138048482531457 139.80962956992823 pid28b0
59.860139231147166  1.561431969350985 139.86013923114717 pid2959
60.08404718978883  0.9492662841574184 140.08404718978883 pid2807
60.23754604447559  0.9021440247546437 140.2375460444756 pid2821
60.78664353884089  0.9342116019996383 140.7866435388409 pid27ea
60.92669724498009  1.7379473786390829 140.9266972449801 pid2931
60.99676841403587  1.5460982008529738 140.99676841403587 pid283a
61.49285494927801  1.5935681048075616 141.492854949278 pid283d
61.995170174865216  0.5960879621987283 141.99517017486522 pid2885
62.4190259939172  1.1753541982306035 142.41902599391722 pid28f2
62.956420635630344  1.4425602317942277 142.95642063563034 pid28f6
63.153620094553816  1.2386117795407228 143.15362009455382 pid28e0
63.240726426193525  1.3560673684490079 143.24072642619353 pid2913
63.5345705791306  1.8049703694565586 143.53457057913062 pid2844
64.19528740671814  0.9548431353772824 144.19528740671814 pid282c
64.24023713328847  1.3162323006105727 144.24023713328847 pid28c0
64.52712965039953  1.686930192724578 144.52712965039953 pid28ea
64.77223580525457  1.8471686997864685 144.77223580525458 pid27c5
65.01618525805365  0.6751608516304879 145.01618525805367 pid27ae
65.19207187820878  0.61110589572934 145.19207187820876 pid2838
65.43279170277799  1.8465496890708883 145.432791702778 pid286e
65.77521180056715  1.931666973081002 145.77521180056715 pid285b
65.87808526566948  1.474084923500598 145.87808526566948 pid282f
66.1898148150952  0.5002065689913833 146.1898148150952 pid2903
66.43120808750078  1.9500075174443168 146.43120808750078 pid2855
66.51270182032732  0.9927594319645008 146.51270182032732 pid2921
67.09132635260663  0.5783916381035825 147.09132635260664 pid2887
67.31073746687346  1.3376554896017394 147.31073746687346 pid2832
67.34049668710878  1.9936819116188786 147.34049668710878 pid28c1
67.85376613923673  1.1589508993527562 147.8537661392367 pid2809
68.20471977723554  1.9678981726189 148.20471977723554 pid27e0
68.34843402856579  1.2513317404491102 148.3484340285658 pid291e
68.36028968031351  1.4131467717934225 148.3602896803135 pid28a3
68.6639598384512  0.7096999674330278 148.6639598384512 pid28ff
68.69680410299358  0.9061035645112687 148.69680410299358 pid2846
69.29583168488098  1.8398709778672668 149.29583168488097 pid28d5
69.88235922047899  1.492426180642192 149.88235922047897 pid27f0
69.99155267199416  1.231099241391531 149.99155267199416 pid27ad
70.76908152991858  1.6961669479976667 150.7690815299186 pid2823
70.88750503411931  0.6476977370319752 150.88750503411933 pid2895
71.07354591354714  1.0378068064115045 151.07354591354715 pid28c3
71.43101170617692  0.693173041710138 151.43101170617692 pid28de
71.71225802618605  1.3580231906195712 151.71225802618605 pid27f5
71.84562461314711  1.0435288234220028 151.8456246131471 pid2890
71.99846309757332  0.6940282892202057 151.99846309757334 pid27fa
72.17644284201836  1.1660931355402333 152.17644284201836 pid27db
72.34830246447638  1.9362405460490824 152.34830246447638 pid28af
72.46676506323153  1.2562261513149005 152.46676506323155 pid27d8
73.23954782471672  1.0352028759208616 153.23954782471674 pid292f
73.53818115145114  1.2454567935029641 153.53818115145114 pid2947
73.79124179268747  1.4678659526439586 153.79124179268746 pid2965
74.6938365369291  1.8185087423611932 154.6938365369291 pid2933
74.88093299912074  1.5833628028029179 154.88093299912074 pid2854
75.03439696426754  1.9652732397196089 155.03439696426756 pid290a
75.32404342867531  1.7234479596325554 155.3240434286753 pid2877
75.38009077070816  0.8686019824965772 155.38009077070816 pid2870
75.79461778509892  0.6155185265745111 155.79461778509892 pid280b
76.10049663864542  1.8593161431502554 156.10049663864544 pid2872
76.73858493743741  1.968014674183821 156.7385849374374 pid288b
77.06800324348902  1.3822041850906124 157.06800324348902 pid284f
77.38841925029664  1.0611379138718187 157.38841925029664 pid280c
78.03429276156889  1.7819909450890197 158.0342927615689 pid28d4
78.1180703516252  1.2096689804056568 158.1180703516252 pid28ef
78.25138587764529  1.0436105805091074 158.2513858776453 pid28c6
78.37732807099046  1.1285809753699156 158.37732807099047 pid292d
78.85650476207354  0.8619623929642416 158.85650476207354 pid289a
79.03201366383279  1.3255417921072243 159.0320136638328 pid27b6
79.224878049611  1.1525613978668292 159.224878049611 pid282e
79.27034197896329  1.3974766904076659 159.2703419789633 pid27a6
80.30961969844095  1.3689672104949868 160.30961969844094 pid293d
81.10567133276682  1.2283923548532634 161.1056713327668 pid27f3
81.19667125083903  0.662521520055961 161.19667125083902 pid2893
81.87015991690618  1.2733071281532782 161.87015991690618 pid292a
82.2980420642591  1.2829873437768868 162.2980420642591 pid28f1
82.64402486492692  1.8424325694324557 162.6440248649269 pid28ae
82.96084156246344  0.7051901222382195 162.96084156246343 pid28e9
83.45933764721646  1.5486905168637661 163.45933764721644 pid27c9
83.47327480614679  1.3587530430033565 163.47327480614678 pid2907
83.71190010590149  1.0518477233678873 163.7119001059015 pid28fa
83.91730611498357  1.0253485094395633 163.91730611498357 pid28c4
84.65194793007464  1.1786944616715658 164.65194793007464 pid2960
85.37244898233271  1.184985093998427 165.3724489823327 pid2868
85.75691283951694  0.8102824223768951 165.75691283951693 pid2859
85.77135942513407  1.1645940509834012 165.77135942513405 pid27f2
86.42090398092694  1.4658670337242663 166.42090398092694 pid2866
86.65732042618056  1.8745719436583805 166.65732042618055 pid2850
87.26529215097062  1.0613398139129364 167.26529215097062 pid2828
87.28288947050397  0.67377118996428 167.28288947050396 pid281b
87.42580525382867  0.6922497543205034 167.42580525382868 pid2961
87.56903633766109  1.8567065087171946 167.5690363376611 pid293f
87.7021528627973  1.9319935640560257 167.7021528627973 pid281f
87.92636648452624  1.9365677699837374 167.92636648452623 pid2917
88.31290456558706  1.8407066292317849 168.31290456558708 pid28bc
88.8427362655545  1.5932795918380065 168.8427362655545 pid291b
89.85722607466526  0.7005072897372133 169.85722607466528 pid2875
90.40871306499821  1.581190541065346 170.4087130649982 pid27b1
90.44114344155247  1.7487733640121117 170.44114344155247 pid2864
90.60269161578599  0.9629634528924307 170.602691615786 pid2810
90.71700800982634  0.7877801960352718 170.71700800982634 pid27ab
90.77683664769826  0.6091112627682922 170.77683664769825 pid27e6
91.06608874744043  1.019908873263935 171.06608874744043 pid28a5
91.38683402036256  0.7190647080635156 171.38683402036256 pid2958
91.41244392545309  1.2251646265507166 171.4124439254531 pid2951
92.11857374163203  1.0466367353054011 172.11857374163202 pid284c
92.28434228636546  0.5246198316386637 172.28434228636547 pid290b
92.29469534055293  0.5419606389637222 172.29469534055295 pid27c3
92.30168039532295  0.7685005685619868 172.30168039532293 pid295d
92.7028999071285  0.8636854153245193 172.70289990712848 pid27a7
93.76717813926173  1.6911108720202592 173.76717813926172 pid2934
94.44102571284238  1.2092328955003047 174.44102571284236 pid27de
94.48612900163968  1.8458027917889592 174.48612900163968 pid2963
94.58646654876881  0.5645299395424197 174.5864665487688 pid27b2
94.80414272633254  0.8108005100617477 174.80414272633254 pid287a
94.90407868292702  1.9807862406404073 174.90407868292704 pid28cc
94.91606659960387  1.0028561532434668 174.91606659960388 pid27ec
95.20852015385998  0.9368804825254377 175.20852015385998 pid28cf
95.26618935248638  1.141052383997987 175.26618935248638 pid2943
95.56829072677944  1.3355411784289042 175.56829072677942 pid2852
95.68900467709024  0.696258015944347 175.68900467709022 pid2804
95.81712999659511  1.6890040814278502 175.8171299965951 pid28b4
95.85792625891537  1.6465185427487032 175.85792625891537 pid2939
96.25377332635405  1.3929104245322033 176.25377332635406 pid28f0
96.39523755865686  1.62091653621528 176.39523755865685 pid2953
96.40957697519984  0.7626278308187089 176.40957697519985 pid28f9
96.7335350296429  1.4955344232276324 176.7335350296429 pid2952
98.216720508443  1.792157473068317 178.21672050844302 pid28b7
98.22235970238928  1.0996667918684127 178.22235970238927 pid27d4
98.42620192095796  0.676334913467856 178.42620192095796 pid2842
98.58474582594707  1.69379246871575 178.58474582594707 pid288f
98.85338508958321  1.0514039923826761 178.8533850895832 pid27af
98.88181130093291  0.8873987532291767 178.8818113009329 pid27bc
99.23560952912439  1.1487651901354565 179.2356095291244 pid2851
99.31608950788771  1.1955163589672804 179.3160895078877 pid2867
99.40216084395477  1.7643666999467928 179.4021608439548 pid289c
99.53144509758499  1.2644034796791714 179.531445097585 pid290d
99.65985056925273  1.2446008129745887 179.65985056925274 pid2889
99.87296144675226  1.59031016155926 179.87296144675224 pid28f5
100.2654561612774  0.8387752225510651 180.2654561612774 pid28c9
100.3634982834565  1.4915413737253953 180.3634982834565 pid28e8
100.37850354815038  1.9862132756831623 180.37850354815038 pid287f
100.47576443979467  1.3501572565977842 180.47576443979466 pid2886
101.11055760890102  1.071141170692961 181.11055760890102 pid287c
101.23797441901532  1.2533383303405405 181.2379744190153 pid288a
102.21674104455943  1.032478097925241 182.21674104455943 pid2912
102.81564455031707  1.920635452288841 182.81564455031707 pid2894
103.23766201995174  0.6986382396638369 183.23766201995176 pid28dc
103.32820626901983  1.747592600541743 183.32820626901983 pid2841
103.36621646385537  1.5602793519540499 183.36621646385538 pid27d9
103.51547828706995  0.5087644330425112 183.51547828706995 pid27c2
103.74642880361131  0.673275443840152 183.7464288036113 pid28d1
103.84357262998307  0.7544563358017486 183.84357262998307 pid294e
104.13864936081711  0.8983683876643627 184.1386493608171 pid2839
104.31398237587598  0.74229331702175 184.31398237587598 pid2898
104.45961879693361  1.3005796916777759 184.45961879693363 pid27f6
104.64935612311155  0.8880086788124577 184.64935612311155 pid2879
106.01461204804754  1.9300236060387963 186.01461204804752 pid2820
106.15577176599619  1.6038907438813443 186.15577176599618 pid293c
106.4155457501999  1.0854276759945636 186.4155457501999 pid27ac
107.17836565982162  1.3710601373104399 187.17836565982162 pid28bf
108.01154367262022  0.7006262134372304 188.01154367262023 pid27da
109.23859254073972  1.306980084749791 189.23859254073972 pid289f
109.49263916090871  1.332780508421123 189.4926391609087 pid2812
109.6881120844239  1.1990701587268944 189.6881120844239 pid285c
109.968249187198  0.7430188460440532 189.968249187198 pid2923
110.29779900559889  0.976131357003402 190.2977990055989 pid2948
111.15768201249257  1.9161403172668927 191.15768201249256 pid27c8
111.2168871660421  1.4946378373180345 191.2168871660421 pid27d7
112.22762603840903  1.9481495179426864 192.22762603840903 pid28a0
112.88399447762225  1.4223683123632465 192.88399447762225 pid2860
113.14211148664744  1.226114382183867 193.14211148664742 pid28f8
113.31788511901718  1.061692509384598 193.31788511901718 pid28a2
113.34224335009195  1.7508360644265384 193.34224335009196 pid283c
113.55142030562611  1.65963782592039 193.5514203056261 pid2824
114.0010225676542  1.7640326587718294 194.00102256765422 pid2937
114.40217848427768  1.4457536470613899 194.40217848427767 pid2950
114.88728873985104  1.7968829550665215 194.88728873985104 pid27b9
114.92985330823716  1.3373842478181175 194.92985330823717 pid280e
115.61969444831757  1.7927962464190852 195.61969444831757 pid2840
116.08894167556943  1.6170678541756323 196.08894167556943 pid2865
116.1757724091409  0.5750606322338034 196.1757724091409 pid27e7
116.58239301060816  1.6304976219732281 196.58239301060814 pid27bb
116.7170562093593  1.6032346880653516 196.7170562093593 pid28fd
116.82938896932303  1.7099003707065639 196.82938896932302 pid2874
117.15447868236296  1.0491340304520476 197.15447868236296 pid2956
117.77874337578787  0.9368872327694584 197.77874337578788 pid28d8
118.15550783523562  1.5305605092379264 198.15550783523562 pid28ce
118.29380846791776  0.5066678479799906 198.29380846791776 pid2964
118.77715380744576  0.5963524353104837 198.77715380744576 pid28d3
118.96359728396243  0.8876381117014256 198.96359728396243 pid2825
119.54028973365337  1.2933501519900557 199.54028973365337 pid28cd
119.95183159227106  1.3914391801093149 199.95183159227105 pid293e
120.26041472989158  1.4163425783318302 200.26041472989158 pid28a9
120.46075206874472  1.2417600395110389 200.46075206874474 pid27ca
121.77618217846715  1.1784783735485185 201.77618217846714 pid28c7
122.12660767911146  0.6695365595532514 202.12660767911146 pid2861
122.186842401761  1.180196475609196 202.186842401761 pid2925
123.00639031983332  1.9331887124458862 203.00639031983332 pid2837
123.72825299937843  0.7924054142995394 203.7282529993784 pid28fe
123.82750919742281  1.8921026063752893 203.8275091974228 pid2915
124.13811022744902  0.7909424285112121 204.13811022744903 pid2848
124.37483628671123  1.7065724876916646 204.37483628671123 pid2930
124.52799134775469  1.9542200181849787 204.5279913477547 pid2817
124.78678527514109  1.8414210242168385 204.78678527514109 pid2873
124.8845745892345  1.7832887692799508 204.8845745892345 pid27dd
124.94718966139747  1.154674077387757 204.9471896613975 pid2816
125.60931222374288  1.3814553142364456 205.60931222374288 pid27d2
125.75573986835632  0.9304421353306748 205.75573986835633 pid27a9
126.03819675168218  1.5110215364360462 206.03819675168216 pid27e8
126.20705593023456  0.753694833411865 206.20705593023456 pid28c8
126.42423516264196  0.9336153028372827 206.42423516264196 pid28a6
126.76296305251698  1.2891710615271066 206.76296305251697 pid294f
126.9173865284638  0.5300802053477212 206.9173865284638 pid28b2
127.15884847382523  0.5535872586762531 207.15884847382523 pid28b8
127.70591925813835  1.7307372621753745 207.70591925813835 pid28d9
127.98636931234053  1.6857123762490227 207.9863693123405 pid2927
128.37449770298528  1.1390136263432686 208.37449770298528 pid2954
128.62685856866273  0.7068128021911138 208.62685856866273 pid2926
128.9027001926836  0.8732963615201028 208.9027001926836 pid294c
128.94820422820925  0.9188305462637023 208.94820422820925 pid286d
129.27691075863973  1.6678642870044147 209.27691075863973 pid295b
129.82082353739116  1.2146613238749877 209.82082353739116 pid281a
130.21122024356686  1.09361814117939 210.21122024356686 pid27a8
130.3480318499982  1.231040029257331 210.3480318499982 pid2857
131.19725263410703  1.6113139381976378 211.19725263410703 pid2909
131.3268632498417  1.2668413887358083 211.3268632498417 pid2946
131.73967008847427  1.9426726227771098 211.73967008847427 pid27aa
131.79850423823692  0.5031944758056054 211.79850423823692 pid27c7
132.76174492178575  0.8362393811990199 212.76174492178575 pid27dc
133.01247511285686  1.9744349772897656 213.01247511285686 pid27e2
133.22779705692145  1.860950991273647 213.22779705692145 pid2849
133.64716631610597  1.2184922913518565 213.64716631610597 pid2878
134.07809120686773  1.9714256155231327 214.07809120686773 pid2884
134.88693641480708  1.3525303037626712 214.88693641480708 pid292c
135.31533156860343  1.8915448933859387 215.31533156860343 pid295a
135.71826609773797  1.9475817728429445 215.71826609773797 pid2906
136.3758925372137  1.9345624140297808 216.3758925372137 pid28ed
137.42693015951926  1.1345227374328821 217.42693015951926 pid27e3
137.66806168399114  1.531076369786177 217.66806168399114 pid2808
137.84724025576972  1.8077255438992794 217.84724025576972 pid289d
137.9197493598713  0.8248079411885945 217.9197493598713 pid27d6
138.37469521757166  0.9965222377482397 218.37469521757166 pid281e
138.39519959004073  1.3820606931924506 218.39519959004073 pid27d1
138.77392461440914  1.848198426303897 218.77392461440914 pid28c5
138.81578078471796  1.8014978703881912 218.81578078471796 pid282a
138.94431118131266  0.7901563666782919 218.94431118131266 pid28e1
139.0970425172238  1.1295402746786014 219.0970425172238 pid28a7
139.13985200671524  1.0559500575521295 219.13985200671524 pid2940
139.38134734567493  0.6516573748344572 219.38134734567493 pid27ba
139.47008869053553  1.6575555324865174 219.47008869053553 pid28a1
140.03927306074962  0.8745146246702495 220.03927306074962 pid2908
140.05313084057875  1.2420388952241113 220.05313084057875 pid28ec
140.18731389170148  1.3433729601269884 220.18731389170148 pid28f3
140.4283294799092  0.5480602667946373 220.4283294799092 pid2902
141.7285531643447  0.7272642082811867 221.7285531643447 pid289e
142.1973426646681  0.8757647086635311 222.1973426646681 pid292b
142.30319057962228  1.2245301326629021 222.30319057962228 pid285f
142.5502703154175  0.821888634853942 222.5502703154175 pid281c
142.6584774053855  1.2152038236444378 222.6584774053855 pid28b3
142.93282983630993  0.7235528126954225 222.93282983630993 pid28fb
143.35025025962102  1.212079886937195 223.35025025962102 pid294b
143.41023554489811  1.9122537873201149 223.41023554489811 pid2835
143.50843747673431  0.5932013656297692 223.50843747673431 pid27b8
143.58544247736003  1.3290553425278553 223.58544247736003 pid2800
144.01680981487075  0.8829780521890067 224.01680981487075 pid2863
145.22706765129996  1.7968032153481142 225.22706765129996 pid2966
145.45988795034393  0.8972910136096097 225.45988795034393 pid2916
145.77052467270317  0.8531465806947705 225.77052467270317 pid294a
146.28296557534944  1.2378967073534415 226.28296557534944 pid28a8
146.3219239019786  1.9122319043535358 226.3219239019786 pid27f8
146.41369072073107  0.9328873846236949 226.41369072073107 pid27e1
146.4274634500058  1.9878720322057803 226.4274634500058 pid27cd
146.49999026247986  1.9268492827463557 226.49999026247986 pid27d5
146.54275513438733  0.7134165923777196 226.54275513438733 pid2900
146.558030258719  1.4578134699462355 226.558030258719 pid291a
147.18914467497163  0.7155242512425577 227.18914467497163 pid2843
148.04747825327598  1.9804128074272513 228.04747825327598 pid27cc
148.05204191135172  1.1321157724777224 228.05204191135172 pid28e6
148.07151397339072  1.107733133858197 228.07151397339072 pid2819
148.3959343513418  1.7684282465982581 228.3959343513418 pid27f4
148.79535586553072  1.2771420033153187 228.79535586553072 pid291d
148.82233725397808  1.2960711395608877 228.82233725397808 pid293a
148.94616479026774  1.0446717634112939 228.94616479026774 pid2941
149.17432705237277  1.9280815290003772 229.17432705237277 pid2801
149.36024223270024  1.1346587749868322 229.36024223270024 pid293b
149.78802282526075  0.7200129351788094 229.78802282526075 pid27eb
