0.07988021749617547  0.9349095077616989 80.07988021749618 pid3af7
0.8123318630707144  0.5288773527927153 80.81233186307071 pid3a46
0.985543586820764  1.0544637866927595 80.98554358682077 pid3adf
1.0755599352545275  0.6080334655357795 81.07555993525453 pid3a47
1.3427509060550846  1.9331758381276465 81.34275090605509 pid3a15
2.438254425935704  0.9843903954845998 82.43825442593571 pid3a3d
2.6398992450782535  1.2854645799521203 82.63989924507825 pid3a48
3.0982244061256603  0.6020692886484713 83.09822440612567 pid39a0
3.286468326268077  1.58075304455947 83.28646832626808 pid3972
3.336003447829927  1.4603146209522442 83.33600344782992 pid3a4e
3.5547290310799893  0.8630243927356633 83.55472903107999 pid3a71
3.6747735899151146  1.2509360703362602 83.67477358991512 pid3940
3.760161706046672  0.6903228220541038 83.76016170604667 pid3a03
3.852541348687233  1.9720075125707974 83.85254134868724 pid3ae7
3.9869692495127005  0.9412363115467172 83.9869692495127 pid3a45
4.157582041250718  1.9525115581488381 84.15758204125072 pid39be
4.3832754453597245  0.8710832576456395 84.38327544535973 pid3aa4
5.83147401163226  1.1745015295633858 85.83147401163225 pid3a0c
6.277081717151916  0.9067841021924824 86.27708171715192 pid3a11
6.32322802676989  0.7662952353899144 86.3232280267699 pid3ae0
6.330878453099547  1.7985496909988 86.33087845309954 pid3a7d
6.719021997186259  1.382690006140681 86.71902199718626 pid39ae
7.188524482929731  1.6463226150867625 87.18852448292974 pid3a0b
7.8923536990685275  1.6512585370600532 87.89235369906852 pid396c
8.028307217150005  0.6039810517650877 88.02830721715 pid3a5b
8.256901431072999  0.5097564510881716 88.256901431073 pid3a13
9.506862631249124  0.6004006288527878 89.50686263124912 pid3acd
9.53662668983743  1.329650700172408 89.53662668983743 pid3943
9.692283420782605  0.6450427374573882 89.6922834207826 pid3ae5
10.1991559795859  0.6688165647226666 90.1991559795859 pid3a70
11.016471947111967  0.9495745309513626 91.01647194711197 pid39de
11.167536197775613  0.5690011025331121 91.16753619777562 pid3abd
11.523534778348255  1.946252041255956 91.52353477834825 pid3a23
11.644233955362509  0.5390976459138925 91.64423395536251 pid398a
11.809897950933001  1.123312914994166 91.809897950933 pid3af5
11.886342221825425  0.6437982015160963 91.88634222182543 pid3958
11.89554054303274  1.1073037303001398 91.89554054303274 pid3ab2
11.968308191986498  1.1882372358997653 91.9683081919865 pid3a94
12.207697138512552  0.7843662921400407 92.20769713851256 pid3aa8
12.239258613386268  0.8271661002491465 92.23925861338627 pid39df
12.574800095472167  1.6497148447026555 92.57480009547217 pid39b9
12.674120985890303  0.501906215380642 92.6741209858903 pid39ac
12.977886182384058  1.7270442861788546 92.97788618238405 pid3a43
13.425741675681257  0.9752509393307781 93.42574167568125 pid3afb
13.469017159771779  1.3849769274118522 93.46901715977178 pid3a56
14.023098104678638  1.4827925448696844 94.02309810467864 pid3a5c
14.679267309988585  0.7668221133384638 94.67926730998859 pid3a8a
15.041413101969214  1.4122885454651228 95.04141310196921 pid3a78
15.568326316193104  0.8334911604338159 95.56832631619311 pid3aed
15.916783720911287  0.7053280857358357 95.91678372091128 pid395d
16.031791266825802  1.3240329833894053 96.0317912668258 pid39c7
16.449476109456857  1.3866318749095385 96.44947610945685 pid3abe
16.601599851494754  1.950079404151483 96.60159985149475 pid39f7
16.695301647672668  1.2710338647975417 96.69530164767266 pid3a68
17.07720688258476  1.6111527488325337 97.07720688258476 pid3ae2
17.220912907705117  1.4461927661598508 97.22091290770511 pid3941
17.254033891058217  0.8118443589935158 97.25403389105821 pid3981
17.27413885337159  1.9586115936713688 97.2741388533716 pid3a41
17.50940601526512  1.3875188718040126 97.50940601526511 pid394f
17.64464171971553  1.4541950510807748 97.64464171971554 pid3a6b
17.646616075776056  1.485482643177687 97.64661607577605 pid3998
18.03819750637147  1.421032869089603 98.03819750637147 pid3963
18.250140362277506  1.746139699934656 98.2501403622775 pid3abb
18.261977409367702  1.9141664678039756 98.2619774093677 pid3a59
18.78588900561477  0.7946918850703609 98.78588900561476 pid3a21
18.971432095279905  0.9401484019509285 98.97143209527991 pid39dc
19.34772535118628  1.6275297542691494 99.34772535118628 pid39b4
20.103186597502354  0.5636767875046331 100.10318659750236 pid3a4f
20.611873577252638  1.024992329915792 100.61187357725264 pid3ac4
20.92904941168463  1.0344734006419558 100.92904941168463 pid3a32
21.265284871501596  1.8981671389423629 101.26528487150159 pid396a
21.359552353602663  1.371869508794225 101.35955235360267 pid3a90
22.391722680509524  0.5741934508481443 102.39172268050953 pid394d
24.035862843133092  0.8035115464647966 104.03586284313309 pid3995
24.18820688367363  1.5242308827306799 104.18820688367363 pid3a07
24.22100823451779  1.714505886456239 104.2210082345178 pid3a5e
24.238968293622882  1.610407006061967 104.23896829362289 pid39e1
24.309825127154767  0.913299408586003 104.30982512715477 pid3955
24.36405979426916  0.9033847877899748 104.36405979426917 pid3a64
24.852302059307107  0.617673857598715 104.8523020593071 pid39d9
25.135580276885054  1.2083724711469719 105.13558027688505 pid39c8
25.438179717536585  0.9368148681333277 105.43817971753658 pid39d6
25.728544973134206  1.9127935435855692 105.7285449731342 pid39bd
26.007189700636328  1.5032851643386662 106.00718970063633 pid3a73
26.245276758414477  0.8376349545300775 106.24527675841448 pid3ad8
26.889815063794504  1.6562051805579436 106.8898150637945 pid3a9d
27.03629967388277  1.296182388486047 107.03629967388277 pid3a08
27.07742655896731  0.8584625362483518 107.07742655896732 pid3a14
27.140662976838854  1.5167517350160802 107.14066297683885 pid395b
27.230472406708017  1.7397079624569654 107.23047240670802 pid39d1
27.757190801885944  1.9345817927544722 107.75719080188594 pid39b7
27.821631484327618  1.9056624156010857 107.82163148432761 pid3a38
27.905832911344202  1.039233994668145 107.9058329113442 pid39bb
29.313456940541045  1.7685657247166975 109.31345694054104 pid397d
30.000541085211463  1.7021922402223306 110.00054108521147 pid396e
30.047345459363616  1.698281740451283 110.04734545936361 pid399a
30.746880027254335  1.6786252825633823 110.74688002725433 pid3a57
31.15635544715813  1.522122452405113 111.15635544715813 pid3961
31.173393754021774  0.6167412741939348 111.17339375402177 pid3ac2
31.23566108357204  0.9555828207624123 111.23566108357204 pid39c4
31.32961799904363  0.8267137741776156 111.32961799904363 pid3a83
31.336648783620515  1.006938509418533 111.33664878362052 pid39f9
31.371410767936815  1.8775674037132002 111.37141076793682 pid39f8
31.594368278689572  1.976991525850452 111.59436827868957 pid39c0
31.628049723948976  1.9526219529472975 111.62804972394898 pid39f4
32.39136348328712  1.4551525759872386 112.39136348328712 pid3aac
32.500395226719455  0.7481098280430516 112.50039522671946 pid39cd
32.71527970855621  1.7949945403076424 112.71527970855621 pid393b
32.81118056780119  1.0606422911072446 112.81118056780119 pid39bc
32.90752547825341  1.7989085640587412 112.9075254782534 pid3962
32.91910244293889  1.1659245878698044 112.9191024429389 pid3976
33.03469894356148  1.2609482850672173 113.03469894356148 pid3994
34.30720671905777  1.9153040628381448 114.30720671905777 pid3ac7
35.02625945072723  1.0287078597676849 115.02625945072722 pid3996
35.307080211551806  0.6003214729783697 115.3070802115518 pid3af8
35.609406078713874  1.345791136509983 115.60940607871387 pid3af4
36.221319192813596  0.8185739699866983 116.2213191928136 pid3a6a
36.518450994311976  1.3548020027189622 116.51845099431198 pid393c
36.628895364537044  1.5766000391679205 116.62889536453704 pid3a2c
36.826520654829245  1.333413995336019 116.82652065482924 pid3a9a
37.47729289761586  0.7190891088346039 117.47729289761585 pid3987
37.89421512249107  1.5531251509237967 117.89421512249106 pid3a29
38.05065027507213  1.4861500496892168 118.05065027507213 pid3ad2
38.326518674513906  1.1173076686986694 118.3265186745139 pid39c5
38.534224607947756  1.402124742867254 118.53422460794775 pid3adb
38.68601771591022  0.6980670030355263 118.68601771591022 pid3aa5
38.92238906977246  1.7609476315935377 118.92238906977246 pid3978
39.67409232426032  0.9161995884612094 119.67409232426033 pid3acb
40.013709639327395  1.7512074624876952 120.0137096393274 pid3a1e
40.16559729886346  1.0502280963598845 120.16559729886346 pid3948
40.46200999803862  1.1186734709799766 120.46200999803861 pid395f
40.69845042956835  0.9905904369623684 120.69845042956834 pid3a9e
40.997791355324416  0.9501539230684171 120.99779135532441 pid39f0
41.272818925976495  0.9405761924736381 121.2728189259765 pid3a61
41.9475874656696  1.4129433531133464 121.9475874656696 pid3ad1
42.330618011988236  0.6891293383178613 122.33061801198824 pid3abf
42.4752152590959  1.8232122211814137 122.4752152590959 pid3a55
43.03526466273488  0.6889928617369961 123.03526466273487 pid3a79
43.095744296353814  1.7142215217729975 123.09574429635381 pid3a04
43.558093698639446  1.4394324928145603 123.55809369863945 pid3ad3
43.935733464971996  0.7461011263813168 123.935733464972 pid39f5
43.967908804985086  1.0623791615611893 123.96790880498509 pid3954
44.094257463824924  1.4754125566144949 124.09425746382493 pid3974
44.23800205004941  1.56081181877692 124.2380020500494 pid398c
44.678536077529394  1.3628057449425146 124.6785360775294 pid3a6c
44.99641110336371  1.462292475278465 124.99641110336371 pid3a51
45.490046187458844  0.608783268330218 125.49004618745884 pid3a9b
45.57850538778603  1.9442834794766652 125.57850538778604 pid3a2e
46.022665180573945  1.5566461477619422 126.02266518057394 pid39da
46.554043914803906  1.5565852161741605 126.55404391480391 pid3a7c
46.61113794792308  1.0896104785942038 126.61113794792308 pid3aca
46.92783334567904  0.7659594154882471 126.92783334567903 pid3a0e
47.748564608338505  1.9044138806157578 127.74856460833851 pid39a2
48.399228907235944  1.3254914129827007 128.39922890723594 pid3993
48.47763778685532  0.7897122818219542 128.47763778685533 pid3aeb
48.830553628141416  1.169355752589277 128.83055362814142 pid39c1
49.215908238035325  1.4488631876147062 129.21590823803533 pid3946
49.36174092798611  0.5099854160279402 129.36174092798612 pid3ae9
49.8184899782584  1.6591398539155005 129.8184899782584 pid398e
50.83438446499693  1.9361014762622852 130.83438446499693 pid398d
51.46064094760142  1.1040045641023197 131.4606409476014 pid39a4
51.507606209656906  1.8089175981312735 131.5076062096569 pid3988
51.9147150946913  1.5871606052897749 131.9147150946913 pid3ac3
52.47663566313632  0.9336107024306062 132.47663566313634 pid399d
53.312578665590614  1.2592844266849264 133.31257866559062 pid3a6d
53.63237979492161  1.466694046297011 133.6323797949216 pid3a67
53.67348877906552  0.7640584147200344 133.6734887790655 pid3989
53.75158728670565  0.532913657348251 133.75158728670564 pid3aec
54.10017019326355  0.986106888488085 134.10017019326355 pid3a22
54.16559179814509  1.5472848441777982 134.1655917981451 pid39a9
54.79133317837206  0.9822818598923542 134.79133317837204 pid3a1c
55.428755709960406  0.8641352693318483 135.4287557099604 pid3a30
55.5585410032433  1.3499557798527806 135.5585410032433 pid3ae6
55.812918513540474  1.2389679353344474 135.81291851354047 pid3990
56.051781173039515  1.0318154511116737 136.0517811730395 pid3aa9
56.81548796661421  1.4062318990055955 136.8154879666142 pid3a9c
57.186997186434695  1.688956040549924 137.1869971864347 pid39e3
57.2040700225005  1.4736595099720398 137.2040700225005 pid3a86
58.235771888636876  1.0156207562151112 138.23577188863686 pid3997
58.563960083736276  1.2941941499367884 138.56396008373628 pid395c
58.986117563522754  0.5533450612608799 138.98611756352275 pid3a0d
59.081763923634995  1.8711663039034683 139.08176392363498 pid39e7
60.05614955906247  1.2408976805526768 140.05614955906248 pid3a52
60.143656943240515  1.6295038177280339 140.1436569432405 pid399b
61.51021600961588  1.2568702710310213 141.51021600961587 pid39f3
61.58030297093697  0.6437438863893178 141.58030297093697 pid3ac6
61.98192653962914  1.2797183239741037 141.98192653962914 pid3ac0
62.64858673901785  0.6967421278840749 142.64858673901784 pid39d5
63.16590374678884  1.3884774178856918 143.16590374678884 pid39ee
63.38276996031836  0.9505960114732644 143.38276996031837 pid3a99
63.823006126136  1.3900574498352 143.823006126136 pid3a93
63.90380334348398  1.0503096673831218 143.903803343484 pid3a31
64.53217643686162  1.9435205689356434 144.53217643686162 pid39a6
64.70094711042665  0.9109761934252049 144.70094711042665 pid3aa7
65.44116954653084  0.7575841204227994 145.44116954653083 pid395e
65.6016053163534  1.4123810386031865 145.6016053163534 pid39cf
65.77948629685888  1.510629756082868 145.77948629685886 pid3aae
66.27018261847701  0.6718634234880161 146.270182618477 pid395a
66.29452159375201  1.6805203703644707 146.294521593752 pid3a96
66.43509988522987  0.9250821903779258 146.43509988522987 pid3a3f
66.7415050952903  0.9035775362854279 146.74150509529028 pid3af0
66.89379568044293  0.6205858743691273 146.89379568044293 pid3a27
66.93953292526699  1.590218939830062 146.93953292526697 pid3992
67.14812102590014  1.3645242032754652 147.14812102590014 pid3a26
68.07658924417419  0.6765396849852252 148.0765892441742 pid39ec
68.13854344712514  0.5700104554446086 148.13854344712513 pid3ab7
68.18277573530862  1.3738791973660773 148.1827757353086 pid3a24
68.48126402943979  1.3499070177419927 148.48126402943979 pid39c9
68.5064613992754  1.0767655974144654 148.5064613992754 pid3ab0
68.70002013296302  0.9559896950796124 148.700020132963 pid3a6e
69.36617800220915  1.4678135344045042 149.36617800220915 pid3ab9
69.88538762075144  0.6675817590043739 149.88538762075143 pid3a98
70.16263638383778  1.361728571135925 150.16263638383776 pid3a92
71.1548200680788  1.0353323262665264 151.1548200680788 pid3ae3
71.34437479581639  0.5517501943416208 151.3443747958164 pid3a25
71.34961167470455  1.386755274808892 151.34961167470453 pid3a1a
71.52288399185748  1.191173927044446 151.5228839918575 pid393e
72.04709404335681  1.7458150243256798 152.04709404335682 pid3aaf
72.23665706320274  1.635390013766362 152.23665706320276 pid3a75
72.24059444726389  1.3813659190923857 152.2405944472639 pid39b8
72.96245242070427  0.892346675605675 152.96245242070427 pid3a5d
73.5981596594077  1.2304454065271808 153.5981596594077 pid3ae1
74.13937028426737  0.8501927398553177 154.1393702842674 pid3a8e
75.01395391269513  1.869565389263707 155.01395391269511 pid3a02
75.1224337439154  0.6200540693490348 155.1224337439154 pid3a35
76.30623830115239  0.9607448167766734 156.3062383011524 pid3a8f
76.45644725845612  1.527716507334743 156.45644725845614 pid39b2
76.73294898913416  0.7628857609168568 156.73294898913417 pid39fa
76.81987074116734  0.5548634520937589 156.81987074116734 pid3a88
76.90215533661609  1.317332051408142 156.9021553366161 pid39b0
76.92356151291322  0.8295274796391988 156.92356151291324 pid3959
77.40184621766458  0.9234020093317679 157.40184621766457 pid39af
77.79748348943062  0.5258275878430408 157.79748348943062 pid397e
77.92264824275338  1.1771886048911193 157.92264824275338 pid3abc
77.9318874915448  0.8238072350692823 157.93188749154479 pid399f
78.75534760441073  1.2105312995559736 158.75534760441073 pid3975
78.79771256798006  1.728730561204996 158.79771256798006 pid39ab
79.5359986371274  0.7706148916285714 159.53599863712742 pid396d
79.71723221421136  1.1602594241566135 159.71723221421138 pid3986
80.72704004384039  0.6024555733814048 160.7270400438404 pid3a4a
81.32946031981643  0.7649357219620572 161.32946031981643 pid3953
81.34471581311698  1.7095407886239409 161.34471581311698 pid39e2
81.39860935668298  1.6694656575594053 161.39860935668298 pid39fe
81.65809135386895  0.8341108509050308 161.65809135386894 pid3aa3
81.79281542526385  0.7421185545054031 161.79281542526385 pid3a00
81.84729740750191  1.205026982161812 161.8472974075019 pid3a39
81.97179213845972  0.9089175194838909 161.9717921384597 pid39e9
82.74530558490936  1.6881385464025072 162.74530558490937 pid3947
83.08990896964286  1.425703733216932 163.08990896964286 pid3ace
83.19394349566537  1.9725706179138338 163.19394349566537 pid3acc
83.68875615114153  1.6607979176296515 163.68875615114155 pid3ab1
83.75305445328827  1.1073876072715447 163.75305445328826 pid39e0
84.55169881124732  0.5420598674821895 164.55169881124732 pid39c3
84.98909302178625  1.4720048892264945 164.98909302178623 pid3a58
85.16090260853726  1.924640931843959 165.16090260853724 pid394a
85.3224958351939  1.0715558930872386 165.3224958351939 pid39fd
86.2144968761627  0.8164588995653543 166.21449687616268 pid3ab3
86.74348698708668  1.0259163891831944 166.74348698708667 pid3ac1
87.26637871706328  0.7060706639231242 167.26637871706328 pid3a0f
87.67240675750337  1.4821506485892877 167.67240675750338 pid3ac9
87.76084187726644  0.5760193036369768 167.76084187726644 pid3aa1
87.84150695682813  1.4181382290779012 167.84150695682814 pid3a1f
87.92799783532149  1.6082597264273875 167.9279978353215 pid3aa6
88.42427070904276  1.6346108010405613 168.42427070904276 pid3ab8
88.57180964750842  1.3763897422627671 168.57180964750842 pid3aee
88.75823826439301  1.1684242863856231 168.75823826439301 pid3a9f
88.79562983169939  1.715701682630011 168.7956298316994 pid3a5f
89.80559773603554  1.2284558526208156 169.80559773603554 pid3aab
89.977039124156  0.6024611010601292 169.977039124156 pid3a7f
90.37308515427591  1.9512221270958747 170.3730851542759 pid3a65
90.55988268357929  0.5950838512214248 170.5598826835793 pid3a63
91.17507935568842  0.9646387511349628 171.1750793556884 pid399e
91.3332689201115  1.6369485342440877 171.3332689201115 pid396f
92.56183493447254  1.212982626846935 172.56183493447253 pid3add
92.76825074260222  1.574633336172662 172.76825074260222 pid39cc
93.34886430435297  0.843627984019254 173.34886430435296 pid3a97
93.77755244686477  1.4666155130315524 173.77755244686477 pid39e6
93.91301959672498  1.5192970693568268 173.91301959672498 pid3a20
94.30002967574455  0.677648620421945 174.30002967574455 pid3a4d
94.4179776200094  1.186508822424624 174.4179776200094 pid3aea
94.42731124868736  1.6160985721062497 174.42731124868737 pid3a16
94.48394194549907  1.0236269557841287 174.48394194549905 pid3957
95.12070502831614  1.3447028000575398 175.12070502831614 pid3a66
95.25254635068038  1.7637731314154919 175.25254635068038 pid3a37
96.0442211620954  1.248056829298177 176.0442211620954 pid3ae4
96.30177659993217  1.6267381321383814 176.30177659993217 pid3aad
96.32185645185923  1.4310820325930205 176.32185645185922 pid3a3e
96.33109055491543  1.9591565381796396 176.33109055491542 pid3970
96.51236734506469  1.1112134672041 176.5123673450647 pid39d2
97.29304906340514  1.156765341063156 177.29304906340514 pid3ad5
97.51197687536984  1.5367341085597812 177.51197687536984 pid3ade
97.73610525478229  1.8552427867607042 177.73610525478227 pid3af2
97.76917288495756  0.6068819148043989 177.76917288495756 pid3a2a
98.03134553982213  0.6184274306560222 178.03134553982213 pid39b6
98.38374328057868  1.6553041287840764 178.3837432805787 pid3951
98.56230523959677  1.6486177057079119 178.56230523959675 pid39ba
99.00310814942974  0.9277073684276163 179.00310814942975 pid3984
99.43771032117132  1.041572547855786 179.43771032117132 pid3ada
100.22378611493598  1.0963389631474336 180.223786114936 pid397b
100.3217874687234  1.74960218309301 180.32178746872341 pid3973
100.61007184935018  1.2903393496044815 180.61007184935016 pid3aa2
101.04447577362482  0.5489627291555239 181.0444757736248 pid3a06
101.29841582116751  1.6621214332921872 181.2984158211675 pid3a84
101.47383514414584  1.2611225185002246 181.47383514414582 pid3aaa
102.98635077562874  1.2065057018769767 182.98635077562875 pid3a72
103.3881244509571  1.199666805405612 183.3881244509571 pid3a17
103.8930739949843  1.6485508117218919 183.89307399498432 pid3ac8
104.620163095784  1.142212085180578 184.620163095784 pid3a33
104.73417792306265  0.5663574242678278 184.73417792306265 pid3a19
105.02934272549903  1.9509082867281946 185.02934272549902 pid3a50
105.06435474078283  1.0272947084199848 185.06435474078285 pid3982
105.10278934958477  1.6869838446107317 185.10278934958478 pid3a49
106.01013701668779  1.6814979437888915 186.0101370166878 pid39d0
106.06986179905408  1.2650929471679415 186.06986179905408 pid39d8
106.18216858013224  1.4050081926543148 186.18216858013224 pid39ad
108.41128658235054  1.9300826424385393 188.41128658235056 pid3a2f
108.76091958992482  1.615802001326025 188.7609195899248 pid39dd
108.91747966325484  0.9819601422159407 188.91747966325482 pid3a3b
109.121363330158  1.4371780628557353 189.121363330158 pid3ac5
109.89996706179697  1.0347959847255808 189.89996706179699 pid3a80
109.95390265821742  1.6637493044988114 189.95390265821743 pid3949
110.20236391908344  1.5311057577636364 190.20236391908344 pid3983
110.28628718122792  1.595748096356204 190.28628718122792 pid3af6
110.3119845849777  0.6360015352340919 190.3119845849777 pid3a2d
110.41336383260791  0.7077955612376271 190.4133638326079 pid3af1
110.86313328322218  1.0453024671274844 190.86313328322217 pid3a10
110.88592758038558  0.7342411526321426 190.88592758038558 pid397c
111.04134034452564  1.0672209468058003 191.04134034452562 pid3a6f
111.26432285657046  1.1294703336072118 191.26432285657046 pid3aba
112.70458618027014  0.6838762641230327 192.70458618027016 pid3968
113.010276321555  0.628283504483975 193.010276321555 pid3a42
113.02216306853958  1.4357950966737245 193.02216306853958 pid3aef
113.23700319327638  1.847790740572715 193.2370031932764 pid39fb
113.73277719213051  0.7678452320977631 193.73277719213053 pid3a53
113.91877870253602  1.751208735756833 193.91877870253603 pid3a7a
113.97204836003704  0.6920118260036947 193.97204836003704 pid3956
113.98136436147666  1.6381626043894464 193.98136436147666 pid3a40
114.03878096789852  0.5623577161251478 194.0387809678985 pid39cb
114.43801020968172  0.5498958952517722 194.43801020968172 pid3ae8
115.3421247629997  0.9552332440430282 195.3421247629997 pid3a12
115.41561626039828  0.8349531064785961 195.41561626039828 pid39f1
115.55691454932919  0.7057190719321502 195.55691454932918 pid39b1
115.9662419931254  0.5577623140076738 195.96624199312538 pid3a44
115.97542823927114  0.903697905192653 195.97542823927114 pid3a8b
116.56852369353355  1.9984487037686571 196.56852369353356 pid3a3a
116.85288431804119  0.9921081314142379 196.8528843180412 pid39e5
117.12846689104408  0.5159743939617731 197.12846689104407 pid3a8c
117.90652371683339  1.350082271725826 197.9065237168334 pid3a1d
118.2385367018428  0.5837586643401788 198.2385367018428 pid3a34
118.31483090518459  0.9522490973005723 198.31483090518458 pid39d4
118.69102278700899  0.5814356520709658 198.691022787009 pid3966
119.01479638514212  1.0635512298100045 199.01479638514212 pid3aa0
119.17248013427597  0.6308811129782227 199.172480134276 pid3a87
119.63562984325598  1.1014287102027562 199.63562984325597 pid3adc
119.66292046662261  1.5690598383559013 199.6629204666226 pid39ef
120.16934738856884  1.8274100073929198 200.16934738856884 pid3acf
121.56010264852804  1.6743309024342237 201.56010264852804 pid39bf
121.94458999960656  1.8053940992365598 201.94458999960656 pid3a4b
122.17034140470953  0.7523082660725603 202.17034140470952 pid3979
122.60875007053355  1.9192301972154324 202.60875007053355 pid39b3
122.73299080895359  0.7761180970544652 202.7329908089536 pid399c
122.87205580669978  0.6375329095492548 202.8720558066998 pid3a7b
123.0648332915779  1.4540402125657306 203.06483329157788 pid3a3c
123.46088878791035  1.1667661264874802 203.46088878791033 pid3945
123.80741184054716  1.9502129852114178 203.80741184054716 pid3950
123.83948164574025  0.8510917076124322 203.83948164574025 pid39d3
124.66874672872353  0.7081695620077344 204.66874672872353 pid39ce
124.86271419034381  0.7295767724129338 204.8627141903438 pid3a8d
125.50751600103511  0.717443955844727 205.50751600103513 pid394b
126.20406916218052  1.821142544282138 206.20406916218053 pid39f6
126.50501125513708  1.0303303869652207 206.50501125513708 pid3ab4
126.79998308988584  0.6558323045084196 206.79998308988584 pid3a62
126.97107936714347  1.2623694542548143 206.9710793671435 pid393a
127.55152007486207  0.8002135069733969 207.55152007486208 pid398b
127.61228684817785  1.820463120252003 207.61228684817786 pid3a28
127.89707368431331  0.6503634818471253 207.8970736843133 pid39fc
128.58155457324452  1.5278366320847006 208.58155457324452 pid3971
128.98940898893545  0.8740443703421232 208.98940898893545 pid3a2b
129.1372927287157  0.5256675654813849 209.1372927287157 pid3a1b
129.14266687079046  0.9222173724215021 209.14266687079046 pid394e
129.56495447729324  1.1474656350298875 209.56495447729324 pid3a95
129.64685473879823  0.555658736311311 209.64685473879823 pid39c2
129.99862108237434  1.5382108194421367 209.99862108237434 pid3960
130.41459338569237  0.5183040461416287 210.41459338569237 pid3a69
130.47664297644948  1.5400468975179114 210.47664297644948 pid3ad4
130.58906266319087  1.7532698864400549 210.58906266319087 pid39ca
130.62843296956694  0.8703307329990166 210.62843296956694 pid3ab5
130.85807976893622  1.8612271044436128 210.85807976893622 pid39a1
130.8613091473051  1.8909842754362887 210.8613091473051 pid3a82
131.2063790749924  1.092585632569285 211.2063790749924 pid3999
131.3800208952747  1.8900048010923836 211.3800208952747 pid3a89
132.01906261753376  1.3001646338791182 212.01906261753376 pid39d7
132.25989729544105  0.6064425483062137 212.25989729544105 pid3af3
132.51323553449163  1.9683900330020494 212.51323553449163 pid3a05
132.83769140999703  0.9721447683428022 212.83769140999703 pid397a
134.03097848870075  0.6187955545259023 214.03097848870075 pid3969
134.11598950591352  1.2039961763090758 214.11598950591352 pid3a4c
134.41365973077478  1.9332821539280882 214.41365973077478 pid3a85
134.8124997964076  1.7908101267961767 214.8124997964076 pid3a5a
135.0835407325459  0.5982336260907839 215.0835407325459 pid3944
135.24965005842466  0.9850512988154214 215.24965005842466 pid393f
135.8041213893618  1.0882155312974122 215.8041213893618 pid3965
136.64639294120073  1.8070494968998556 216.64639294120073 pid393d
137.05330070285436  0.7387441785576359 217.05330070285436 pid3a09
137.46689172218836  1.0755608075189849 217.46689172218836 pid3991
138.42335867963348  1.6944757377994186 218.42335867963348 pid39ed
138.55914901883963  1.7559581336090755 218.55914901883963 pid39eb
138.58073712804315  1.2791058771735873 218.58073712804315 pid3ad9
138.78874764231264  0.7237058475633709 218.78874764231264 pid3a77
139.03470227976325  1.3456618090231804 219.03470227976325 pid3a36
139.16282828321783  0.7978762176834886 219.16282828321783 pid39a3
139.7970642383016  0.9275014295777582 219.7970642383016 pid39a8
140.37166720903835  1.741900900725895 220.37166720903835 pid3967
140.65400113279293  0.7803578082261777 220.65400113279293 pid3964
140.81372895672934  1.1099677068934861 220.81372895672934 pid39a5
140.84277140091146  1.6144312632876383 220.84277140091146 pid3af9
140.89791195121717  1.1347676314092374 220.89791195121717 pid3ad0
141.04377860009805  0.855524131552089 221.04377860009805 pid3a01
141.22138930651784  1.0309562993629575 221.22138930651784 pid3a60
141.29574056301973  1.017133428365645 221.29574056301973 pid39c6
141.29720891354128  1.4433526235793803 221.29720891354128 pid3ad7
141.3387280747322  0.9897418777045219 221.3387280747322 pid3ab6
141.73447788485237  1.0479051566886712 221.73447788485237 pid3a7e
142.0299063598578  1.99763210626462 222.0299063598578 pid39db
142.1786278961802  1.4507307119077932 222.1786278961802 pid3a0a
142.33943092691686  1.4511365954941187 222.33943092691686 pid3980
142.87714527560374  1.5485325241534214 222.87714527560374 pid3952
143.10399441378365  0.8832616237586735 223.10399441378365 pid39e4
143.14245761881907  1.7340398736479217 223.14245761881907 pid39a7
143.35526304044703  1.555153874909401 223.35526304044703 pid39aa
143.422979552845  0.5857683551000937 223.422979552845 pid3985
143.52500576884447  0.9977338987669961 223.52500576884447 pid39f2
144.1599723637014  1.3985467375973564 224.1599723637014 pid3a54
144.35700050659094  1.2114674052215364 224.35700050659094 pid39ea
144.61305170747488  1.9880024868428272 224.61305170747488 pid397f
144.80268627689063  0.5251067575850712 224.80268627689063 pid3942
145.0142769151838  1.1616523523405742 225.0142769151838 pid398f
145.18915894244134  1.3183450828657728 225.18915894244134 pid3a81
145.37653600727657  1.1322293957533094 225.37653600727657 pid3a76
145.56527166893235  1.4182012490402414 225.56527166893235 pid3a91
146.99838716028015  0.7311297672717798 226.99838716028015 pid39ff
147.716631192276  1.4539403610366366 227.716631192276 pid3afa
148.37077794824307  1.2987345625599738 228.37077794824307 pid394c
148.8909030154377  1.0584515943499584 228.8909030154377 pid3ad6
148.94119550864917  1.555975709973169 228.94119550864917 pid3a18
149.0508469359925  0.6007867431250571 229.0508469359925 pid3a74
149.11348058042105  1.6587458875624186 229.11348058042105 pid39e8
149.48864256152856  1.6555242590237105 229.48864256152856 pid39b5
149.49019294440953  1.7613270964123333 229.49019294440953 pid3977
149.87357179488373  1.2819957035171723 229.87357179488373 pid396b
