1.110459444819334  1.5928952119875142 81.11045944481933 pid1916
1.4347574561236587  0.6127019919661885 81.43475745612366 pid194e
2.003718896057649  0.9038532661191523 82.00371889605765 pid1909
2.9717567922510124  0.7424964991951855 82.97175679225101 pid197f
3.7121919992300523  1.6459659679606822 83.71219199923006 pid1989
3.7313971118252187  0.7535164808157164 83.73139711182522 pid1988
4.966153568116849  1.2594640111844781 84.96615356811685 pid1918
5.004859213085738  0.846421986584649 85.00485921308574 pid1946
5.03971919463575  1.1529453185644698 85.03971919463575 pid1904
7.433431960176512  0.8917360276226218 87.4334319601765 pid198c
7.608707889694993  1.726214716088936 87.608707889695 pid1965
8.238215460295917  1.9714333951292653 88.23821546029592 pid1917
9.769136834149577  0.5058416616607064 89.76913683414958 pid195b
10.333934332576188  0.9145997017763908 90.33393433257619 pid194c
12.99315410895029  1.3785780737082218 92.99315410895029 pid191c
15.132847658798598  0.6074098367528334 95.1328476587986 pid1982
15.557437058605439  1.2237348616948949 95.55743705860544 pid197a
15.608422544327228  1.9315374391164197 95.60842254432723 pid193c
16.553877219484598  1.5765747839289186 96.5538772194846 pid1943
18.077175830836396  1.1058236725445028 98.0771758308364 pid191d
21.502747475428546  1.241201983864347 101.50274747542855 pid1986
21.988805150136407  0.8949015805531393 101.98880515013641 pid1926
22.19006508786655  1.9085559920910016 102.19006508786654 pid1994
22.25576651772902  1.9457681251630765 102.25576651772901 pid1937
24.509380656725583  1.2157641492571232 104.50938065672558 pid1953
24.706415917067837  1.403651848374607 104.70641591706783 pid198e
24.91666157288572  1.8484846356792368 104.91666157288572 pid1911
27.336730711051143  0.8377182458480958 107.33673071105115 pid197d
28.311341907698306  0.692431208718695 108.3113419076983 pid190b
28.990037372149914  1.0697403132690082 108.99003737214991 pid190d
31.704666908692435  1.3045102811445521 111.70466690869243 pid1992
32.119641816611676  1.7741622560879988 112.11964181661168 pid1907
34.41769047666678  0.6740740584123022 114.41769047666678 pid1948
36.02571538609936  1.6663930082425795 116.02571538609936 pid1921
37.221632933174945  1.7388692383901643 117.22163293317494 pid1972
37.756941447756034  1.8164261969728366 117.75694144775603 pid1920
38.93981416867172  0.6612920965602547 118.93981416867172 pid191a
39.08400403786158  1.2358042300269292 119.08400403786158 pid1958
39.15886000775721  1.8236622251285208 119.15886000775721 pid1915
39.159747800858966  0.8427416105296919 119.15974780085897 pid197e
39.380717387014485  1.431695689319184 119.38071738701449 pid193b
39.97469581612441  0.9591434085927169 119.97469581612441 pid1955
41.16894491902819  0.9859929115317381 121.16894491902819 pid1960
41.39782720872129  1.2882352972622952 121.39782720872128 pid1939
42.463044169759876  1.3194121382401438 122.46304416975988 pid1906
42.53781752699228  1.0183119143269015 122.53781752699228 pid1902
43.010973954072035  1.573597657958488 123.01097395407203 pid195c
43.74055219150473  1.0201858413183098 123.74055219150473 pid195d
44.2939990830649  1.4150236804763474 124.2939990830649 pid196a
46.55998286619849  1.7511685035210252 126.55998286619848 pid1931
47.664164083334526  1.043092799070173 127.66416408333453 pid1908
48.97266086428619  0.9991856015481405 128.97266086428618 pid1963
49.517413810566254  1.0743075245921423 129.51741381056627 pid1944
49.8405409397072  0.6342638867439032 129.8405409397072 pid1961
49.93989048857788  1.3933727186680671 129.93989048857787 pid1919
52.49366437331784  1.246310219617328 132.49366437331784 pid1935
52.620180076177355  1.88547855279637 132.62018007617735 pid1924
52.84977235724305  1.0780344381532314 132.84977235724304 pid196f
54.0070047317893  0.5389337424949654 134.0070047317893 pid1901
61.27055546065885  1.0211810029660189 141.27055546065884 pid1905
62.534384569030905  0.6720077864418332 142.53438456903092 pid1962
62.99957825675556  1.182652507302774 142.99957825675557 pid193e
66.5091003750152  0.6352426230092152 146.50910037501518 pid1991
66.85016358926784  1.3904285928579134 146.85016358926782 pid192b
67.3359853051897  0.5995253692037165 147.3359853051897 pid1938
67.78370187856689  0.8740408644586868 147.7837018785669 pid1951
69.93875117112209  1.2721207422947025 149.93875117112208 pid195a
70.38248628395141  0.5933265770938121 150.3824862839514 pid1976
70.63720102808107  0.8310976443607715 150.63720102808105 pid1968
71.07077607018908  1.9422723927922836 151.07077607018908 pid1913
72.23749520945279  1.0973347404645446 152.2374952094528 pid1934
72.65637512752453  1.3593398605989322 152.65637512752454 pid1993
73.58579677589863  1.3897289317319526 153.58579677589864 pid197c
73.90163435834485  1.7511755279216552 153.90163435834484 pid1950
75.92642413845873  0.6224643104928825 155.92642413845874 pid1984
77.55836756443284  1.632389675403997 157.55836756443284 pid193f
77.67655528173229  0.6200542087414886 157.6765552817323 pid1922
77.89318051788061  1.228847272112013 157.8931805178806 pid1929
78.71123479302379  1.9042953936735805 158.71123479302378 pid1941
79.17286016827947  1.6737550025651784 159.17286016827947 pid191b
79.33356583712381  0.8473880254985922 159.3335658371238 pid1981
80.27179997094188  1.7703089983208142 160.27179997094188 pid192f
80.98469776217847  0.7880020718652353 160.98469776217848 pid192c
81.3675485068348  1.2525499998480654 161.3675485068348 pid1927
83.9098898453795  1.8454476412007614 163.9098898453795 pid192a
86.85033515735505  0.5382236242169443 166.85033515735506 pid1971
88.62418063173521  1.7937508964842903 168.62418063173521 pid198a
89.21674118670038  1.232372141572972 169.21674118670038 pid1969
89.297179703605  1.8250545056600185 169.297179703605 pid196c
90.04853635247888  1.256536029730137 170.0485363524789 pid1970
90.56193305573427  1.7262380248254168 170.56193305573427 pid194a
90.61094636437946  1.1313781350596748 170.61094636437946 pid1957
90.72831857743098  0.9760645108602968 170.72831857743097 pid1932
93.75475003705573  1.6362466326923562 173.75475003705571 pid1900
94.87312576624073  1.3938903567848524 174.87312576624072 pid1966
94.9573355686778  0.5133177059553116 174.95733556867782 pid1910
95.3531348410976  1.9219127464829167 175.35313484109759 pid1959
95.35389330468593  1.858642602097946 175.35389330468593 pid194d
97.62324895585331  1.3823247158715246 177.6232489558533 pid1903
98.05063706655484  1.1889116583940358 178.05063706655483 pid1940
98.57797240423406  0.64616889499878 178.57797240423406 pid190a
101.42561851840385  1.1047557316756906 181.42561851840384 pid1933
101.73130835551613  1.478039002675782 181.73130835551615 pid190e
102.51068008038017  1.0384282559167795 182.51068008038015 pid1967
103.99261914846171  1.5943848315381417 183.9926191484617 pid1978
104.62465899051577  0.9974481772744104 184.62465899051577 pid1983
105.06657217424757  1.9590006472195862 185.06657217424757 pid191f
106.12332915445079  1.729055576668189 186.1233291544508 pid1945
106.78434755086305  1.3131380986742103 186.78434755086306 pid197b
107.18089940135003  1.446284791300811 187.18089940135002 pid192d
108.28244844971645  1.4484014562461411 188.28244844971647 pid1952
108.56917997442378  1.162017408352156 188.56917997442378 pid1930
108.5692964802235  1.4350871708413866 188.5692964802235 pid1914
108.92543135598747  1.790417241901839 188.92543135598748 pid1956
109.63928317641987  1.6258801075919382 189.63928317641987 pid1923
109.67135521542058  1.7961555528447049 189.6713552154206 pid193d
110.01271425834145  0.7338565810989907 190.01271425834145 pid1975
110.15344773076589  1.9068194663327325 190.1534477307659 pid1973
110.3971531141396  1.371289649226544 190.3971531141396 pid192e
110.9588954497702  1.4330499973002417 190.95889544977018 pid193a
113.42969586316957  0.8876539250591743 193.42969586316957 pid1925
113.49379692044884  1.9351797906349497 193.49379692044886 pid195e
116.80169828816871  1.1158472949094498 196.80169828816872 pid194f
116.9528155189292  0.9007635248102874 196.95281551892919 pid1977
117.29268084158325  1.4330360560817332 197.29268084158326 pid1974
117.59692494384578  1.4234543916628735 197.59692494384578 pid1928
118.49080932100723  1.769657099218361 198.49080932100725 pid1990
120.45436894490582  0.644284137737388 200.4543689449058 pid190f
120.78489272375234  0.5171064309226834 200.78489272375234 pid1954
121.27140800556629  1.985119856664121 201.2714080055663 pid1964
122.31847697608904  0.6861631703300461 202.31847697608904 pid198b
124.24713260182075  1.417699279526082 204.24713260182074 pid196e
124.54712563077995  1.0982808467361433 204.54712563077993 pid198d
125.75055528712633  1.5467021458104862 205.75055528712633 pid1979
126.6166123427276  0.8547220676321795 206.6166123427276 pid190c
126.72330281413777  0.5396442889702298 206.72330281413775 pid195f
128.07156446877997  1.1676150233335192 208.07156446877997 pid196b
129.33489988000446  1.1883366980644878 209.33489988000446 pid1942
129.84110830244265  1.965283055432171 209.84110830244265 pid1995
130.10295450540494  1.238667748919624 210.10295450540494 pid198f
131.18830551490814  1.9698366701727688 211.18830551490814 pid1980
131.37111905930166  0.9204260429210362 211.37111905930166 pid1947
134.82154280338813  1.410516998463769 214.82154280338813 pid196d
137.50045499049097  1.2527473601836547 217.50045499049097 pid191e
141.83976650452445  0.8974989382368992 221.83976650452445 pid1949
142.22628804817168  1.8329140569528657 222.22628804817168 pid1936
142.6219684383196  1.222160955896779 222.6219684383196 pid1985
143.08049445272704  1.2882474165083093 223.08049445272704 pid1912
143.30872970074972  0.591334588747996 223.30872970074972 pid194b
145.37590234566326  1.9463877442267055 225.37590234566326 pid1987
