0.17866017556105174  1.409599261031717 80.17866017556105 pid1d47
0.5993626261502516  0.9151851265390041 80.59936262615025 pid1ddb
0.6194961053405001  1.8838814193380533 80.6194961053405 pid1d30
0.688083851662874  1.6834876988355596 80.68808385166287 pid1de0
0.8460693763560734  1.6373190422548562 80.84606937635607 pid1db0
1.5915651426469946  1.931242618571598 81.591565142647 pid1d2e
1.6218816123202584  0.6045233759043656 81.62188161232025 pid1d6d
1.9267323391382762  0.5490719194722451 81.92673233913828 pid1d46
2.1048834392838387  1.8053209698120323 82.10488343928384 pid1d35
2.1673511085096573  1.916759183498509 82.16735110850966 pid1d9d
2.2896785970909272  0.785254158693209 82.28967859709093 pid1daf
2.578654864934249  1.5518710257126276 82.57865486493425 pid1e9d
2.6991482934074664  1.643747581448514 82.69914829340746 pid1ec4
2.7236939849032304  1.727292227220725 82.72369398490324 pid1e34
3.429928008159566  1.4157720582191256 83.42992800815956 pid1e64
4.205738690533812  0.8990363640729931 84.2057386905338 pid1d5e
4.265094303607753  1.771363176353272 84.26509430360775 pid1e89
5.48380340633276  0.850892194362814 85.48380340633275 pid1dde
5.697318775726784  1.1592488408161485 85.69731877572679 pid1d77
5.742098635360243  1.3082650332923946 85.74209863536024 pid1d37
5.999688527841923  1.5012853363765957 85.99968852784193 pid1d22
6.1189369795607185  0.997869972241539 86.11893697956071 pid1ed4
6.191666391160427  1.924331638585978 86.19166639116042 pid1e00
6.44853468976076  1.4027948810915356 86.44853468976076 pid1dc0
6.4684578424125565  1.4955015260679505 86.46845784241256 pid1e65
7.228054543456242  1.1139042897898808 87.22805454345624 pid1ec3
7.46736516713189  0.9053450244932044 87.46736516713189 pid1e28
7.678785340071981  1.9778850176856562 87.67878534007198 pid1e88
8.267761580746702  0.5226615642387962 88.26776158074671 pid1d3f
8.544006896138995  0.7800067460718892 88.544006896139 pid1ea6
8.944131433509368  1.112042901761809 88.94413143350937 pid1dff
8.982134083785015  1.557149424900048 88.98213408378501 pid1d49
8.987810563916444  0.7063128195027129 88.98781056391644 pid1dd7
9.210735740340887  1.2536609667331924 89.21073574034088 pid1de4
9.570560521487554  1.3527094777860453 89.57056052148755 pid1d89
9.832058291968831  1.3130137932499775 89.83205829196883 pid1df6
10.038989582294722  1.7463335339760264 90.03898958229472 pid1e97
10.536483766491312  0.7109746765946784 90.53648376649132 pid1ebb
11.96838448356537  0.7657395186428578 91.96838448356537 pid1d29
12.811415733733783  1.3437979045014705 92.81141573373378 pid1eb2
12.887020025634394  1.0937668198672035 92.8870200256344 pid1dca
13.808979848709235  0.8310443750803904 93.80897984870924 pid1ec8
14.2339332334126  1.620552485379153 94.2339332334126 pid1dd9
14.521151333266157  0.8879670798206707 94.52115133326616 pid1dbc
14.778323473423171  1.8813295467941125 94.77832347342317 pid1ed6
15.040992738884073  0.6088350328391268 95.04099273888407 pid1ece
15.494225003341361  0.5545142153467814 95.49422500334136 pid1e71
15.665801772453902  0.9099016523745298 95.6658017724539 pid1d56
15.733470139104266  1.2664980829899888 95.73347013910427 pid1e53
15.904848005008104  1.1080921845912421 95.9048480050081 pid1e78
16.451614348274248  0.8210566087251512 96.45161434827425 pid1e20
16.933260652661826  1.3949516622655964 96.93326065266183 pid1dc6
17.8398831449474  0.6620167418709866 97.83988314494741 pid1ec6
18.020278254229773  1.0028250081410497 98.02027825422977 pid1e9b
18.09291170913687  1.5318140739762804 98.09291170913687 pid1e3a
18.56378720019707  1.9622337998003405 98.56378720019707 pid1e2e
18.934531358342333  0.6051854011426243 98.93453135834233 pid1eb1
19.295025473469956  1.9602326716235359 99.29502547346996 pid1e70
19.525149051881485  1.3258485976035501 99.52514905188148 pid1dc7
19.78545617625011  0.7643107704310979 99.78545617625011 pid1d28
20.019185041780318  1.1632775276394782 100.01918504178032 pid1d4f
20.39134130979229  0.5441211905732842 100.3913413097923 pid1e7a
20.436127783928608  0.7849605123807502 100.43612778392861 pid1e73
20.456977511840073  1.62975352298768 100.45697751184008 pid1e6e
20.680029932043016  1.950128505343595 100.68002993204301 pid1dc1
21.077493452880265  1.0980033884269287 101.07749345288026 pid1e1a
21.340289477106467  0.6599674366634735 101.34028947710647 pid1e81
21.38276943296262  1.1502169640280113 101.38276943296262 pid1e46
21.449888851747982  1.3927370627095539 101.44988885174799 pid1de9
21.496950241019373  1.8289442595550653 101.49695024101938 pid1dcb
22.6660029195845  1.066808832297327 102.6660029195845 pid1d59
22.66668981753199  1.1747989901066078 102.66668981753199 pid1ddf
22.75727636671963  0.6643866402405822 102.75727636671962 pid1db8
23.173748744290034  1.9907029735499793 103.17374874429004 pid1dce
23.51806612480731  0.6280695334877973 103.5180661248073 pid1d72
23.562501011939602  1.884002695848599 103.5625010119396 pid1d86
23.58543594257189  1.318278035439922 103.58543594257189 pid1e4f
23.668139328582583  0.9942674075004752 103.66813932858258 pid1ded
23.856297654247143  1.0889385621720564 103.85629765424714 pid1dcd
24.105212918133134  1.7582779532751132 104.10521291813313 pid1eaf
24.234190282597567  0.6255570412766412 104.23419028259757 pid1d99
24.330145295970123  1.3572164323254015 104.33014529597013 pid1ea5
24.4008249300048  1.9146497613761446 104.4008249300048 pid1ead
24.619002733231387  1.0127341347405303 104.61900273323138 pid1ec5
24.64142747179517  1.397742015615941 104.64142747179517 pid1eb8
24.658569563353367  0.8657773322803453 104.65856956335337 pid1d25
24.72645712646956  1.860375382820802 104.72645712646955 pid1e74
25.569998373597684  0.860414648536653 105.56999837359768 pid1e0d
25.626465597144005  1.9965348705111192 105.626465597144 pid1e49
25.961518301851434  1.7757750018861747 105.96151830185144 pid1da0
26.796720141851303  1.6235199493192414 106.7967201418513 pid1d38
28.166716340689003  1.3743523937480326 108.166716340689 pid1deb
28.319667228482835  1.2107068928406228 108.31966722848284 pid1e51
28.750213969003845  0.509506443614292 108.75021396900385 pid1de7
29.242822360221776  0.8368934038036537 109.24282236022178 pid1e27
29.245841950776256  1.8542287948442127 109.24584195077625 pid1d53
29.266526042679246  0.7469117041358242 109.26652604267925 pid1def
29.441906823673865  1.2043428239280607 109.44190682367386 pid1e56
29.486165001488228  0.8173164204783685 109.48616500148823 pid1ecd
29.859039189435165  1.410658196613645 109.85903918943517 pid1d4b
29.868940401104215  0.5431969224000734 109.86894040110421 pid1dad
29.898899390335416  1.9918025805895763 109.89889939033542 pid1e25
30.10210310525218  1.7790443529605844 110.10210310525218 pid1e72
30.41875399502142  1.473861456874812 110.41875399502142 pid1e3c
30.5199408901349  0.9131639711292686 110.5199408901349 pid1de2
30.673782213501045  0.7804564638060669 110.67378221350104 pid1db7
30.722468974653673  1.6990596479651212 110.72246897465368 pid1d3d
31.175551337532426  1.0833819221943526 111.17555133753243 pid1d9f
31.195789770543943  1.2592745302358854 111.19578977054394 pid1e5a
31.844335622919324  1.1261375349709968 111.84433562291932 pid1ed1
31.86979348826521  0.7108298978253782 111.8697934882652 pid1e0a
32.34582907267523  1.7840276617298108 112.34582907267523 pid1d66
32.55665761485479  1.4755363894779672 112.5566576148548 pid1dfc
32.56759457979912  0.7169621577512952 112.56759457979912 pid1d4c
32.672868771942596  1.8571364026923176 112.6728687719426 pid1dda
32.92616698286846  0.9530679417714201 112.92616698286847 pid1e45
33.20329988969542  1.2892299771675182 113.20329988969542 pid1dd0
33.23913083337438  0.842577874523625 113.23913083337439 pid1e60
33.80523057831585  1.0644276536961446 113.80523057831584 pid1dcc
33.922425796926376  0.6553780818556116 113.92242579692638 pid1d3b
33.95435659029447  1.9740944646114698 113.95435659029448 pid1e5d
34.26010763480556  0.8518236323578507 114.26010763480556 pid1dbb
35.95533316895721  1.6934317220409367 115.95533316895721 pid1dbf
37.421274609381314  1.7285199301250231 117.42127460938131 pid1d23
37.83424744598617  1.1232921120864026 117.83424744598616 pid1d1e
38.08491217784662  1.2224773241885982 118.08491217784662 pid1d4d
38.13800112679459  1.1736704164061358 118.13800112679459 pid1d20
38.37264956960064  1.630829944132484 118.37264956960064 pid1dae
38.385163585666035  1.9983441184795736 118.38516358566604 pid1e04
38.69076986505937  1.428792533432342 118.69076986505937 pid1e7c
38.8545256641551  1.6890745975126922 118.85452566415509 pid1d62
39.22597253197393  1.7082354130052049 119.22597253197392 pid1e8a
40.030717722021954  1.502638998433781 120.03071772202196 pid1de5
40.43687425505328  1.2111908756295875 120.43687425505328 pid1e8c
40.494762876022165  1.6869360971800553 120.49476287602216 pid1da8
40.62736921352459  0.5113282418894591 120.62736921352459 pid1daa
40.861283949703186  0.9434836397954294 120.86128394970319 pid1e7b
41.023189783561435  0.6239777417030911 121.02318978356143 pid1d63
41.77151908011992  0.543125590852538 121.77151908011993 pid1e8e
42.41601805324733  0.8590537718012197 122.41601805324733 pid1ebe
42.50414569920721  1.5061637205906508 122.50414569920721 pid1ecc
42.88083221599214  1.06536034586957 122.88083221599214 pid1e75
42.950379611218445  0.6375682010055281 122.95037961121844 pid1e87
43.622580427606614  1.02324509527435 123.62258042760661 pid1d5f
44.216964935582666  1.5876605724309145 124.21696493558267 pid1e29
44.218262847145276  0.7052209631180091 124.21826284714527 pid1df4
44.44555349497692  1.7650721104683613 124.44555349497692 pid1e22
44.77366268745483  1.3116420130448543 124.77366268745483 pid1d2a
45.07160814690238  1.5196089525334437 125.07160814690238 pid1d83
45.346027894380164  0.9200698557140761 125.34602789438017 pid1d65
45.35005702660962  1.0333523127438324 125.35005702660962 pid1d2b
46.595424446637715  0.5726631388762855 126.59542444663771 pid1d69
47.06911539558078  0.8098265756441789 127.06911539558078 pid1d8b
47.118907950608175  1.4541964124931734 127.11890795060818 pid1d5c
47.46037405526541  1.0026172243369629 127.46037405526542 pid1e30
47.70133796304283  1.4851654595522872 127.70133796304283 pid1e57
47.95599789974806  1.1630372052313267 127.95599789974807 pid1d24
48.11434992462079  1.8107006104213998 128.1143499246208 pid1d2c
48.67041865629951  1.691374760954405 128.67041865629952 pid1e33
48.71165625284417  1.573447546149841 128.71165625284416 pid1eab
48.71505511663031  0.5964740789400799 128.7150551166303 pid1df5
49.759933551050054  1.6228579218920058 129.75993355105004 pid1ed5
49.84913316675231  1.208623570863576 129.84913316675232 pid1db2
49.987338748330025  0.6048175198069992 129.98733874833002 pid1d6a
50.54873912709816  1.48066417022321 130.54873912709814 pid1e2c
50.91974767386384  1.2980000443857551 130.91974767386384 pid1e6d
50.94798952178463  1.2183389559288795 130.94798952178462 pid1de1
50.980317923249125  0.9213148544013556 130.98031792324912 pid1d7f
51.924610600551105  0.7272163284746729 131.9246106005511 pid1d55
52.058259987517616  0.918949980303964 132.0582599875176 pid1ea9
53.307673243032596  1.2146107212432202 133.30767324303258 pid1eca
54.182289270608756  0.876762339358718 134.18228927060875 pid1e23
54.81694203302355  0.9373404797313312 134.81694203302357 pid1d6f
55.42667507311702  1.5851386490898363 135.42667507311702 pid1df0
56.048152281278064  0.7668668904840623 136.04815228127808 pid1e3b
56.05693219561033  0.7619091547167287 136.05693219561033 pid1e54
56.14100650715935  1.2872681871364366 136.14100650715935 pid1e47
56.23388726621324  1.1327102702240128 136.23388726621323 pid1d1c
56.23947990387775  1.981136963105585 136.23947990387774 pid1e1b
56.43023016947003  0.6866474488102932 136.43023016947004 pid1da7
56.93159859407804  1.223261275656221 136.93159859407803 pid1e59
56.972709737666506  1.7857804016890917 136.9727097376665 pid1d7b
57.04278715829835  0.791936425878186 137.04278715829835 pid1d88
57.76129225065611  1.6674433724551132 137.7612922506561 pid1d3a
57.81122315280393  0.5704651743385546 137.81122315280393 pid1e62
57.947543672405004  0.7125617106855928 137.947543672405 pid1e92
58.405323455362456  1.1444835125006898 138.40532345536246 pid1dea
58.47907686312446  0.7387176705864089 138.47907686312448 pid1d1b
58.809389168004714  1.4656622808479152 138.8093891680047 pid1d2f
59.22290944093686  1.5034164571450368 139.22290944093686 pid1df2
59.26487035245097  0.60456386172779 139.26487035245097 pid1d64
59.596511930069575  0.6170180606150429 139.59651193006957 pid1dd6
59.80562655609333  1.239141236497367 139.80562655609333 pid1e67
60.20109321120506  0.7031003607101817 140.20109321120506 pid1d90
60.89201555147178  0.8605015453620095 140.8920155514718 pid1d6c
60.935269237328335  1.0297450464340947 140.93526923732833 pid1da5
61.401386805307254  0.9942992124863772 141.40138680530725 pid1ec9
61.40608210695547  1.2777540714001931 141.40608210695547 pid1d74
61.69601762254629  0.7202340683758957 141.6960176225463 pid1d98
61.82281874290857  1.012384848414349 141.82281874290857 pid1d57
61.95052489275513  0.8646798019454252 141.95052489275514 pid1e79
62.442902961866295  1.8780401140050373 142.4429029618663 pid1d2d
62.6642973133812  0.8228294234470817 142.6642973133812 pid1e24
62.667642401017936  0.51685825094298 142.66764240101793 pid1e42
63.85434607863307  1.6995331926269923 143.85434607863306 pid1e09
64.32991040053444  1.5320509618637614 144.32991040053446 pid1d32
64.53732729902866  1.2223301710790098 144.53732729902868 pid1d52
64.62027081288558  1.025896480153981 144.62027081288556 pid1e9e
64.81878581990372  0.8485180198863338 144.81878581990372 pid1e91
65.26697963248877  1.4456673423005446 145.26697963248876 pid1d97
65.69329072140121  1.3037912338786954 145.6932907214012 pid1ed3
65.91454284137406  1.888752397866636 145.91454284137404 pid1e8d
66.7970908402498  1.0044403603419931 146.79709084024978 pid1d73
67.21124842104473  0.723879437269406 147.21124842104473 pid1e77
67.34204188062893  1.0472231908183889 147.34204188062893 pid1d68
67.4229782359937  1.5667116537075847 147.4229782359937 pid1d93
67.64726821273621  0.8686974286556186 147.6472682127362 pid1edb
67.71910851313169  1.6649354985469078 147.7191085131317 pid1e15
67.90321184627255  1.2858852741976234 147.90321184627254 pid1da1
67.97825775437025  1.6718497276732318 147.97825775437025 pid1d60
68.0535336738025  1.9277784032123928 148.05353367380252 pid1e55
68.12321581243907  0.8464632474601801 148.12321581243907 pid1d5a
69.38634039061812  1.9844407006334894 149.3863403906181 pid1e6f
69.63441995259585  0.8468516378778338 149.63441995259586 pid1de3
70.35469045685682  1.8490419004670422 150.35469045685682 pid1dc9
70.3795151526436  1.3338524803138143 150.3795151526436 pid1d41
70.61205115783703  1.397313573956167 150.61205115783702 pid1ec0
71.06035433683662  1.982226473878415 151.0603543368366 pid1d85
72.33986053480022  0.9440277491541624 152.3398605348002 pid1e8b
72.3470217633342  0.5587561148128276 152.3470217633342 pid1e0c
72.9601753847015  0.9937026898991117 152.9601753847015 pid1d9e
73.44702950014177  0.7927788905807143 153.44702950014175 pid1d8a
73.69225969120816  1.1677617209493922 153.69225969120816 pid1e44
73.70721543404194  1.6293568226542356 153.70721543404193 pid1e3d
74.15356331053202  1.3705194425933744 154.15356331053204 pid1e83
74.7966863335857  1.9347962187301389 154.79668633358568 pid1dc3
74.93628544131063  0.8994910699165646 154.93628544131064 pid1e82
75.02783341730633  0.982522149609912 155.02783341730634 pid1d42
75.10541103519266  1.7858931103767728 155.10541103519267 pid1d3e
75.18068948353981  1.7195308074279159 155.18068948353982 pid1e0e
75.23587756087366  0.5365310234914681 155.23587756087366 pid1e5c
75.61709543896917  1.2501885308943586 155.61709543896916 pid1dbe
75.94205278164742  1.1560515830371079 155.94205278164742 pid1d58
76.31011075563656  1.4068504139353029 156.31011075563657 pid1e66
76.47580196931486  1.8223339443780935 156.47580196931486 pid1e06
77.3971327088579  0.6728219297880647 157.3971327088579 pid1e1f
77.85279725348302  1.6550919021709671 157.852797253483 pid1de6
77.88434162041334  0.7379354610565946 157.88434162041335 pid1d26
77.90557954315051  1.3820831917421075 157.9055795431505 pid1da2
78.05355771153529  0.8335841742774615 158.0535577115353 pid1dc8
78.10394242078141  1.6635563254317027 158.1039424207814 pid1dfb
78.16718742603  1.3876701151615045 158.16718742603 pid1e85
78.42351277523346  1.1990629785964249 158.42351277523346 pid1d87
78.5416152184522  1.8234159288451361 158.5416152184522 pid1e12
78.64530877756249  1.5979458250999647 158.6453087775625 pid1eaa
78.69766908691597  0.6692100932355477 158.69766908691597 pid1e41
78.84999169444613  1.313706649481602 158.84999169444615 pid1e4e
79.17957765522252  0.8896300965439563 159.17957765522252 pid1e38
79.38182912446113  0.5492980029466581 159.38182912446115 pid1e19
79.91849285527388  1.829816613189349 159.91849285527388 pid1ea3
80.29765837221757  1.5297690155085037 160.29765837221757 pid1e3f
80.45184181738037  1.0522336315992682 160.45184181738037 pid1e6c
80.46588459300624  0.8586303952426175 160.46588459300625 pid1d27
80.90229990788517  1.9258081649640324 160.90229990788515 pid1e16
81.24426943887494  0.5733538591532505 161.24426943887494 pid1dfd
82.50071483096973  0.6709976119309277 162.50071483096974 pid1ebf
82.64436560010256  1.5561758196264193 162.64436560010256 pid1eb9
82.98243010008056  1.7514015397414817 162.98243010008056 pid1e4b
83.00134822749256  1.8448886995070202 163.00134822749254 pid1eb7
83.3335821387427  1.2418958441556738 163.3335821387427 pid1da3
83.37075597439613  0.728193388837395 163.37075597439613 pid1e7e
83.45716989776045  1.583492750242239 163.45716989776045 pid1dd1
84.08881319657968  1.0288280538575285 164.08881319657968 pid1d8f
84.29130370761334  1.4257880565526317 164.29130370761334 pid1ebd
84.33501761853789  1.7071503017907792 164.3350176185379 pid1e68
84.56955230563705  1.6219402827342604 164.56955230563705 pid1d81
84.83616857647571  1.8563008664952312 164.8361685764757 pid1e5b
85.30146706471076  0.8880444647445707 165.30146706471078 pid1e21
87.76500286110065  1.9405259404200255 167.76500286110064 pid1d9c
88.25706418626253  1.4232918272923958 168.25706418626254 pid1e18
88.56465538309527  0.8348655510773559 168.56465538309527 pid1dee
88.83651839372588  1.2297162794013543 168.8365183937259 pid1d61
88.99273707250532  1.267838996276454 168.99273707250532 pid1d50
89.22727847061076  0.6170390182902927 169.22727847061077 pid1ed2
89.2743972501633  1.0204572498792976 169.2743972501633 pid1ebc
90.05258970002346  1.449866568867378 170.05258970002347 pid1e7d
90.20837825986717  0.9428850258850421 170.20837825986717 pid1e63
90.37358729946472  0.6311217934237916 170.3735872994647 pid1d34
90.78669705292542  1.1164906270655754 170.78669705292543 pid1e9a
90.87599193325322  1.9197401781985495 170.8759919332532 pid1e48
92.01803890239852  0.5023344899176383 172.01803890239853 pid1e90
92.05320626121556  0.8258810157984768 172.05320626121556 pid1e4a
92.35647435133095  1.3114943836794206 172.35647435133095 pid1e43
92.52146523185513  0.5879791696814007 172.52146523185513 pid1d33
92.52593928797941  1.540911789338939 172.5259392879794 pid1db3
93.05841683533885  1.9198016443502361 173.05841683533885 pid1da4
93.69254963050736  1.8904039672147879 173.69254963050736 pid1ea1
93.8306609663343  1.3549265563452093 173.8306609663343 pid1dd2
94.10672397427868  1.8971542765837366 174.10672397427868 pid1e07
94.16873999832163  1.720358409765704 174.16873999832163 pid1e1e
94.265238751334  0.6712626696578736 174.26523875133398 pid1e58
94.26763280450083  0.7823663152352884 174.26763280450083 pid1e5f
94.29658994859257  1.7411411981450882 174.29658994859255 pid1e52
94.40669131122988  0.9144603558535485 174.40669131122988 pid1d6e
94.43307422318959  1.824836234547838 174.43307422318958 pid1e37
94.61461862478627  1.837587135628187 174.61461862478626 pid1d1a
94.92120618609425  1.568037063547639 174.92120618609425 pid1e39
95.27185325131985  1.8358941094295878 175.27185325131984 pid1e26
95.38337286877227  1.7026670095724163 175.38337286877226 pid1e17
95.420059896329  1.2670540379142636 175.420059896329 pid1e32
96.2289300368796  0.6490628009305197 176.2289300368796 pid1e1d
96.59750924168385  0.8272285876829172 176.59750924168384 pid1ddd
96.73101321069713  1.1301749249093436 176.73101321069714 pid1ea0
97.0472549818186  1.2995805663824247 177.04725498181858 pid1d7c
97.34321037062952  1.3207864819236286 177.34321037062952 pid1ed7
97.64801334892778  1.9911519462517113 177.64801334892778 pid1e01
98.33596340687646  0.5435080796641849 178.33596340687646 pid1dd4
99.05138872987699  1.9361118570903129 179.05138872987698 pid1dc5
99.12661319365367  1.1119029606418092 179.12661319365367 pid1ea2
100.41214790507938  0.9179035812666212 180.4121479050794 pid1d79
100.6285999305924  0.6305192460425286 180.6285999305924 pid1e40
100.93715443386118  1.1225357393134918 180.93715443386117 pid1ed9
101.47466071524154  0.963447336800865 181.47466071524155 pid1e14
102.1883554963249  1.9330812669503354 182.1883554963249 pid1d3c
102.2887710266223  0.5439819893901585 182.2887710266223 pid1ecf
102.89435214268575  1.3119745106996872 182.89435214268576 pid1ea8
103.84246515742996  0.5633525374381141 183.84246515742996 pid1e84
103.89219631860637  0.5514969640659002 183.89219631860635 pid1e95
103.893680949548  1.2530623255900142 183.893680949548 pid1e03
104.14550496321486  1.962743422670337 184.14550496321488 pid1dec
104.16362977806179  0.9549951133074529 184.1636297780618 pid1e2a
104.75283095031266  1.5594732835102907 184.75283095031267 pid1d76
104.83701955693147  1.6353960311205835 184.83701955693147 pid1eae
105.23271942046121  1.0163918062889903 185.2327194204612 pid1d54
106.73999939968272  1.6515005760015886 186.73999939968272 pid1e08
106.83237599771192  1.0155665864739913 186.83237599771192 pid1e94
106.91565064485071  0.7906563187702671 186.9156506448507 pid1e2d
107.1886553154394  1.11239113269664 187.1886553154394 pid1d84
107.35057216294881  1.3205560220017722 187.35057216294882 pid1dd3
107.75806701800195  1.9645527855794567 187.75806701800195 pid1dd8
108.17568710183133  0.9813714918159725 188.17568710183133 pid1d40
108.7451586984495  0.7884804115666805 188.7451586984495 pid1d8e
109.45960671046488  1.1221956844063683 189.45960671046487 pid1d94
109.85384818388485  1.223535082845584 189.85384818388485 pid1d9a
109.8890506647577  1.9899586582590754 189.8890506647577 pid1d6b
110.31823129271746  1.8911732227152405 190.31823129271746 pid1d39
111.31677713885362  1.2052727624090358 191.31677713885364 pid1d4e
111.70960458311745  1.36435584435253 191.70960458311745 pid1ddc
111.77854096779616  1.5379374624987856 191.77854096779618 pid1e9f
112.32358649207002  1.6574390055970905 192.32358649207004 pid1d7e
112.33775146194581  0.5915489000785377 192.3377514619458 pid1eb6
112.4129514168709  0.658007117098999 192.4129514168709 pid1e5e
112.55089102357313  1.8768154034168272 192.55089102357312 pid1dac
113.48421486351573  1.7515768965350762 193.48421486351572 pid1e9c
113.72413292146628  1.8803395654109907 193.72413292146626 pid1e05
113.91431104080988  0.5874803534890665 193.91431104080988 pid1d44
114.3670396049099  1.364759846015378 194.3670396049099 pid1d36
114.4790554050244  1.3697191237753445 194.47905540502438 pid1e13
114.5640572351525  1.691707702095378 194.56405723515252 pid1d70
115.01031902597089  1.092032146091565 195.0103190259709 pid1eb4
115.52163495769628  1.880880757656114 195.52163495769628 pid1e35
115.56555046554439  1.4757399259584834 195.5655504655444 pid1d45
115.98642186312865  1.0640720739889138 195.98642186312867 pid1eb5
116.29030503924339  1.6006298917486619 196.29030503924338 pid1e96
116.50957456314417  0.6821369874866281 196.50957456314416 pid1d9b
116.70543155578927  1.7486169360628168 196.7054315557893 pid1d96
116.72835646817295  1.5442532922840224 196.72835646817293 pid1df8
117.00482202662502  0.7609442145232512 197.00482202662502 pid1e6b
117.32812893672853  0.6719080465399265 197.32812893672855 pid1e31
118.42127907078627  1.8040024832710468 198.42127907078628 pid1e02
118.7349059215019  0.8150732012412227 198.7349059215019 pid1d67
118.97470690799389  0.6686710557967965 198.9747069079939 pid1e8f
118.99271140935846  1.2921598828499712 198.99271140935846 pid1e3e
119.52620743808569  0.6464163903387039 199.5262074380857 pid1dd5
120.15572966929135  1.8436165929757866 200.15572966929136 pid1db9
121.84130567496267  0.8359808137788408 201.84130567496265 pid1d8d
122.27841798083706  1.344794553991878 202.27841798083705 pid1eba
122.83977763870305  1.0247433153188488 202.83977763870305 pid1d91
123.12512250962338  1.4733189237933435 203.1251225096234 pid1dfe
123.42942466237567  1.518195815080516 203.42942466237565 pid1db5
123.51462268618114  0.8351764897214967 203.51462268618116 pid1ecb
123.84304332448087  0.8519675088424803 203.84304332448087 pid1e80
124.10246882207971  1.6717130564111464 204.10246882207971 pid1de8
124.96646553384805  1.8788204608071053 204.96646553384807 pid1e7f
125.20682683206655  0.8565221135967303 205.20682683206655 pid1ec7
125.28332501648225  0.8822429642165467 205.28332501648225 pid1d8c
125.37715152468189  1.5180299827524673 205.3771515246819 pid1d48
125.67216903467444  1.449527594032132 205.67216903467443 pid1da9
126.19264129892537  1.5061161631053108 206.19264129892537 pid1d92
126.35521616496993  1.9577450315178075 206.35521616496993 pid1eb3
126.48253571694744  0.7298230880043667 206.48253571694744 pid1d7d
126.58680378062886  0.8927312968781185 206.58680378062886 pid1ea4
126.99474254976737  0.7533772620288375 206.99474254976735 pid1db4
127.37425465311154  0.8905532236261289 207.37425465311154 pid1ec1
127.62796675536534  0.9908150661024259 207.62796675536532 pid1dc2
128.00886796547218  1.7133265321186906 208.00886796547218 pid1d80
128.69916280179297  1.5937531990000502 208.69916280179297 pid1d43
128.80851168874804  1.3826203263081904 208.80851168874804 pid1e1c
128.8947460762511  1.3216886979224687 208.8947460762511 pid1df7
129.59539591531976  0.8077329649428644 209.59539591531976 pid1dba
130.68581511830996  1.8036728507073594 210.68581511830996 pid1ea7
130.8346336934041  0.8121880191250351 210.8346336934041 pid1e4d
131.27420499236788  1.7258840552073913 211.27420499236788 pid1d95
131.8148057766716  1.53678231019097 211.8148057766716 pid1ed8
132.1306395115134  0.582544530708992 212.1306395115134 pid1dcf
132.67939659627888  0.9042656265231135 212.67939659627888 pid1db6
132.78848767036953  1.2915240458190687 212.78848767036953 pid1d5b
133.41579232671936  1.632982336461979 213.41579232671936 pid1d78
133.79816886158676  1.8238041052623821 213.79816886158676 pid1e98
134.6740632147598  1.2678747167614688 214.6740632147598 pid1e99
135.15199993149977  1.0682472160035605 215.15199993149977 pid1e36
135.17730224493462  1.121911930192285 215.17730224493462 pid1ec2
135.27213043532245  1.2337288919928497 215.27213043532245 pid1df1
135.67113448210534  1.1146808732566034 215.67113448210534 pid1df3
135.70440032118972  1.1903296886957326 215.70440032118972 pid1d21
136.0228166473905  0.7133555441463992 216.0228166473905 pid1d4a
136.23236051306108  0.946050191490343 216.23236051306108 pid1da6
136.3644122354559  1.5583850766350378 216.3644122354559 pid1eac
136.47185013441197  1.6314902976331849 216.47185013441197 pid1eb0
136.795182505706  1.1723163860179167 216.795182505706 pid1d75
136.94922413622902  1.3928034777589349 216.94922413622902 pid1db1
136.9834002625101  1.9767301597437603 216.9834002625101 pid1e0f
137.24702989682984  1.8213326717229288 217.24702989682984 pid1df9
137.58137586169013  1.6574338651544793 217.58137586169013 pid1e61
137.8755754177349  1.2309770732691399 217.8755754177349 pid1e6a
138.01391107005256  1.1808690794706247 218.01391107005256 pid1e50
138.2408029627736  1.4671094073412343 218.2408029627736 pid1d51
138.5110475593902  1.5251374893380067 218.5110475593902 pid1dab
139.95780411552917  0.9835367526238477 219.95780411552917 pid1d5d
140.20552501169794  0.6963947707034457 220.20552501169794 pid1e0b
140.30625172789166  1.9486526206235912 220.30625172789166 pid1d1f
140.8860325331409  1.2644112053998442 220.8860325331409 pid1e2f
141.099319765783  0.7070896325444076 221.099319765783 pid1d82
142.207457229971  1.0065800239424896 222.207457229971 pid1ed0
142.2988887575546  1.908631999641782 222.2988887575546 pid1e69
143.53134480363713  1.6339068563757073 223.53134480363713 pid1e2b
143.56494187638208  1.2986677152109802 223.56494187638208 pid1dbd
143.64016513497566  1.5946820088973228 223.64016513497566 pid1d7a
143.94076332156973  1.1697456881400998 223.94076332156973 pid1e4c
144.12617703296107  0.9182460427481024 224.12617703296107 pid1dc4
144.83626308359774  0.8211475729921875 224.83626308359774 pid1e76
145.55876317889965  1.4886311977891327 225.55876317889965 pid1dfa
145.60267692394206  1.606320528651303 225.60267692394206 pid1e86
145.93021690588546  1.9963454018337332 225.93021690588546 pid1d31
146.76951427201567  0.6784235045433191 226.76951427201567 pid1d71
146.80717684799052  1.7546647760077503 226.80717684799052 pid1e10
146.90034184289692  1.7511583990326425 226.90034184289692 pid1d1d
148.5393148423154  1.7383337001003578 228.5393148423154 pid1e11
149.23999959007202  1.9075948536775313 229.23999959007202 pid1eda
149.5134623400507  1.361529834113541 229.5134623400507 pid1e93
