7.891242814434629  1.8783483950278848 87.89124281443463 pid970
10.462538203910615  1.5149270057155921 90.46253820391061 pid97d
19.249461708696963  1.6641033839950865 99.24946170869697 pid981
22.34743408423897  1.6017619617942285 102.34743408423897 pid97f
22.814884897960102  0.5315911097207398 102.8148848979601 pid96b
30.900564181174406  0.9731648664391184 110.9005641811744 pid961
37.69970430728273  1.7441137428475262 117.69970430728273 pid978
38.61506735993452  0.5359037216403135 118.61506735993453 pid982
41.96200091866065  0.5085682111976456 121.96200091866065 pid968
44.311420180223735  1.8134448431798798 124.31142018022373 pid976
46.770302336001066  1.6821386244718635 126.77030233600107 pid96e
49.75651912159077  1.4882617936926676 129.75651912159077 pid965
52.51646792641223  1.2906880786468267 132.51646792641225 pid98f
53.15675634476873  0.9280539708614548 133.15675634476872 pid971
55.72416746509524  1.3022972811656088 135.72416746509523 pid97a
58.5352027675946  1.862709715553203 138.5352027675946 pid980
60.64672392628426  0.5126064854155188 140.64672392628427 pid984
63.75018683195791  1.2807680810553397 143.7501868319579 pid985
66.11470767900836  0.925269429076004 146.11470767900835 pid98e
66.7657383317945  1.3858077841305054 146.7657383317945 pid98a
70.02048894712222  1.1767564652053042 150.0204889471222 pid96a
70.31698080821046  0.7695427044769005 150.31698080821047 pid98b
70.8505159943543  0.589115616660024 150.85051599435428 pid96c
71.9092667324973  1.4081846312018007 151.90926673249731 pid98d
73.90351701493964  1.6809983894274478 153.90351701493964 pid975
75.80347737501819  1.5539540642004923 155.8034773750182 pid989
75.94068968196433  0.8914250861019406 155.94068968196433 pid990
80.12918763234104  1.9976971154967287 160.12918763234103 pid966
84.91745708902235  0.975650765063235 164.91745708902235 pid972
85.88777148372483  0.6476906487864995 165.88777148372483 pid977
86.64955688051877  1.903586105121431 166.6495568805188 pid974
88.4859808981949  1.6761567199630458 168.4859808981949 pid967
95.11440473441723  1.605277035518533 175.11440473441723 pid983
95.47335494228095  1.1775814947918253 175.47335494228093 pid969
106.16263336267637  1.9144113316110474 186.1626333626764 pid97c
106.39798315685789  0.7479723555925535 186.3979831568579 pid97e
111.87497057857848  1.659428442220924 191.87497057857848 pid986
112.04961149044142  0.5851061634347182 192.0496114904414 pid960
112.08679695177078  1.8407137839871495 192.0867969517708 pid964
115.38149531695387  1.3116017134253695 195.38149531695387 pid96f
122.56930146901429  1.6710732099566292 202.5693014690143 pid97b
123.36252486654097  1.7504666072707171 203.36252486654098 pid973
124.78349489538289  1.215376799085577 204.7834948953829 pid979
126.43688530350472  1.5994188925829116 206.4368853035047 pid96d
126.60633547355367  1.8480679671614155 206.60633547355366 pid962
131.88402620781753  1.3364120567374744 211.88402620781753 pid98c
142.86043891168953  1.690833694342274 222.86043891168953 pid991
143.99778806516912  1.5061812927792109 223.99778806516912 pid963
146.07670511597922  0.9874900922324346 226.07670511597922 pid987
146.07874117337832  1.650476598264905 226.07874117337832 pid988
