1.360724209045816  1.7379797192543758 4.836683647554567 pidb6f
1.7199443163538386  0.9330290301662483 3.586002376686335 pidb0b
4.027237678191575  0.6187400279844113 5.2647177341603975 pidb65
4.727764375294063  1.1029961387871765 6.933756652868416 pidb1e
5.729522615106363  2.466265865776264 10.662054346658891 pidb6d
5.884421859133793  0.4444248214049488 6.77327150194369 pidb33
7.028875931419387  0.9367464037132562 8.9023687388459 pidb2b
7.640714946537363  2.22694892847439 12.094612803486143 pidb76
7.736799020661833  0.7511205971374805 9.239040214936793 pidb80
8.135844060294817  2.291877657631389 12.719599375557594 pidb43
9.257950628702128  2.899340697048865 15.056632022799857 pidb46
9.470264950691409  2.5516644063812466 14.573593763453902 pidb23
9.612376043031102  2.2445259025510826 14.101427848133266 pidb28
9.793940876517892  2.5088359281276524 14.811612732773197 pidb38
11.135010309813643  0.5695047727106834 12.274019855235009 pidb42
11.765101472392237  0.4735801858396469 12.71226184407153 pidb0d
12.763833520355906  1.6296270573756013 16.02308763510711 pidb26
13.1653507499371  1.580047126039846 16.325445002016792 pidafd
13.67133354767457  1.0180861516879056 15.707505851050382 pidb5c
16.796416686046612  2.625092608620856 22.046601903288323 pidb0f
16.82062251027927  1.9743762418785278 20.769374994036326 pidb22
18.920588317617792  0.8492161295719958 20.619020576761784 pidb03
20.172081019228337  1.9519673248823648 24.076015668993065 pidb0c
20.898453029996034  2.1263040133307625 25.15106105665756 pidb4c
21.07000012894561  2.307330939034389 25.684662007014385 pidb7a
23.2166876973221  2.609824402950402 28.436336503222904 pidb2f
24.172373773945477  2.8028753543569183 29.778124482659315 pidb12
24.37013758491744  2.62025671229387 29.61065100950518 pidb35
24.594145183617233  0.8131511260224611 26.220447435662155 pidb2e
24.6944794312422  2.095378546254613 28.885236523751427 pidb53
25.510972272581924  1.0339300924015813 27.578832457385086 pidb3e
25.845537995050616  2.635776022858369 31.117090040767355 pidb63
26.684204616718322  2.713100746283969 32.11040610928626 pidb5f
27.675853621746594  1.9233576706868698 31.522568963120335 pidb10
28.127437839256565  2.857836004361085 33.84310984797874 pidb1d
28.68861936683662  1.8666530218267634 32.42192541049015 pidb39
28.978446175482876  2.5433567747627666 34.06515972500841 pidb70
29.00454668775849  2.844424720042965 34.69339612784442 pidb61
29.216761081668974  2.8993275196569357 35.01541612098285 pidb2a
29.493542649498306  1.3650244283492254 32.223591506196755 pidb37
31.11086582982121  1.1557988154560692 33.42246346073335 pidb08
31.168785194353898  1.1024523291373383 33.37368985262857 pidb3b
31.963748622549836  1.384284888790301 34.73231840013044 pidb05
33.59950106406393  0.6236116581663269 34.84672438039658 pidb59
34.50576518290056  2.886215598367929 40.27819637963642 pidb7e
36.072738026376484  2.551718103250361 41.17617423287721 pidafc
36.63460714952876  1.5970483549929648 39.82870385951469 pidb2d
36.70462525913152  1.6475237995615557 39.99967285825463 pidb57
36.80984094782207  2.942411679938231 42.69466430769853 pidb54
37.47615342218333  2.9141939777785826 43.30454137774049 pidb41
38.56453399878559  0.614589611696043 39.79371322217768 pidb7f
38.60327961181665  2.064972101841634 42.73322381549992 pidb5d
38.894773684152895  2.513658374998925 43.922090434150746 pidb06
38.964704283244956  1.79025308057357 42.5452104443921 pidb1b
39.38064798366205  0.539304897557479 40.45925777877701 pidb0e
39.70725201096258  0.536628562881957 40.780509136726494 pidb3d
39.84201531181015  2.2782353678555958 44.398486047521345 pidb81
41.30019049866118  0.978962482826512 43.2581154643142 pidaf9
42.725658113879696  0.8767305234428882 44.47911916076547 pidb85
43.534971227388816  2.2394216558047124 48.01381453899824 pidb47
44.09575532698236  1.627749686068071 47.351254699118506 pidb56
44.526051659832646  2.627436188538666 49.78092403690998 pidb1a
44.93115071370576  1.5884753942470122 48.10810150219979 pidb32
45.41696441408235  2.7066395624415263 50.830243538965405 pidaf5
46.01010771049666  2.4792847277181895 50.968677165933045 pidb52
46.098144799435325  0.466938386870044 47.03202157317541 pidb5a
47.147044402420335  2.68377292942367 52.51459026126767 pidb49
50.17245552514198  2.1856929552400306 54.54384143562204 pidb79
50.56738602206239  2.569444649291122 55.70627532064463 pidb84
51.25790236648058  1.870620583610914 54.99914353370241 pidb16
51.57241051745351  1.73070048629044 55.033811490034395 pidb64
52.07564107353696  2.794580303730753 57.664801680998465 pidb04
52.47112851098645  0.5188963831016228 53.5089212771897 pidb74
52.58608949790627  2.7516999649410527 58.08948942778838 pidb82
53.000410124308125  0.7712259189227573 54.54286196215364 pidb13
53.01133787542787  2.5080662332167623 58.027470341861395 pidb36
54.09411407125133  1.3264791579275457 56.74707238710643 pidb50
54.66202668458144  0.5242834735969842 55.71059363177541 pidb1f
55.041728841463865  0.8531431596454881 56.74801516075484 pidb34
55.513721344578435  2.15735664032273 59.82843462522389 pidb17
55.5419076251418  2.195784740862413 59.93347710686663 pidb29
55.876427001401794  2.644746582278607 61.16592016595901 pidb02
57.12324934858854  2.833199568643595 62.78964848587573 pidaf0
57.29698659725278  2.2064606436434206 61.709907884539625 pidb69
59.88108200550454  1.7766985343876915 63.43447907427992 pidb4e
59.88768452790853  0.4391400062491211 60.76596454040678 pidb25
60.2002998966505  0.7902358750868754 61.78077164682425 pidb3c
60.21071818801638  1.3938677951649103 62.9984537783462 pidb3a
60.47999474688546  2.199266975197389 64.87852869728023 pidb19
61.05866813198081  1.0124828761409193 63.083633884262646 pidaf6
62.499141431211434  1.3394480807484448 65.17803759270832 pidb6a
62.571747479228044  1.0211668092076982 64.61408109764344 pidb83
62.909022458135844  1.6574393232181777 66.2239011045722 pidb21
65.61807619276313  2.920506935898841 71.45909006456081 pidb09
67.3052250180728  1.408625922015187 70.12247686210318 pidb2c
68.35519092248474  1.6187438757928287 71.5926786740704 pidb24
68.71838812800168  1.745840067451975 72.21006826290562 pidafa
68.77695086223913  0.7997115193049418 70.37637390084902 pidaf3
69.14796526098567  0.9311783508990452 71.01032196278376 pidb01
69.50698276038538  2.50950708961912 74.52599693962362 pidb62
70.75416420196004  1.0754346325302646 72.90503346702057 pidb3f
72.6177311663044  2.4282262584015166 77.47418368310743 pidb20
72.7174953787728  0.4752397800998259 73.66797493897245 pidafe
72.72506518443788  0.8484753371329501 74.42201585870379 pidb15
73.14674653134178  0.7794250424102929 74.70559661616237 pidb77
73.71839768120951  1.4548392640194163 76.62807620924835 pidb6c
73.72286662710525  2.182822632946095 78.08851189299743 pidb60
74.00547958866504  1.6389897184433067 77.28345902555165 pidb6e
74.25101663992987  2.1587850133643043 78.56858666665848 pidb44
76.70324543236026  2.0428014081992387 80.78884824875874 pidb18
77.37459103604031  1.1241178041341375 79.62282664430859 pidb72
77.42342072820438  0.6137348666338364 78.65089046147204 pidb48
78.36378162665838  2.4941419677860193 83.35206556223042 pidb40
79.24668017512421  2.808210352979137 84.86310088108249 pidb4a
79.26576670010151  0.673776782399526 80.61332026490057 pidb7b
79.60363574638993  1.2441895496126585 82.09201484561524 pidb5b
79.75351972985861  1.8465040631272838 83.44652785611318 pidb7d
79.79857810323469  2.4546618110929224 84.70790172542053 pidaf8
80.15021213187099  1.6823486878655802 83.51490950760214 pidb30
80.17850554755067  1.1776496815001938 82.53380491055105 pidb00
80.52856319191147  1.549544927761409 83.6276530474343 pidb6b
80.91809196956129  1.4734867492137722 83.86506546798883 pidaf2
81.69742433276436  1.9541555929108494 85.60573551858606 pidaf1
81.82452960168598  0.7689384877925785 83.36240657727114 pidb75
82.03047986427337  0.5257289169901418 83.08193769825365 pidb27
82.55978906949045  1.9900762725531593 86.53994161459677 pidb31
83.1468874475262  2.1634347827244262 87.47375701297506 pidb71
83.50879750651656  1.7410876600629175 86.99097282664239 pidb0a
84.11688165368673  1.9515039841611719 88.01988962200907 pidb4f
84.31860830498066  0.44458700185728844 85.20778230869523 pidb1c
86.15475229400579  0.8799101838189615 87.91457266164372 pidb5e
86.80719994579374  2.2405472396993025 91.28829442519235 pidb55
86.88646899195007  1.5971955583943989 90.08086010873886 pidaff
87.92776679269721  2.3439194976501354 92.61560578799748 pidb73
88.12716812184085  1.353371988159184 90.83391209815922 pidb66
88.95844830833377  1.6553663154214333 92.26918093917664 pidb67
89.36764268048158  0.4378873333731044 90.24341734722779 pidb78
89.45019734469251  0.4007435557120071 90.25168445611652 pidaf7
90.1677077965348  1.4549232197048472 93.07755423594449 pidb4d
91.196884236175  1.02849883965282 93.25388191548063 pidb58
91.4736089147098  0.5847955603989937 92.64320003550779 pidb4b
91.63176659481607  1.8248096673782843 95.28138592957264 pidb68
93.13282173390685  2.057104389663785 97.24703051323442 pidafb
93.9196547136937  2.7725684185041946 99.46479155070209 pidb11
94.03607310315255  1.6771944486008894 97.39046200035432 pidb51
95.68600561083665  0.9066096212409973 97.49922485331864 pidb45
95.74072873230118  2.447145766229463 100.6350202647601 pidb07
96.71769911921587  1.5874543377167911 99.89260779464945 pidb7c
97.5091257562546  1.9533101971313762 101.41574615051735 pidaf4
99.34125900989997  1.2701466202676215 101.88155225043522 pidb14
