0.9398836435272062  1.1485864303662818 80.93988364352721 pid11fd
1.0251703959189618  1.6345611877694497 81.02517039591896 pid124e
5.706295350486262  1.7190709721602044 85.70629535048626 pid1200
5.819858451023752  0.9781569413941588 85.81985845102375 pid1214
6.289620799838152  1.9711397227967933 86.28962079983815 pid1272
8.535004977598092  0.7365268328139241 88.53500497759809 pid1267
10.00510610564705  0.9603730681526697 90.00510610564704 pid120f
10.138326678305093  1.828122559060327 90.13832667830509 pid127d
10.571208728114717  0.5029754973478355 90.57120872811471 pid126e
10.983235671715102  0.8084746719646959 90.98323567171511 pid11fa
11.699057721101536  0.8531947079316925 91.69905772110154 pid1278
12.481969826353723  1.4988958472363012 92.48196982635372 pid1231
12.565637654301609  1.9849034143865554 92.56563765430161 pid1269
12.873874752659958  1.701940945280986 92.87387475265996 pid122e
15.560342846424636  1.6570206345543215 95.56034284642463 pid126c
15.80295666348775  0.7397846241851622 95.80295666348775 pid1273
16.446083425091444  0.9960035783271173 96.44608342509144 pid1262
17.734817328559306  0.6862246542976924 97.7348173285593 pid120e
17.924890375454133  1.1035834948118355 97.92489037545414 pid1221
19.356641558489958  1.4096208064466942 99.35664155848995 pid1252
20.8949667273874  1.6449807988364205 100.8949667273874 pid120c
21.19185589849037  1.2805278533764035 101.19185589849037 pid1263
22.735341324166527  1.4231940836577335 102.73534132416653 pid1279
25.61014366381827  1.8516695143220394 105.61014366381826 pid1217
26.62480220655108  0.6982950793108313 106.62480220655108 pid1206
28.68530028224579  0.9546697439882892 108.68530028224579 pid11fb
29.084376623751222  1.5000149984040618 109.08437662375123 pid1215
29.35386391842042  1.0345788535295506 109.35386391842042 pid1242
31.55629903730743  0.825123289739285 111.55629903730743 pid11fe
32.02732759921902  0.8452460058259963 112.02732759921902 pid1208
33.162305068451374  1.200959530584472 113.16230506845137 pid1289
33.87572953047961  0.8936843777550856 113.87572953047962 pid1258
36.52407221097077  1.590414715820256 116.52407221097077 pid122b
36.53955721009806  0.5014906287196439 116.53955721009805 pid123d
36.54550671651257  0.788127703834339 116.54550671651256 pid1233
36.80123292423503  1.314088937619513 116.80123292423502 pid1240
37.55605468504078  1.0252247368981755 117.55605468504078 pid1250
38.67659601415076  0.522461888434547 118.67659601415076 pid1211
38.68930209094897  1.600862430433023 118.68930209094897 pid1288
38.82299065899339  1.4425087443744302 118.82299065899339 pid1203
39.35909904832403  1.3276256182224762 119.35909904832403 pid1283
40.23265336103029  1.3358379852527542 120.23265336103029 pid1204
43.709954809062204  1.6239711629283557 123.7099548090622 pid1202
44.364946215840654  0.6134777376218883 124.36494621584066 pid1259
44.52734679549762  1.2384458262222044 124.52734679549762 pid123b
46.00231390552445  1.6192771664366086 126.00231390552446 pid1246
49.33788814678536  0.9319024421398414 129.33788814678536 pid1266
51.67091893091526  1.228809014631588 131.67091893091526 pid1245
52.64325129438935  0.6124127054391587 132.64325129438936 pid1284
52.89837687568042  0.7709610126440167 132.8983768756804 pid1241
53.00803767314926  1.6499870171220334 133.00803767314926 pid126b
53.43751745736326  0.6763482797017699 133.43751745736327 pid123a
53.78359872860995  0.8780072972155005 133.78359872860995 pid121f
55.991996206091706  1.37344885068342 135.9919962060917 pid121d
57.09908623983669  1.2134915834520725 137.09908623983668 pid1216
57.6420366975013  0.8174628044151179 137.64203669750128 pid1205
58.28637000220664  0.8015757850386949 138.28637000220664 pid1229
59.540870067458165  0.8559147954336157 139.54087006745817 pid128b
61.66872259152312  1.025926484841952 141.66872259152314 pid1212
62.06081203824559  1.9314467849890549 142.0608120382456 pid11fc
63.174390907663835  1.5623021763323346 143.17439090766385 pid127e
63.47269300518862  1.0801628692231833 143.4726930051886 pid120d
63.58239920508931  0.7676903676348483 143.5823992050893 pid1253
64.68882921910652  1.07550950409965 144.68882921910654 pid1261
66.04273940681308  1.5615025192388963 146.0427394068131 pid126a
66.43085519834227  0.7025616102211374 146.43085519834227 pid1251
67.70751957373402  1.5999150061779082 147.70751957373403 pid127b
68.78089096069749  1.32445418871667 148.7808909606975 pid1271
69.4780448766049  0.9478518017222441 149.47804487660488 pid1239
69.88955798840944  0.5449420819895354 149.88955798840942 pid128a
70.60380354184565  1.7180517404092677 150.60380354184565 pid120a
71.96128745068818  1.065691604444769 151.9612874506882 pid1281
72.76544189985168  0.7699409841739179 152.76544189985168 pid1280
73.7720187003383  1.1512642186082 153.7720187003383 pid1213
74.0178920189537  1.084624965845612 154.01789201895372 pid1276
75.18124699628117  1.1024518193996715 155.18124699628117 pid1218
77.74507261847874  1.7393002078449133 157.74507261847873 pid127f
79.75979030472432  0.7103961174180475 159.75979030472433 pid1219
80.01351567262596  0.938938719154813 160.01351567262594 pid125a
81.36421364562733  1.0013107320331813 161.36421364562733 pid1268
83.13074211434952  1.1932966970314154 163.13074211434952 pid125f
83.30615394331194  0.7395897561811862 163.30615394331193 pid1282
84.42702489126945  1.7307623612245207 164.42702489126947 pid123e
85.98812146748115  0.621346785592737 165.98812146748116 pid1243
86.80218097600756  1.6719952179039677 166.80218097600755 pid1209
89.07364180881817  0.7675504909788431 169.07364180881817 pid1255
89.36406124621071  0.6272772050317552 169.36406124621072 pid125b
89.87639433488398  0.8729828921614587 169.87639433488397 pid1249
90.74626413952745  1.0093809380693437 170.74626413952745 pid1201
91.04714962287012  1.8028446413702914 171.0471496228701 pid127c
91.18411119877786  0.8706469323304689 171.18411119877786 pid1248
91.76071950798404  1.113858013416173 171.76071950798405 pid1265
92.03158554532013  1.3058672918350938 172.03158554532013 pid1232
93.41313584378732  1.7210162567281535 173.4131358437873 pid121e
93.87448348051099  1.353239248647193 173.874483480511 pid126f
94.25466100006892  0.5311314741918789 174.25466100006892 pid1222
96.65463935343959  1.8787227003644456 176.6546393534396 pid121c
98.820792271553  1.0271412946231282 178.820792271553 pid122d
98.84152176523871  1.916322802988854 178.84152176523872 pid1264
101.98207381982371  0.8428107075623197 181.9820738198237 pid1270
103.75771786960932  1.0283595244537485 183.75771786960934 pid124d
104.08088075522579  1.5732900032002255 184.0808807552258 pid120b
106.94667228095217  0.7590162423284379 186.94667228095216 pid1238
107.14551259109278  0.7230907821724125 187.14551259109277 pid1274
108.25146177428755  0.8558450029527535 188.25146177428755 pid1277
108.37873424744507  1.7367312481189168 188.37873424744507 pid125e
109.77378703810396  0.5777739023867986 189.77378703810396 pid1286
110.4702599433136  0.6891605385924418 190.47025994331358 pid11f8
110.85525189300256  0.7217348129078991 190.85525189300256 pid1260
110.90095010038839  1.897719454631087 190.9009501003884 pid1236
111.53888825247512  1.9822992826460495 191.53888825247512 pid1287
111.96475842218506  1.5161106870000935 191.96475842218507 pid11ff
111.97734041880567  1.4748863618804586 191.97734041880568 pid127a
115.27674734282131  1.5157690877404015 195.2767473428213 pid1237
119.19464776752875  1.1000362238504295 199.19464776752875 pid1225
120.13279872172826  1.702460894377448 200.13279872172825 pid1285
122.18204357490674  0.7045989941152626 202.18204357490674 pid1257
122.40361321938481  0.5105187739304455 202.4036132193848 pid126d
122.83083512881323  1.646421589219573 202.83083512881325 pid123f
123.82010190982925  1.6907816268792775 203.82010190982925 pid124c
125.86372131248658  1.476538909580504 205.86372131248658 pid122f
125.87652923128122  1.4164892250557086 205.8765292312812 pid124a
126.17999646198795  1.0405362354010335 206.17999646198797 pid1223
126.37119020159423  1.374759812542753 206.37119020159423 pid1234
127.02929686756278  0.9477926527031137 207.02929686756278 pid121a
127.13366347236779  0.6836382754249108 207.1336634723678 pid124b
128.38513976331294  1.2962813034237253 208.38513976331294 pid125d
129.1349066897606  0.8325700417375582 209.1349066897606 pid1247
129.1990986195394  0.6689333836739431 209.1990986195394 pid1254
129.93664279672308  1.0697404603487202 209.93664279672308 pid128c
130.2036963100229  0.7704324266965761 210.2036963100229 pid1220
130.36638970836768  1.689188289062959 210.36638970836768 pid11f9
131.58084912158608  1.8463640811759225 211.58084912158608 pid122a
132.27117379808033  1.8936246593264112 212.27117379808033 pid122c
134.50795316439377  0.933568407091752 214.50795316439377 pid1275
135.7969074999142  1.5191803226588094 215.7969074999142 pid1235
136.29826311838406  1.7851736678740981 216.29826311838406 pid1210
136.79434891055996  1.506827488578612 216.79434891055996 pid123c
137.41827469720317  1.0473683060893655 217.41827469720317 pid125c
137.7534195980698  1.3512859728894553 217.7534195980698 pid1226
138.25115413981786  1.3179706231945756 218.25115413981786 pid124f
139.0308573074007  1.8463843726561566 219.0308573074007 pid1256
139.18908999678962  0.5369329373349891 219.18908999678962 pid1224
141.28727793563942  0.9044152579386531 221.28727793563942 pid121b
144.02936737109644  1.1679899444462902 224.02936737109644 pid128d
144.5504792541769  1.2735617874266316 224.5504792541769 pid1230
145.72254785050646  1.677912321706475 225.72254785050646 pid1227
146.54180205844273  1.1631055542587783 226.54180205844273 pid1244
148.3912365900947  1.6342302359727088 228.3912365900947 pid1207
149.97480759955207  1.2417254193278187 229.97480759955207 pid1228
