0.021440617049267585  1.7994574261347964 80.02144061704927 pid1f73
0.06061933727062874  1.7521159070795358 80.06061933727062 pid2074
0.483876078987755  1.753490528083279 80.48387607898775 pid2088
0.8833071251680202  1.607452306859933 80.88330712516802 pid1f36
0.9033586316822051  1.0213598453375066 80.90335863168221 pid2056
1.5750678358551096  1.0058848207287978 81.57506783585511 pid1f3c
1.6628047503520538  1.0862131225080973 81.66280475035205 pid2021
2.1259743272439513  0.616130750018882 82.12597432724395 pid202b
2.3661834713156193  0.6560992039876417 82.36618347131562 pid2012
3.0805530039184847  1.0744137154561588 83.08055300391848 pid2072
3.6869752150323123  0.8363669927089976 83.6869752150323 pid1fa5
3.944032312702106  0.6221833656314557 83.9440323127021 pid1fac
4.144097808888258  0.8218880642640665 84.14409780888826 pid1fc5
4.818793574045283  1.2896548932997511 84.81879357404529 pid1edd
5.022489595859097  1.0894139506037375 85.0224895958591 pid1f59
5.112472445626004  1.2358842242003698 85.112472445626 pid1f76
6.05457766950539  1.5505917011840034 86.05457766950539 pid208a
6.217928425214553  0.8458583424306012 86.21792842521455 pid1fce
6.571347313666159  0.8397107908844982 86.57134731366617 pid202d
6.931945711274934  1.1196875098671553 86.93194571127493 pid1f07
8.022124126653468  0.8698188795077288 88.02212412665347 pid1fed
8.029824013817272  1.8036306084969365 88.02982401381728 pid1edf
8.814382249463486  0.935651560267764 88.81438224946349 pid1f38
9.198716383065392  1.172903175539582 89.19871638306539 pid201d
9.322747584702029  1.2878719775619882 89.32274758470203 pid2048
9.54320656895266  1.488259611732004 89.54320656895266 pid2057
9.647635226599089  1.421653022448057 89.64763522659909 pid1fde
9.739593865128343  0.7065977105473381 89.73959386512834 pid1f4f
9.885673204091216  1.473748233414845 89.88567320409122 pid1f32
10.417451542788426  1.7335200649598737 90.41745154278843 pid1f80
11.190581902867475  1.0899510296876427 91.19058190286748 pid1fec
11.27996999182871  0.8954881888711977 91.27996999182871 pid2037
11.30551476527013  0.7537323944190755 91.30551476527013 pid1fe9
12.104363982096139  1.3955328052236573 92.10436398209615 pid1fe0
12.121206176946869  1.649419294655734 92.12120617694687 pid2034
13.344565599718482  0.5018306108051142 93.34456559971848 pid1fa8
13.802940235069244  1.1790470510536353 93.80294023506924 pid1f14
14.09737284700643  1.2278152455768503 94.09737284700643 pid1f8d
14.683027398657778  1.5240738707758672 94.68302739865777 pid208b
14.88855259611821  0.8580094679452579 94.88855259611822 pid2079
15.063575704681936  0.6490432710480489 95.06357570468194 pid204e
15.28915521064283  1.2274344967156008 95.28915521064283 pid204b
15.664444071491529  1.6390378509642352 95.66444407149153 pid1f89
15.953714553054487  0.5175356948613832 95.95371455305448 pid1f37
16.255550405034626  1.2699464819464588 96.25555040503463 pid2073
16.546807198557794  1.1529616390265427 96.54680719855779 pid206f
17.142679531178633  0.7778243197978174 97.14267953117863 pid2025
17.910795615019193  0.7704805662088092 97.9107956150192 pid1f48
18.27597126844602  1.7814140975476516 98.27597126844603 pid202e
18.62639392410617  1.6381750870141913 98.62639392410617 pid1ff7
18.870019790287813  1.3461809813995698 98.87001979028781 pid204a
19.629711865581328  0.8870134724142547 99.62971186558133 pid1f0c
19.915086436471153  1.731726252749279 99.91508643647116 pid2067
20.16342794648656  1.334151978260628 100.16342794648656 pid1f10
20.971241482201762  1.2906275007203458 100.97124148220176 pid1ef2
21.022435268069216  1.7619035338933293 101.02243526806922 pid1f35
21.09610799675412  1.7821277080976152 101.09610799675411 pid1f8c
21.268361569724835  1.4013544765377943 101.26836156972483 pid1f97
21.305585306798232  1.5609721200363955 101.30558530679824 pid1f6a
21.44027609630467  1.5550357207880565 101.44027609630467 pid1fc1
21.455692477730125  1.1929722921764592 101.45569247773012 pid2001
21.488845482724518  1.9273213128606486 101.48884548272451 pid2059
21.695404726335255  0.6737543785359814 101.69540472633525 pid1fca
21.73601249119807  1.7328460900838498 101.73601249119807 pid1f2d
22.571515476504267  0.5952093634410709 102.57151547650426 pid2035
24.574394816768113  1.0318370078558687 104.57439481676812 pid1f33
25.268403727525428  0.7552705646072293 105.26840372752542 pid205d
25.554532300344846  1.989825060050886 105.55453230034485 pid1fdb
25.621820029845978  1.5405989271725553 105.62182002984598 pid1f13
25.68375141877479  1.54936513156707 105.68375141877479 pid1f26
25.732838006206972  1.79855559618296 105.73283800620698 pid1f24
25.863348247468497  1.5985477245073887 105.8633482474685 pid201f
25.91577449461705  1.3789026013355088 105.91577449461705 pid1fb3
26.1351036307093  1.8547280410084594 106.1351036307093 pid1f27
26.420419742563727  0.6946127613235957 106.42041974256372 pid1f88
26.84921441352367  1.551404859108412 106.84921441352367 pid1ef9
27.3266768369239  1.535216996805663 107.3266768369239 pid1ffb
27.50415342134957  1.3360027548954647 107.50415342134957 pid1fc6
28.2892474853147  1.3203749769745408 108.2892474853147 pid1ef3
28.291116330841433  0.8185276887077598 108.29111633084143 pid1efe
28.524930831893812  0.6478215993067458 108.52493083189381 pid2027
29.380167695131842  1.8459634397165459 109.38016769513185 pid1f92
29.493508578503263  1.1788188711290335 109.49350857850327 pid1f93
30.119079099117062  0.6953668100903888 110.11907909911706 pid1f4c
30.582458717193123  1.2954383686909376 110.58245871719312 pid1fbb
30.63656673007816  1.9187724563707034 110.63656673007816 pid2058
30.723889202183486  1.1671786775591235 110.72388920218349 pid1fab
30.881484129616716  1.2743881378682471 110.88148412961672 pid2002
30.997179772434485  1.3284957964548243 110.99717977243449 pid2063
31.03687988584825  0.7951677803246715 111.03687988584825 pid1f86
31.75028960274913  1.002819835944075 111.75028960274913 pid1f94
31.92803997223972  0.6827030476530387 111.92803997223972 pid2053
32.364397777010005  1.837524184796494 112.36439777701 pid1edc
32.916173007588434  1.4733959108672654 112.91617300758844 pid205b
33.234651708011555  1.0668669235917854 113.23465170801155 pid2011
33.36867372898709  1.0317396446022515 113.36867372898709 pid1f61
33.81952675412423  0.9409712910970562 113.81952675412424 pid206b
33.94844461322225  0.5265486508981883 113.94844461322225 pid1f82
34.14704415724158  0.923875347121036 114.14704415724158 pid1f5e
34.39002357731193  1.3432647478096875 114.39002357731192 pid2030
34.99109682726784  0.6444007882487757 114.99109682726784 pid1f11
35.583713563842245  1.0534431634790022 115.58371356384225 pid1f69
35.85484430645872  1.6828376758282515 115.85484430645872 pid208f
35.8864198583323  1.0108530889356517 115.8864198583323 pid1f4b
36.12031452538709  0.7743312638658659 116.12031452538709 pid1fd2
36.2003825857536  1.992237023170255 116.2003825857536 pid1ede
36.36226593570986  1.7563558670176573 116.36226593570986 pid1f9e
36.41410417191444  1.8780576759063268 116.41410417191443 pid1f6e
37.10924633252257  1.0498823154913763 117.10924633252256 pid1f9b
37.27024940050196  1.1502197807301782 117.27024940050197 pid1f3a
37.35523211314617  1.9792813159770477 117.35523211314617 pid2084
37.85176332798189  0.9701501804667804 117.8517633279819 pid1f58
37.882083823963725  0.6027355474794549 117.88208382396373 pid2086
38.3010002460213  1.793998608380806 118.3010002460213 pid1ee0
38.48434208700566  0.8478937679277065 118.48434208700566 pid1fe1
39.10917362202792  0.6423787651374177 119.10917362202792 pid2036
39.155094495449966  0.6712895408349837 119.15509449544996 pid1fe3
39.37944612861064  0.9363765229415562 119.37944612861064 pid1fc7
39.869290037306506  1.6666411855434693 119.86929003730651 pid2023
39.94867066602518  0.8232115397720761 119.94867066602518 pid1f39
40.976731932459614  1.5501463619295968 120.97673193245961 pid2017
42.24529775426514  0.7056447257216558 122.24529775426514 pid1f29
42.32172592759035  1.971708872029652 122.32172592759035 pid1fbd
43.179332386370575  1.6233826523989519 123.17933238637058 pid206d
43.4357728195909  1.064895942046354 123.43577281959091 pid207d
43.54732827919301  0.5836244619545414 123.54732827919301 pid1ffe
43.56883802956513  1.5313915861322653 123.56883802956513 pid1f1e
44.46813426623898  1.5965906711115463 124.46813426623898 pid1f0b
44.5248219849399  1.3928364473966264 124.5248219849399 pid1fb4
44.8482322030838  0.9975176067619318 124.8482322030838 pid204f
45.0699435331941  0.7472094211307989 125.0699435331941 pid1ef8
45.39324438030333  1.0575206234845254 125.39324438030333 pid2055
45.60344128486388  1.2546907043432174 125.60344128486388 pid1f25
45.71882587828226  0.7257425151413426 125.71882587828226 pid2062
45.92766504292246  1.9063259575471896 125.92766504292246 pid2081
45.94114674129969  1.4149109490476492 125.94114674129969 pid208e
46.166068254624854  1.3088300197982492 126.16606825462486 pid1fea
46.45905158253637  1.293136583680635 126.45905158253638 pid1fb7
47.052967578937995  0.9460600412317237 127.052967578938 pid1f3d
47.448561500357364  0.8307676611412737 127.44856150035736 pid2038
47.894790964151426  1.8708780887094403 127.89479096415143 pid1ee9
48.008633667503  1.1171223928412477 128.008633667503 pid1f52
48.34874044566838  0.7891268084269394 128.3487404456684 pid1f0a
48.70095400946875  1.8968802699642358 128.70095400946875 pid2031
48.79186165180878  1.5363521927509851 128.79186165180877 pid2024
48.8708629899644  1.552852119137669 128.8708629899644 pid1f4d
48.90149428197994  1.0567119520391492 128.90149428197995 pid1fbc
49.803353083006066  1.160815221821059 129.80335308300607 pid2045
50.044363499526476  1.2228900431423662 130.04436349952647 pid1fe5
51.167073163463826  1.4067287775230515 131.16707316346384 pid1f84
51.27585298565171  0.7558693102942482 131.2758529856517 pid1f56
51.622636239119096  1.8163324880659137 131.6226362391191 pid1f87
52.24030746946327  1.4188357728489946 132.24030746946326 pid203f
52.32718955635438  0.8023613053774376 132.32718955635437 pid1f44
52.46374021397317  0.8987253810870438 132.46374021397315 pid1fb8
53.16613363131369  1.6379838058289984 133.1661336313137 pid1f83
53.42901575400382  1.7939210963721277 133.4290157540038 pid1f2a
53.63685942288426  0.7342905739897496 133.63685942288424 pid2044
54.28048578369422  0.7500726512357054 134.28048578369422 pid1fba
54.764806029596194  1.4148733859652713 134.7648060295962 pid1f0f
55.00152898813512  1.0250278900295555 135.00152898813514 pid2032
55.68014002719448  0.6825979481767281 135.68014002719448 pid1f9c
55.7731102972536  1.508919335282287 135.7731102972536 pid2071
55.77696591769345  0.6898934002199171 135.77696591769345 pid2095
56.26896561322893  1.1375514417745625 136.26896561322894 pid1fb1
56.500952538545214  0.75023991574077 136.50095253854522 pid1eeb
57.262073702932625  1.5259273626668635 137.26207370293264 pid1f68
57.463590019527125  1.7099978924438481 137.46359001952712 pid1f21
58.11471206482576  0.8582821032701947 138.11471206482577 pid1ffd
58.11480889158677  0.5645465873813825 138.11480889158676 pid1f81
58.751750369266055  1.3004535239810895 138.75175036926606 pid2018
58.82693559596339  1.4523164606385301 138.8269355959634 pid1ee1
59.02083551430973  1.8077081823523666 139.02083551430974 pid203d
59.63704436953675  0.8310657865303546 139.63704436953674 pid1f60
60.017395443844265  0.5741785458502775 140.01739544384426 pid1ff3
60.20742914519266  0.761154291348114 140.20742914519266 pid2065
60.21753775231895  1.443685040899969 140.21753775231895 pid1f95
60.492656542760884  0.9317543809663984 140.49265654276087 pid1f16
60.74946681109291  1.1088371463868452 140.7494668110929 pid1f12
60.796508369355934  1.6706726563632164 140.79650836935593 pid1fe4
60.88698292129288  1.9584571045174903 140.88698292129288 pid1f57
61.640958100561875  0.6306078921840397 141.64095810056187 pid1f51
61.9106065566661  0.9414779635762213 141.9106065566661 pid2090
62.73967302241198  1.772277656810747 142.73967302241198 pid1f72
62.94662050922689  1.1015464834632187 142.94662050922688 pid1f67
63.36795401235794  0.7075796230743693 143.36795401235793 pid1f70
63.45797172587673  1.7271481479377067 143.45797172587675 pid2051
63.624205448602225  1.4262306929379487 143.62420544860223 pid2096
63.69549069011174  1.2100798663565513 143.69549069011174 pid200a
63.84513308895484  0.6365130559236865 143.84513308895484 pid1fc9
63.96512104106332  1.2950990781261111 143.96512104106333 pid1faa
64.77476769542245  1.4796384581764908 144.77476769542244 pid1f5b
64.81319801502367  0.5435050507527819 144.81319801502366 pid207e
64.85047869508661  1.2481980839962654 144.85047869508662 pid1fc4
65.1357341165586  0.5200430053290961 145.13573411655858 pid2052
65.34817014162618  1.1945537762231904 145.34817014162618 pid1f2c
65.38969304460356  0.563260571548541 145.38969304460358 pid1efc
65.77765049464399  0.8701906627022375 145.77765049464398 pid1ee8
66.55309901697758  0.8538386338251464 146.55309901697757 pid1fda
66.73681588077505  0.765642738756714 146.73681588077505 pid1ee5
67.15842229288324  0.8176231017081874 147.15842229288324 pid2085
67.24534393454903  1.5676131890661584 147.24534393454903 pid201a
67.38678273750841  0.8533841218726871 147.3867827375084 pid205a
67.38879626255105  1.5843843398960575 147.38879626255107 pid1f40
67.58256779263506  1.3942869588179119 147.58256779263507 pid2004
67.61965555235544  1.1288956353306725 147.61965555235543 pid208d
67.7832217386526  0.6859110365466057 147.7832217386526 pid209a
68.46336524171905  0.7289180624062999 148.46336524171903 pid209b
68.71375317005156  1.1878911576858735 148.71375317005158 pid1fe8
69.23685905111302  1.0003006569319994 149.23685905111302 pid2042
69.25147833057154  0.6461729364305606 149.25147833057156 pid2015
69.38189411289981  0.7630673510314268 149.38189411289983 pid1fff
69.96641953959438  0.9770112566016586 149.96641953959437 pid1ff0
70.14992349510716  0.5698978808336109 150.14992349510715 pid2078
70.3680839264449  1.1990636823815766 150.3680839264449 pid200e
72.18614804293075  1.1502500256582995 152.18614804293077 pid1f99
72.28247467591102  1.685726768540492 152.28247467591103 pid1ee4
72.81027724068969  1.6325550708165224 152.8102772406897 pid2066
73.17802466180629  0.8554673906627573 153.1780246618063 pid1f7a
73.42506887255043  0.9060240868852758 153.4250688725504 pid1ef7
73.49766247594187  0.648755629403867 153.49766247594187 pid1f03
74.10003549474011  0.7881004821361703 154.1000354947401 pid2089
74.4930388781554  0.9954939001534918 154.4930388781554 pid1ee3
75.01618956717073  0.672227036794455 155.01618956717073 pid1f20
75.49694331602714  1.8697118537322732 155.49694331602714 pid1f47
75.68210356535407  1.414274647764401 155.68210356535405 pid2041
75.69561502339917  1.6284873971452118 155.69561502339917 pid2099
75.8263491201063  1.3061538863452689 155.8263491201063 pid1feb
76.18741086369651  1.9737609473910385 156.18741086369653 pid2007
76.30930028920507  1.68467429670953 156.30930028920505 pid2046
76.66685446159958  0.7865971599304089 156.6668544615996 pid1f90
76.78669379381297  1.8389505423646846 156.78669379381296 pid1fae
77.10039125417232  1.2408748510351049 157.10039125417234 pid200c
77.40875362238397  1.535881355382176 157.40875362238398 pid1fa2
77.57634898582845  1.3329327382966893 157.57634898582845 pid1f1a
77.88888386922713  1.744799798957259 157.88888386922713 pid1f85
78.42436941452101  1.7851719075767498 158.424369414521 pid1fdf
78.43641625862793  1.4079962719225165 158.43641625862793 pid205c
78.52731351538267  1.7877987755123512 158.52731351538267 pid2008
78.67970482708722  0.7163787632071623 158.67970482708722 pid206c
78.85471147853465  0.5055200151919595 158.85471147853465 pid1f43
79.16453079887454  0.7965541681475243 159.16453079887452 pid1f3e
79.50727074918574  0.9860160156438558 159.50727074918575 pid1ff9
80.06055692368422  0.9476990466085211 160.0605569236842 pid1f28
80.19799915224888  1.8451075885180126 160.19799915224888 pid1fee
80.21744928060369  1.5065907099167906 160.2174492806037 pid1f18
80.4671671250884  1.8610557905862601 160.4671671250884 pid204c
80.61737553468478  1.5647476302712877 160.61737553468478 pid1fa0
80.65932548991057  0.6591547769290749 160.65932548991057 pid200b
80.84012286627963  1.181728020625239 160.84012286627961 pid1ff5
80.90046678921533  1.8888467174827595 160.90046678921533 pid2091
81.13913552215655  1.635775105691823 161.13913552215655 pid2077
81.19285471678917  1.0290059967038867 161.19285471678916 pid1fb0
81.54951330051694  1.282664109301164 161.54951330051694 pid1f22
81.58064664185417  0.7266188822756537 161.58064664185417 pid1f62
81.69687159691247  0.9445836514114887 161.69687159691247 pid207a
82.97149930398892  1.3166762931382978 162.97149930398894 pid1fe7
83.55629174922717  1.7152893697053866 163.55629174922717 pid1ffa
83.68729261012021  0.9312896096094305 163.6872926101202 pid1f7c
83.90820290300802  1.1817632910973006 163.90820290300803 pid1f77
83.92816702770835  1.9479440259612892 163.92816702770835 pid203c
84.68269615954961  1.3196144581717362 164.6826961595496 pid207c
85.04772739832083  1.895436372111281 165.04772739832083 pid1f2f
85.4220808244728  0.6919463781963593 165.4220808244728 pid1fb5
85.71117357578777  1.233666196470785 165.71117357578777 pid1ffc
85.73348101726299  1.6560617669069015 165.733481017263 pid1fe6
86.84845305108426  1.9880762107016476 166.84845305108428 pid2006
87.72542826561138  1.292922789754129 167.72542826561138 pid1ef0
87.86337145196173  1.0679938396693487 167.8633714519617 pid1ff4
88.7216499880059  1.2540342674349645 168.72164998800588 pid1f02
89.08559692333569  1.9013957499258725 169.0855969233357 pid1f9d
89.13729022728812  1.4029997336227744 169.13729022728813 pid2019
89.21059381511276  0.5392245879834732 169.21059381511276 pid1f7e
89.5938152451591  0.7925885794730446 169.5938152451591 pid2069
90.15277148741096  1.624673861748953 170.15277148741097 pid1f45
90.59905444835525  0.5902355640445576 170.59905444835525 pid1fb2
91.00064321202731  0.7560336797102922 171.0006432120273 pid208c
91.13211771512618  1.1842536013812057 171.13211771512618 pid2014
91.18011538751108  1.9713862906379798 171.18011538751108 pid1f8b
91.48001651819474  1.641790675570622 171.48001651819476 pid1eef
91.49354700939082  1.0604799495134587 171.49354700939082 pid2097
91.79773117720278  1.7520954873715726 171.79773117720276 pid202a
92.41977087666129  0.8133837950172147 172.4197708766613 pid1fa6
92.53036417287485  1.882824282584779 172.53036417287484 pid1f6c
92.56877853038992  1.7680512708868448 172.56877853038992 pid1f3b
92.63804825469671  0.6078035897611421 172.6380482546967 pid1f0d
92.86343797753659  1.4084052908057427 172.8634379775366 pid1f79
93.19709463973803  1.8062791709213 173.19709463973803 pid1fc2
93.25999786979587  1.143034753951901 173.25999786979588 pid1f0e
93.2816851850061  1.7926130619612486 173.2816851850061 pid1fbf
94.23590091421384  1.017974292566163 174.23590091421386 pid2009
94.58591133842106  1.040606465588199 174.58591133842106 pid1f19
95.41050646759975  0.6852293699661584 175.41050646759976 pid1f17
95.86527918208957  1.2059255062568348 175.86527918208958 pid1ff6
96.28114226396374  1.7656738288633136 176.28114226396374 pid1f42
96.4060424656525  1.0532218852394792 176.4060424656525 pid1f00
96.56091631536603  1.737631250215587 176.56091631536603 pid2033
96.69056252128827  0.8874917567638254 176.69056252128826 pid2049
96.79186776626831  1.0181335202479596 176.7918677662683 pid1f7f
96.92650491457546  1.086351816937788 176.92650491457545 pid1fad
97.15143048058258  0.9697129793235186 177.15143048058258 pid1f5f
97.24312167360569  1.9824719023865078 177.24312167360569 pid200d
97.50467217100267  0.5574369018485509 177.50467217100265 pid2076
97.99289107750344  1.661854284457764 177.99289107750343 pid2003
98.36522645483574  1.267937546076162 178.36522645483575 pid1ef6
98.85558909325037  1.7825750732822474 178.8555890932504 pid1f5c
99.44779642256655  1.242523096633676 179.44779642256657 pid1fe2
99.62806414765602  1.5697577238451983 179.628064147656 pid1fd4
100.27347766458807  0.9232732096115213 180.27347766458809 pid1fc3
100.57449894306203  1.639914719773186 180.57449894306203 pid2026
100.72105800385317  0.7731307992572876 180.72105800385316 pid1f1f
100.7505868633083  1.9863688602671057 180.75058686330829 pid2040
100.80256955752583  1.4582848442543255 180.80256955752583 pid1eee
100.91485290230014  1.0288423980119246 180.91485290230014 pid1fd8
101.11552441639051  0.752062791023232 181.1155244163905 pid1f05
101.2009892642772  1.5061287111724395 181.2009892642772 pid1fdd
101.50709734349752  0.703485474708011 181.50709734349752 pid1f65
102.1225322210987  1.817609347036631 182.1225322210987 pid1f53
102.23430149445727  1.0280035341207343 182.23430149445727 pid205f
102.35840134731873  1.0224632184263072 182.35840134731873 pid2070
102.64952293367932  1.7989972540345336 182.64952293367932 pid1f8f
103.30385088663706  0.7524231255931126 183.30385088663706 pid1f1d
103.50744759442709  0.9665636652622813 183.5074475944271 pid1fd3
103.99055811433101  1.800421888988871 183.990558114331 pid2054
104.15096155644909  0.8904160535334091 184.1509615564491 pid1f75
104.3484900229339  1.648942589945393 184.3484900229339 pid1f71
104.51842639570602  1.6781403130336123 184.518426395706 pid200f
104.70783272227105  1.5188201382137385 184.70783272227106 pid1eea
104.96297139900396  1.1759373895065393 184.96297139900395 pid1f46
105.32076793223405  1.452943434583661 185.32076793223405 pid2050
105.33342896632011  1.6843081085362317 185.33342896632013 pid1ff8
105.66056677856488  1.97862401911622 185.66056677856488 pid1f50
105.95814001330261  1.2586959825908903 185.95814001330262 pid1f2e
106.2159642708785  1.158298351122615 186.2159642708785 pid203e
106.30201640944723  1.1897887361030806 186.30201640944722 pid2016
107.05017630477988  1.9976905293278702 187.05017630477988 pid1eff
108.16502065957845  1.3560728659426209 188.16502065957843 pid1f8a
108.24535101799219  1.5370514142196061 188.2453510179922 pid1f41
108.60950798478571  0.8487826753510188 188.6095079847857 pid1fbe
108.9448045668445  1.3880535697358742 188.94480456684448 pid2075
109.04845028883462  1.1264459738938652 189.0484502888346 pid204d
109.1861482911701  1.0430068012110343 189.1861482911701 pid209c
109.34362779906157  1.9576997613013138 189.34362779906155 pid1fd0
110.04545272917028  1.3764067866199938 190.04545272917028 pid2061
110.1317577349893  1.8233568098865498 190.13175773498932 pid2098
110.34643616152941  1.2161828865037922 190.34643616152943 pid1f6b
110.48016937036907  1.635000933821078 190.48016937036908 pid1ee7
110.48223255552558  1.8014657877896214 190.48223255552557 pid1f8e
110.61496326732849  1.8447735615052463 190.6149632673285 pid203a
110.92741214479973  1.3566015761923622 190.92741214479975 pid1ef4
111.09086351009037  0.5593882899861791 191.09086351009037 pid1ff1
111.5636216343868  1.0353608546845336 191.5636216343868 pid1fdc
112.19060450491988  1.8527384592485538 192.19060450491986 pid205e
112.40076599412599  1.6606008606407396 192.400765994126 pid2005
113.04250504507831  1.7213755961091657 193.04250504507831 pid1fc0
113.38498166374995  1.6116681147649947 193.38498166374995 pid2087
113.93854055260041  1.0737088343035524 193.93854055260041 pid2020
114.19402802805703  0.6893552821125517 194.19402802805703 pid1f04
114.32779643191904  1.669840640872309 194.32779643191904 pid2092
114.40140855483617  1.0951363502256908 194.40140855483617 pid2080
114.53597930229876  1.709076842858297 194.53597930229876 pid1f4e
114.56034219971424  1.5312385742720096 194.56034219971423 pid1fa7
114.69207201836227  1.0775796544140221 194.69207201836227 pid1fd5
114.77223969149128  1.550594154718618 194.77223969149128 pid1fef
116.42106638629875  0.7334313889326269 196.42106638629875 pid1fa9
117.22215846736412  0.8067921060698748 197.22215846736412 pid1f64
117.36423259545272  0.52987922784132 197.36423259545273 pid1f3f
118.44726415783676  1.0552521179079053 198.44726415783674 pid1f5a
118.49259252259819  1.5285180638280829 198.4925925225982 pid2022
120.09144625158014  1.8946693577519442 200.09144625158012 pid1f6d
120.57501889783056  1.6628677875953664 200.57501889783055 pid1f5d
120.69833608252316  0.8342907168135216 200.69833608252316 pid1fd6
121.03059702865423  0.5265041555497464 201.03059702865423 pid1fcf
121.34368382789705  0.6988428538256365 201.34368382789705 pid1f15
121.51178843641976  0.7644971055720173 201.51178843641975 pid209d
121.70360926076434  0.5745890083976625 201.70360926076432 pid1f09
122.1030547278314  1.3577881183258698 202.10305472783142 pid1fa4
122.53047071098777  0.9633059797532135 202.53047071098777 pid1f4a
122.87713490939144  0.8604433195629826 202.87713490939143 pid1f49
122.9939310236731  1.1299802877332659 202.9939310236731 pid207b
123.50781125259233  1.7467248106112117 203.50781125259232 pid2000
123.60027032037445  0.9240245813084185 203.60027032037445 pid1ef1
124.08703991765536  1.5711934346981837 204.08703991765537 pid1f23
124.61441389300113  1.139329126534971 204.61441389300114 pid1eec
124.89996539462065  1.4168960944783078 204.89996539462066 pid1fd7
125.4924981350385  1.3066481286485865 205.4924981350385 pid1f55
125.79720515772787  0.8877459931275056 205.7972051577279 pid1f1b
125.94643510477972  0.8309841284382875 205.9464351047797 pid1f2b
126.40558811411906  1.81745492712284 206.40558811411904 pid2083
126.64246153837844  1.9907608719659073 206.64246153837843 pid1fcd
127.8301216845152  1.861531759652157 207.8301216845152 pid1f63
128.045579662499  1.0445875086522882 208.045579662499 pid2010
128.5030178777788  1.5074774811065537 208.5030178777788 pid1fcc
129.3058336831741  0.8610614329930258 209.3058336831741 pid1ee6
130.50676933846614  1.2049089366629482 210.50676933846614 pid1f98
130.96291435311434  1.9385239450687837 210.96291435311434 pid1f91
131.15189661536843  1.5180502468333916 211.15189661536843 pid2068
131.15441967642735  0.7139077186712 211.15441967642735 pid206e
131.41165379439028  1.8215197951620103 211.41165379439028 pid2013
131.5546206782943  1.5323300929041128 211.5546206782943 pid1f06
131.65381059529145  0.5775905708402325 211.65381059529145 pid2060
131.91163477612034  1.4557213213963538 211.91163477612034 pid1f74
132.05132872525863  1.4077603959088842 212.05132872525863 pid1fb9
132.2297760387163  1.9875994396559797 212.2297760387163 pid1f31
132.3982346516145  0.5352000752685677 212.3982346516145 pid1f34
132.41049355716441  0.8565441436257013 212.41049355716441 pid1ff2
132.76329617623526  0.8718760980289288 212.76329617623526 pid2039
132.81617114366122  1.4394925847010744 212.81617114366122 pid2047
133.52906353385015  0.6476766975223469 213.52906353385015 pid1fb6
133.60435300836127  0.8288474883860069 213.60435300836127 pid207f
133.82652542211932  1.344465055124295 213.82652542211932 pid1fa3
133.88027073523708  1.1122282257539915 213.88027073523708 pid206a
134.52177081526665  1.7379208060253146 214.52177081526665 pid1f66
134.8223075614761  0.8114339094393901 214.8223075614761 pid2029
134.98369728025244  1.8240901266722087 214.98369728025244 pid1f30
135.25313389567182  1.2874691541767846 215.25313389567182 pid2093
136.13510228027204  0.6997032500146647 216.13510228027204 pid1f9a
136.19429028225707  1.5113901540592831 216.19429028225707 pid1ef5
136.55325315607558  0.9183714324405728 216.55325315607558 pid1fd9
136.60869441056892  1.9239153039879815 216.60869441056892 pid203b
136.90870450086382  0.5720168504700718 216.90870450086382 pid201c
137.03522677838103  1.2719722354485496 217.03522677838103 pid1f7b
137.28224895282244  0.821847768823778 217.28224895282244 pid1ee2
139.44207708763926  0.5327529197779864 219.44207708763926 pid1f78
139.6897667140191  1.2227245857422053 219.6897667140191 pid202c
140.20935827223337  0.9654785129313292 220.20935827223337 pid1efa
140.40783826492847  0.5779059809442932 220.40783826492847 pid1faf
140.47355351345522  1.9811437809985517 220.47355351345522 pid202f
142.88507278419183  1.0395615473433926 222.88507278419183 pid1f01
143.08913767138745  1.676653877199282 223.08913767138745 pid201b
143.4913780015164  1.5716714803270242 223.4913780015164 pid1eed
143.4998577441207  0.5691544283220888 223.4998577441207 pid2094
143.91307344346086  0.548378695746499 223.91307344346086 pid1fd1
144.21973152737718  0.7462417905897663 224.21973152737718 pid1f9f
144.44213066967296  0.6187390281347452 224.44213066967296 pid201e
145.33345741719296  1.589470152404731 225.33345741719296 pid1fc8
145.34638620647814  1.3557410165590442 225.34638620647814 pid1efd
145.37054153469956  0.649854886559114 225.37054153469956 pid1f08
145.4449382765609  1.9842624068889403 225.4449382765609 pid1f6f
145.87933520084997  1.953344189562898 225.87933520084997 pid2082
146.4844681205166  1.982452776661202 226.4844681205166 pid1fcb
146.64681080766255  0.8175104927528506 226.64681080766255 pid2064
147.00565976283232  1.9884166075236438 227.00565976283232 pid1f1c
147.22632480303494  1.9762915525813902 227.22632480303494 pid1f96
147.33904639056453  1.7261028714029565 227.33904639056453 pid1f54
148.11513578426133  1.5775329379076597 228.11513578426133 pid2043
148.15829772135996  1.310794584411839 228.15829772135996 pid1f7d
148.21871722897046  1.8121186920030077 228.21871722897046 pid2028
148.29152673636824  1.8227479397625441 228.29152673636824 pid1efb
149.59546329432234  0.7872979116868757 229.59546329432234 pid1fa1
