2.899765188891834  1.4233311035546672 5.7464273960011685 pid19e1
4.025913019320882  0.7849706346286891 5.59585428857826 pid19f2
4.829308237736074  2.5136215084543543 9.856551254644781 pid19e4
5.289922955203485  1.5153014632960016 8.320525881795488 pid19fa
5.420205461226946  0.9262586848221204 7.272722830871187 pid199d
6.333640466023816  2.8769172407128085 12.087474947449433 pid1a08
7.254235468667957  2.9089644540273953 13.072164376722748 pid19d3
8.262243594595088  1.4497485365728329 11.161740667740753 pid19a0
8.671959271646823  1.6714702706938187 12.01489981303446 pid1a1d
8.966063840236338  0.7286293749695847 10.423322590175507 pid19bf
10.23347373806952  1.6020943792677 13.43766249660492 pid199f
11.067296131901315  1.2651907672961507 13.597677666493617 pid19eb
11.644646288108406  2.2570285072897445 16.158703302687897 pid19d8
11.984230393890227  1.8149688668529897 15.614168127596207 pid19b8
12.159291913598413  2.147483759935312 16.454259433469037 pid19d2
12.61529832371978  1.683018111506403 15.981334546732587 pid199e
13.284327687771603  1.5480130656735085 16.380353819118618 pid1a09
13.582483500820597  0.6088359607369623 14.800155422294521 pid19f5
13.606473064554336  2.3926899714594314 18.3918530074732 pid1999
14.426433411388896  2.913712824875028 20.253859061138954 pid19ab
15.802708646033237  1.5354971949052962 18.87370303584383 pid19dc
16.196369478365348  1.0746688491914158 18.345707176748178 pid19ad
18.08910516788933  2.8425633304953113 23.77423182887995 pid1a12
18.172158519213745  2.1822712642381576 22.53670104769006 pid19ac
19.269286679257004  2.518283244426799 24.305853168110602 pid1a17
20.175678557804623  2.299893290445689 24.775465138696 pid1a0b
21.64821551251579  0.4270625856710226 22.502340683857835 pid19b7
22.83680632645674  1.3926769277271909 25.62216018191112 pid19aa
23.278929973705644  2.6732326655815895 28.625395304868825 pid19a6
23.482273187631186  2.754042974876065 28.990359137383315 pid19b6
23.590174828170664  1.0122476036085246 25.614670035387714 pid1a21
24.131907043039412  2.008371239530563 28.148649522100538 pid1a20
25.216696242968204  2.8021020784114965 30.8209003997912 pid19e5
25.815483170575458  1.8135372785393922 29.442557727654243 pid19a1
26.710069962494266  0.532752700596618 27.7755753636875 pid19af
27.89468763759313  0.4077645138494841 28.710216665292098 pid19ec
29.647617825645977  1.0394172253068032 31.726452276259582 pid19be
31.63221457423563  1.1930769183951486 34.018368411025925 pid1a0e
32.73166137619147  0.9924022288707336 34.716465833932936 pid1a1f
33.825170764617994  1.2892047710467494 36.40358030671149 pid19c6
34.367796658563734  0.7149017462501224 35.797600151063975 pid19fd
34.39868946788732  1.1628694939499922 36.724428455787304 pid19cf
34.63700037218472  0.9387380547388873 36.5144764816625 pid19c2
35.124352947520535  2.361720965517222 39.84779487855498 pid19f0
35.215842661375454  1.2520440318171882 37.71993072500983 pid1a29
35.530688038979655  1.043721637121806 37.618131313223266 pid19d6
36.46201337017142  1.0094824655871222 38.480978301345665 pid19ef
37.65797079205267  0.5348902056670046 38.72775120338668 pid19bb
37.87331845871563  1.8149142690742868 41.5031469968642 pid19f1
38.293760152804055  2.582998697746257 43.459757548296565 pid19cd
38.93052224910064  2.558513237098331 44.047548723297304 pid1a05
39.365047987160395  2.524226239801047 44.413500466762486 pid19d5
40.48045760085146  0.5585921227485088 41.59764184634847 pid19b1
40.49723955926757  2.993470601340791 46.48418076194915 pid1a13
44.91669759945858  2.0674312621128097 49.0515601236842 pid19a7
45.3719282440049  0.8460957890664833 47.06411982213787 pid19c7
46.25785222099672  1.4662536335604108 49.19035948811754 pid19a9
48.25165199362179  0.9728048584553013 50.197261710532395 pid19ca
48.344890961264234  2.6308259188847396 53.60654279903371 pid19cc
48.73053088249084  1.8700386166438983 52.47060811577864 pid1a19
49.46743812732167  2.95265195270773 55.37274203273713 pid1998
49.555532111898  2.3686783863018643 54.292888884501735 pid19f6
50.10505327068482  2.651976328869839 55.4090059284245 pid1a24
50.36993990633603  2.710305784734096 55.79055147580422 pid1a02
50.75488028545318  1.124742377108343 53.00436503966987 pid19de
50.8331313142245  0.544795331484256 51.922721977193014 pid19d7
51.66783277650732  0.5289440147088351 52.725720805924986 pid19c1
52.47421662343192  2.4008123286249026 57.275841280681725 pid1a22
52.74102861544655  0.6963134327129018 54.133655480872356 pid1a0d
52.75958705712589  1.6779188069040982 56.11542467093409 pid1a2a
53.4600367835907  2.8344836640147277 59.129004111620155 pid19ee
53.46445187579513  2.7686707004206634 59.001793276636455 pid19e7
54.27258536821577  0.5818373037072424 55.43625997563026 pid1a25
55.65826564367015  1.8794783373851973 59.417222318440544 pid19e3
55.97160473071329  2.0049250848007465 59.98145490031478 pid19d4
56.10497886402622  2.7296434864612857 61.56426583694879 pid1a1b
56.55407334535965  2.540547201938887 61.635167749237425 pid19bc
57.033031008534174  2.98760159133785 63.00823419120987 pid19d1
57.23080995241141  0.5017121383364287 58.23423422908427 pid1a0f
57.69974738325692  1.1137669508350057 59.927281284926934 pid1a0c
58.52530931422479  2.7444874893196713 64.01428429286413 pid19a4
59.115560768021666  0.7002002945412604 60.51596135710419 pid19b5
59.257035461783595  2.0684463331343785 63.39392812805235 pid19db
60.23589591653924  0.9775131698919522 62.19092225632315 pid19fb
60.631130808951426  1.539174424548324 63.709479658048075 pid1997
60.83362967865119  1.2540015679241485 63.34163281449949 pid1a28
60.880832958349714  1.4056059484586099 63.692044855266936 pid19e9
61.69200380847782  1.3422816968639961 64.37656720220582 pid19ba
62.559261559464886  0.5566415930011315 63.67254474546715 pid1a26
62.97548786285401  0.7970990980462684 64.56968605894654 pid19a5
63.98201504753224  1.581616988999912 67.14524902553207 pid1a06
64.27464096157655  1.1278132687552391 66.53026749908703 pid1a03
64.30952456237779  1.1881694870676007 66.68586353651298 pid19ce
64.33835578542653  0.6063016898860372 65.5509591651986 pid19d0
65.94893906241634  2.351412348105693 70.65176375862772 pid1a10
66.6388853538071  1.3089612515257232 69.25680785685854 pid19b2
66.78591229654657  2.2124168050428987 71.21074590663237 pid1a2b
66.89439165403954  2.717082155662971 72.32855596536548 pid19bd
66.96756836251042  1.630610379215224 70.22878912094087 pid19b9
68.90886348848476  2.4676285994722598 73.84412068742927 pid19ed
69.62322164513226  2.579703864949266 74.7826293750308 pid19e2
70.223372251313  2.5111088847727605 75.24559002085851 pid19df
70.71561175461768  1.4266879845906324 73.56898772379895 pid19c8
71.36115560372005  0.6334156312784376 72.62798686627693 pid19e8
72.68950633292619  0.9489332363098756 74.58737280554594 pid19c0
72.8211143797904  1.1061911097007708 75.03349659919195 pid19c4
74.63183473503388  2.1297626436533785 78.89136002234063 pid19a3
74.87413187432577  1.8714839969085633 78.6170998681429 pid19f7
74.9395101336222  2.1133051976888897 79.16612052899998 pid1a04
75.64655371732763  1.6182019509928023 78.88295761931325 pid19b4
77.46525044140874  2.9375933975900583 83.34043723658885 pid19f3
77.64954818424069  2.566392135823774 82.78233245588824 pid1a11
77.8494826481504  2.6206732191066697 83.09082908636374 pid1a1c
77.9013736183356  0.676331790289995 79.25403719891558 pid19a2
78.10787391713674  0.8454795436879443 79.79883300451263 pid1996
78.2119909494501  2.342572500121173 82.89713594969244 pid1a0a
78.61347272860918  2.951189300346107 84.5158513293014 pid19e6
79.0816019572747  0.772407492259811 80.62641694179432 pid19fe
79.22678892550529  0.5098692176306858 80.24652736076666 pid19c3
80.0993762198548  0.9693617591688439 82.03809973819249 pid19c9
82.35835561446618  2.8296253582108646 88.0176063308879 pid19f8
82.59348477515631  2.3972346740146615 87.38795412318564 pid1a23
83.75368550817221  2.978488034774419 89.71066157772105 pid19d9
84.33699883716638  2.158674064260151 88.65434696568668 pid1a16
86.45949138754668  1.1001253125596189 88.65974201266592 pid19cb
86.46329581409404  0.879664143343964 88.22262410078197 pid19a8
87.57312921045126  1.0601070450922312 89.69334330063572 pid1a00
87.88434498649539  1.5738232226166051 91.0319914317286 pid19b3
89.76304997704477  1.5057965558118518 92.77464308866848 pid1a1a
89.84782411631487  1.245277918195915 92.3383799527067 pid19fc
90.65226413776874  1.0732422422206684 92.79874862221007 pid199a
91.45382275893613  1.9454059799155283 95.34463471876718 pid1a01
92.365550786786  2.7952371900787853 97.95602516694358 pid19da
92.4893683283862  2.6251675251432207 97.73970337867264 pid1a18
92.65632833815603  0.5304870380729826 93.717302414302 pid1a1e
93.0993276502855  1.2207892625337817 95.54090617535307 pid199c
93.15495111607625  1.204159670688564 95.56327045745337 pid1a14
93.19121118877243  2.49836663947854 98.18794446772951 pid199b
93.25283050038352  2.251452916296256 97.75573633297604 pid19e0
93.33430562114485  2.848257840372535 99.03082130188992 pid1a07
93.74286401465478  0.46154815481308903 94.66596032428096 pid19b0
93.93126269403105  1.1626316030666604 96.25652590016436 pid19ff
94.29727213396049  1.082921323935048 96.46311478183058 pid19ae
95.39436813195486  2.139226581358721 99.6728212946723 pid19f9
95.74384320089992  2.558127386129835 100.86009797315958 pid1a27
96.62526434916217  2.998194723664917 102.621653796492 pid19ea
96.92162369884966  1.7076273367983155 100.3368783724463 pid1a15
97.22018171929622  2.9444244779397186 103.10903067517566 pid19dd
97.88885116679762  1.426773298979354 100.74239776475633 pid19c5
99.98495516486173  0.5828779879649395 101.15071114079161 pid19f4
