0.3380746176930294  0.4247619329929378 1.1875984836789049 pid25ab
0.4150297518311641  1.2959495939612713 3.0069289397537067 pid2439
1.0178649425789277  1.6424237212312862 4.3027123850415006 pid2468
1.2437930944810827  1.499666449719868 4.243125993920819 pid244d
1.4983327580947114  2.4877779708817043 6.47388869985812 pid24c9
1.9425416805461282  2.29512619481398 6.532794070174088 pid258f
2.324133852315602  0.8210835939319476 3.966301040179497 pid247e
2.4165258724839878  1.3083442636340066 5.033214399752001 pid24e6
2.4481362230980297  2.9585449795457155 8.36522618218946 pid25ae
2.5429247094429064  0.6773330883542459 3.897590886151398 pid2428
2.7082112771199762  1.9802843006117326 6.668779878343441 pid25b2
3.241198675174861  1.9379998148958264 7.117198304966514 pid254e
3.3503974202492848  1.943735817142847 7.237869054534979 pid24fa
3.4718689082411935  0.5324261143700967 4.536721136981387 pid2470
4.643567203515008  1.2761850343427867 7.195937272200582 pid2424
4.660661779364828  1.979251698474974 8.619165176314777 pid252c
4.673958265875222  1.6827871303606825 8.039532526596588 pid250a
4.678794552703758  1.5344751998583024 7.747744952420363 pid24b0
4.973516097948371  2.446554225234342 9.866624548417056 pid24cf
5.376342879538187  1.0326508655909872 7.441644610720162 pid2506
5.491872116880259  2.963368417231431 11.41860895134312 pid25c0
5.593465866510783  2.955970180429768 11.505406227370319 pid2515
5.972888880000216  1.2349336883729918 8.4427562567462 pid2542
6.023231067820845  1.5754457643193898 9.174122596459625 pid2560
6.352380883435361  0.4488087098412703 7.249998303117901 pid24d4
6.473183030342888  0.41292715586811035 7.299037342079108 pid248c
6.601649175222645  2.9838464030820164 12.569341981386678 pid2594
6.686300045440041  2.284526405029705 11.255352855499451 pid259c
6.762031495134879  1.4423034900622014 9.646638475259282 pid25a7
6.767529615887613  2.3259258887345595 11.419381393356732 pid2591
6.892479246360262  1.0760466732550102 9.044572592870281 pid2532
7.376012039415403  2.09437255410831 11.564757147632022 pid25b7
7.392108416899679  0.5778272579871568 8.547762932873992 pid2467
8.120258197115305  0.8433355620900955 9.806929321295495 pid2567
8.486105744595351  1.4988684069427687 11.483842558480887 pid2485
9.860655360227021  0.5677755545668086 10.996206469360638 pid24f8
9.941713248698946  0.6447907295983126 11.231294707895572 pid2432
10.020059576556706  1.617655672084929 13.255370920726564 pid2446
10.13719223641285  1.9262782941224748 13.9897488246578 pid25c2
10.285438567135795  0.8729173683412601 12.031273303818315 pid2576
10.320853159642528  0.47081211701794845 11.262477393678425 pid24af
10.527976021069996  2.4675920667950693 15.463160154660134 pid25a9
10.588474965445261  1.7307906441602303 14.050056253765721 pid25b0
10.668228199640383  2.9620169786907558 16.592262157021896 pid253c
10.896384253296166  2.975801923740303 16.84798810077677 pid243d
11.024616670981269  2.5354810655678754 16.095578802117018 pid254b
11.126125064546954  1.3721657983357736 13.870456661218501 pid25da
11.17268774666147  1.5058460278149384 14.184379802291346 pid254d
11.558537861505357  1.6876827373252352 14.933903336155828 pid2514
11.908932409214367  1.3192078216781022 14.547348052570571 pid243e
11.984216395493785  1.2701094720327024 14.52443533955919 pid255d
12.074136838378081  2.2014941804246324 16.477125199227345 pid24ec
12.099096540658705  0.6597176467439743 13.418531834146654 pid24b5
12.556486565740755  0.6373098817220051 13.831106329184765 pid2544
12.62746333067959  0.8992169898317026 14.425897310342995 pid2441
12.812925738570712  2.6100909960934766 18.033107730757663 pid245e
13.202517769444011  0.7603989177657092 14.72331560497543 pid2541
13.296174749774913  2.928739128432403 19.15365300663972 pid2499
13.598865743783328  1.094814057198815 15.788493858180958 pid253b
13.742373372843186  2.9031919275339 19.548757227910986 pid25a0
13.765503721171356  1.0458946534941118 15.85729302815958 pid2454
13.790099655215649  2.759611367891215 19.309322390998076 pid2549
14.43265374046222  1.8854070342308304 18.203467808923882 pid25ad
14.535006087542413  1.647842067142598 17.83069022182761 pid24ca
14.963380434186346  1.392267460178811 17.74791535454397 pid24ea
15.32227106314582  0.4613600918653908 16.2449912468766 pid25c8
15.689837376420046  0.9177901677174164 17.525417711854878 pid2547
15.715816044063558  2.514208327180836 20.74423269842523 pid25b8
15.842107857597421  1.6267302871369496 19.09556843187132 pid2529
16.354951837369182  2.8910135677122644 22.13697897279371 pid24c4
16.41349921387426  2.1040634266686515 20.621626067211565 pid2593
16.603757018543096  1.0687431014009552 18.741243221345005 pid25dc
16.639388337493642  1.4300708905085844 19.499530118510812 pid251a
16.821673565207075  2.8236550758864887 22.468983716980052 pid25bd
16.986812896501235  1.9537599254381486 20.894332747377533 pid2579
17.111468482805414  0.852822810590119 18.817114103985652 pid2498
17.147388021325717  2.748023039290457 22.64343409990663 pid25b1
17.270858344400054  1.831135650023806 20.933129644447668 pid2516
17.775020591502543  1.8626598267259467 21.500340244954437 pid2442
17.8008703439155  1.114708961520494 20.030288266956486 pid24b8
17.82350429038191  1.290509291544617 20.404522873471144 pid247a
18.097867962765392  2.2335558668692648 22.564979696503922 pid25aa
18.149823188859106  2.061615246892189 22.273053682643486 pid24f3
18.25053801548753  2.728965208009541 23.70846843150661 pid2445
18.406081539300956  0.5061123039193695 19.418306147139695 pid2575
18.92912903748254  2.1671073218343286 23.2633436811512 pid255e
19.288959723224274  1.5856570563554948 22.46027383593526 pid2478
19.390363591237204  1.965035912124331 23.320435415485868 pid2438
19.560546597811125  1.78059814357269 23.121742884956504 pid2481
20.04620754130373  2.6082323913218004 25.26267232394733 pid2503
20.297265465567303  0.9409209751955635 22.17910741595843 pid24cc
20.400394211459382  0.4856542248538902 21.371702661167163 pid2462
20.408118482498217  0.5486759675218665 21.50547041754195 pid2425
20.740001271247564  0.8039044557167137 22.34781018268099 pid25c1
20.919418830735193  1.9585545536798477 24.83652793809489 pid2545
21.419598801184492  1.549622999250209 24.51884479968491 pid24e4
21.778548625950044  2.4560893318649364 26.690727289679916 pid2426
22.150984483393522  2.5974424984632902 27.345869480320104 pid257e
22.497568523881295  1.397061268388211 25.29169106065772 pid24e5
22.577108970657488  2.611439943695655 27.7999888580488 pid24d0
22.725203105354495  1.3326289065989108 25.390460918552318 pid2566
22.93354229898944  2.627837208992651 28.18921671697474 pid2512
23.155603577373483  1.4423988564911796 26.04040129035584 pid242d
23.62468185348553  1.2505948880181235 26.125871629521775 pid243b
23.865247167760472  0.5295465899490802 24.92434034765863 pid2524
23.881583466806045  1.97732656358923 27.836236593984506 pid250b
24.35460842581988  1.7651205396077407 27.884849505035362 pid2430
24.453964944728902  0.4317318256084307 25.317428595945763 pid24b9
24.596669209638478  0.5884481982253356 25.77356560608915 pid2491
24.90954517248053  0.8472383481282706 26.60402186873707 pid25b5
25.01278846001541  2.075761326052375 29.16431111212016 pid2429
25.060611275845112  1.0901592340232356 27.240929743891584 pid25cc
25.214562393061  2.204398122652368 29.623358638365737 pid24aa
25.35044581052589  1.970676262095104 29.2917983347161 pid2573
25.381816249858215  1.2239815742614066 27.829779398381028 pid24bd
25.48471499329977  2.499181561980393 30.483078117260558 pid25df
25.489959747683955  2.8459905215624723 31.1819407908089 pid25bf
25.7696655949886  1.6773411068614257 29.12434780871145 pid2479
26.073366060335946  2.3836818163281874 30.84072969299232 pid24fe
26.203965380457774  1.2802965383774478 28.76455845721267 pid25c4
26.214396237704673  1.3986282772925889 29.01165279228985 pid2447
26.259067682096614  1.0216827107044213 28.302433103505457 pid25cf
26.805332331179564  0.6910089985575598 28.187350328294684 pid2552
26.86496319599474  2.5002958720678032 31.865554940130345 pid2492
27.189912371412007  0.5581896572248288 28.306291685861666 pid24b6
27.35473791946189  0.4548922767967012 28.264522473055294 pid25a3
27.406561873387048  0.9806303301066494 29.367822533600346 pid24ff
27.696193490787348  2.40882716801149 32.51384782681033 pid248a
27.779456133960444  2.204018731222462 32.18749359640537 pid2495
27.830312583468388  1.8989098742697204 31.62813233200783 pid2539
27.835889781867927  0.4721996193099669 28.78028902048786 pid2511
28.020768375864225  0.5777662786646232 29.17630093319347 pid24d6
28.04573558922321  2.281210678436999 32.60815694609721 pid24c6
28.284120422220482  1.9795100247330595 32.2431404716866 pid25c6
28.544590131273072  1.8312081359992587 32.20700640327159 pid24de
28.67812483045874  2.449506136582969 33.57713710362468 pid2488
28.803610093651244  1.418178864280168 31.63996782221158 pid25e1
28.861784992476313  0.8717155460796473 30.605216084635607 pid24e7
29.050126859034698  2.8255906400864714 34.70130813920764 pid2580
29.213292825161663  1.1831384438930679 31.579569712947798 pid256f
29.22716662236643  2.0442058950045725 33.31557841237557 pid24ac
29.33258622252889  2.6361927157864176 34.604971654101725 pid24b2
29.880870318794194  1.9761826231348798 33.83323556506395 pid24a6
29.97989476643822  0.9442543269967668 31.868403420431754 pid249e
30.28335613372355  2.531715480420425 35.3467870945644 pid242e
30.598568134694716  1.8329208657309306 34.264409866156576 pid2526
30.770096083442787  2.9028273211467455 36.57575072573628 pid2507
31.083820814542218  2.730383346626905 36.54458750779603 pid24d5
31.143989027500886  0.6922489555237132 32.52848693854831 pid24c0
31.149271908772192  1.9903288807897672 35.12992967035173 pid2582
31.20411184230679  2.265665940068714 35.73544372244422 pid2486
31.331004019895815  1.1139544568570292 33.558912933609875 pid250d
31.434262232131438  1.1713926038008413 33.777047439733124 pid244a
31.859645981605865  2.3693000791340086 36.59824613987388 pid2530
31.927345533552675  1.0685851189163293 34.06451577138533 pid2440
32.05412252086667  0.42453268741835015 32.90318789570337 pid245a
32.08057136409792  2.6881680610835357 37.456907486264996 pid2569
32.39495546393692  0.4754019106510907 33.3457592852391 pid24c1
32.52029835653858  1.5746749222463516 35.669648201031286 pid2597
32.90750454508701  0.7176867796751054 34.34287810443722 pid24f0
32.95023642556726  1.147808986488406 35.245854398544076 pid2596
33.16152644580188  0.8016131885346673 34.764752822871216 pid251b
33.255304376665215  2.8327851777578785 38.92087473218097 pid24f5
33.28668706216585  2.6935564814073256 38.67380002498051 pid2550
33.57934090838798  0.5774163989725716 34.73417370633312 pid24a5
34.10187258786941  0.8332240784651797 35.768320744799766 pid24e0
34.17249950117679  2.2633481882048003 38.69919587758639 pid251d
34.44310704512371  2.4615718931285295 39.36625083138077 pid2536
34.55563683016347  1.0399973370426445 36.635631504248764 pid2474
35.01553668918296  2.4952721061623366 40.00608090150763 pid252b
35.14442121955608  2.8437003527378346 40.83182192503175 pid2513
35.90199919908259  1.1400372788139963 38.18207375671058 pid24ae
35.93976053232962  2.8128896190327337 41.56553977039509 pid2423
36.05458745379043  1.511807288639865 39.07820203107016 pid248f
36.3464983790187  1.801216688873287 39.94893175676527 pid259d
36.37951898220722  2.291649393599249 40.96281776940572 pid24f4
36.68015206873443  2.0662257191351125 40.81260350700465 pid2490
36.72868376718304  1.521318134700436 39.771320036583916 pid24a1
36.888112270925745  1.9765478793244728 40.84120802957469 pid25b3
37.271455467899926  1.3401620561105005 39.95177958012093 pid247c
37.27994213585924  0.7057434635293309 38.6914290629179 pid2568
37.28190394353443  0.41826888185778044 38.11844170724999 pid258b
37.852094675144684  1.8145209672244995 41.48113660959368 pid24a8
38.005714266071976  1.4259082649307877 40.85753079593355 pid2448
38.20188375938004  0.7133446847522258 39.62857312888449 pid2494
38.242310646789136  2.4318627895520954 43.10603622589333 pid2589
38.302126785674176  0.4946372389185705 39.29140126351132 pid25d8
38.361791926990506  0.9216128003181553 40.205017527626815 pid2437
38.40135463709804  2.0887998730477104 42.57895438319346 pid24b4
39.902779373453015  1.482468735388339 42.86771684422969 pid2504
40.01467624485  2.0917925083944606 44.19826126163892 pid249b
40.060956908414106  1.8820214529768378 43.82499981436778 pid2453
40.241202575052306  2.561419975550962 45.36404252615423 pid2565
40.251256509762534  0.6996810577077388 41.65061862517801 pid25c7
42.368510360169275  2.264948415538907 46.89840719124709 pid2557
42.59043876606947  0.6257349849899597 43.84190873604939 pid25bc
42.715269252179496  2.837260517560446 48.389790287300386 pid2519
43.01240477981347  1.8628069621716423 46.73801870415676 pid246f
43.25083659621629  2.6114637141881656 48.47376402459262 pid25d2
43.640899860905655  0.7196883017425502 45.08027646439076 pid25d0
44.396252001421956  2.2563368209842056 48.90892564339037 pid24c3
44.47647671278037  0.5333794990691796 45.54323571091873 pid254c
44.854715268329834  1.7536367293767814 48.3619887270834 pid24bf
45.16652676020541  0.7761117913309402 46.71875034286729 pid24a3
46.23637336926172  1.3382148624589227 48.912803094179566 pid251e
46.34306829566166  1.561948229786878 49.466964755235416 pid2435
46.532585432959806  2.141663226154819 50.81591188526944 pid2522
47.59813433736603  2.763016307680235 53.1241669527265 pid2581
47.739170422360786  0.6497553218407207 49.03868106604223 pid25a6
48.04166757807765  2.136578009493853 52.314823597065356 pid2590
48.15794460519894  2.161034232480315 52.48001307015957 pid2574
48.25708458119282  2.730828357642437 53.718741296477695 pid2461
48.40188821476491  2.865734741190771 54.13335769714645 pid25b9
48.56917638057363  1.1933846812589355 50.955945743091505 pid254f
48.87741656427649  0.7638685692024791 50.405153702681446 pid24fd
49.040999578034196  0.5290137688922375 50.09902711581867 pid2452
49.10511340024472  0.44008621930406255 49.985285838852846 pid250f
49.15276858157345  2.685587726202158 54.52394403397776 pid2548
49.24000695724256  0.9391249440060581 51.11825684525467 pid24fb
49.6533085333979  2.549160561106204 54.7516296556103 pid2489
50.5421684210175  1.5877565330723282 53.71768148716215 pid25ca
50.67170403800514  2.6963160024198762 56.06433604284489 pid24bc
51.42660026607702  1.5005653047906735 54.42773087565836 pid2443
51.74272679095849  0.8488619838380203 53.44045075863453 pid2450
52.392715522730995  2.243355847777088 56.87942721828517 pid256a
52.43647479583651  1.2625453231157113 54.961565442067936 pid2475
52.73083529484338  1.380082492711141 55.491000280265666 pid254a
53.25537209300485  2.45956472210353 58.17450153721191 pid2540
53.53738381499561  1.1452514255078396 55.82788666601129 pid24c7
53.5391073373361  1.1859364303810573 55.910980198098216 pid25c9
53.69839304147382  1.724382921193826 57.14715888386147 pid24cd
53.71941572674639  2.9616428640964974 59.642701454939385 pid25b4
53.998839539366216  2.8755198559766186 59.749879251319456 pid24d3
54.01059182411123  2.6115059039290345 59.2336036319693 pid2434
54.203862271197224  0.7159906797971267 55.63584363079148 pid24ab
54.32253192072678  1.0797193047850602 56.481970530296906 pid24a0
54.32580416078465  2.430592228012085 59.18698861680882 pid244c
54.3808984955953  2.1683920428414085 58.71768258127811 pid258c
54.44275413008428  1.3530812456519703 57.148916621388224 pid243c
54.62370288042775  1.5315966639571394 57.68689620834203 pid24d2
54.671987102591125  0.7477404706175568 56.16746804382624 pid2553
55.217956919664104  0.878218711347305 56.974394342358714 pid258a
55.38943028966538  1.5855922732501089 58.5606148361656 pid2456
55.3904245470672  1.6683747922454013 58.727174131558 pid24b1
55.63562510968643  2.718320459216396 61.07226602811922 pid2537
55.85171543361741  2.608164470414272 61.068044374445954 pid255a
55.893924530577955  1.0947156854179498 58.08335590141385 pid2571
55.919902704474524  1.9737578212758495 59.867418347026224 pid24d8
56.08080479178036  2.3136345313180926 60.70807385441655 pid2473
56.10973536214098  1.4636351200587465 59.037005602258475 pid2523
57.11031826135161  2.326971074608158 61.76426041056793 pid2493
57.25026939369561  1.0172073184535533 59.28468403060272 pid2595
57.832842106927885  0.5628723405755246 58.95858678807893 pid2533
58.01976638132283  0.7927500782256607 59.605266537774156 pid2480
58.83727072611039  0.6379718994634933 60.11321452503738 pid25d6
58.84103243141472  2.353710393484085 63.54845321838289 pid2563
59.15494106581113  1.831974596905964 62.81889025962306 pid253a
59.29340287330498  1.8073672079304872 62.90813728916595 pid250c
59.304032573998356  2.7904517306551067 64.88493603530857 pid257c
59.8661143096925  2.4289291936152946 64.72397269692308 pid253e
60.15948054947277  1.931277661783561 64.0220358730399 pid25a5
60.217635857717056  1.3274977977448064 62.872631453206665 pid258d
60.28833350075479  2.281681250391467 64.85169600153772 pid2527
60.457382908836074  1.288286635158042 63.033956179152156 pid243a
60.641928899027455  0.4142945791310827 61.470518057289624 pid2449
60.70974061130438  2.3373904809788186 65.38452157326202 pid2578
60.78779053262087  2.049003842982877 64.88579821858661 pid24e8
60.80149476075152  0.6049964813688937 62.0114877234893 pid252f
60.82029421895798  2.234330290628626 65.28895480021524 pid259b
62.272157358983605  1.9857591388705629 66.24367563672473 pid2505
62.49867799709151  1.5153396277854108 65.52935725266234 pid2451
62.54043941159275  0.6596348535042846 63.859709118601316 pid247b
62.69424630389461  2.019695778631084 66.73363786115678 pid24d7
62.724010268865314  2.438103408980726 67.60021708682676 pid249d
63.18788185889832  1.8689433100362294 66.92576847897078 pid24dc
63.453454747151916  0.8074973698170494 65.06844948678601 pid24ef
63.53578699331604  2.3707320392673834 68.2772510718508 pid25de
63.626864545367056  2.0461331965932565 67.71913093855358 pid248e
63.66296924689867  0.4397982239844826 64.54256569486763 pid24ba
63.79177557647993  1.8741424304828023 67.54006043744553 pid246e
63.85999166200228  1.9019848146649343 67.66396129133214 pid24ee
63.99418956036802  2.2494474810287977 68.49308452242562 pid25af
64.11270051542576  2.2411367488723752 68.59497401317051 pid248d
64.45497744422619  0.46010750006883594 65.37519244436386 pid2465
64.7663578310188  2.933452857676157 70.63326354637111 pid2572
65.33792613143422  1.313289615545656 67.96450536252553 pid2466
65.64446000903808  1.3201737960138207 68.28480760106572 pid2592
65.67172076139911  0.5750364956833476 66.82179375276581 pid2444
65.80669103829709  1.8712465532321088 69.54918414476131 pid2509
66.02495542540986  2.037238322885696 70.09943207118125 pid24f7
66.15675005935829  1.5493871478291568 69.2555243550166 pid259f
66.25804889767718  0.421946025008726 67.10194094769464 pid2525
66.66813579601987  0.9559747574692075 68.58008531095828 pid2543
66.95459697935212  2.5007048455304086 71.95600667041293 pid25c5
67.18142621028385  2.01868309738634 71.21879240505652 pid2554
67.23834740824528  2.0001694811311737 71.23868637050762 pid25d5
67.2642065760248  2.8968811914449204 73.05796895891464 pid24da
67.41208682511039  1.1504633142261311 69.71301345356265 pid2559
67.4695638457857  1.7261821314673367 70.92192810872038 pid2518
67.58998575413374  2.3943337008613086 72.37865315585636 pid2455
67.6684061442148  0.6178596196698622 68.90412538355453 pid25a8
67.70083922948022  0.4904313886835493 68.68170200684732 pid2520
67.97494039205901  1.4898830152857085 70.95470642263042 pid2458
68.16319549419745  2.8628126303183468 73.88882075483414 pid24f1
68.20544016262909  0.7554904973888579 69.7164211574068 pid24ad
68.35156493889623  0.6696365332784497 69.69083800545313 pid25d9
68.5654664436843  2.4166012214586474 73.3986688866016 pid2422
68.63977230320253  1.8242695534024485 72.28831141000742 pid245c
68.81051860897294  2.0294248838322586 72.86936837663745 pid24a2
69.0495137507937  0.8299557137227279 70.70942517823914 pid2500
69.30112640288623  0.5794151037144141 70.45995661031506 pid25e0
69.34143458648327  0.8356020438559769 71.01263867419523 pid2534
69.89509538583147  0.45285903999489274 70.80081346582125 pid2483
70.01213363837422  1.7689199739810837 73.54997358633639 pid259a
70.10329761668  1.6917587409407893 73.48681509856158 pid2561
70.24028505247604  1.9562375015822697 74.15276005564058 pid257a
70.72781651658822  0.8198158532260466 72.36744822304031 pid24e9
70.78237777634402  0.8614365982809272 72.50525097290587 pid24eb
70.95169898043721  1.6330755100655443 74.2178500005683 pid2588
71.0227804188929  1.8284806459377116 74.67974171076833 pid2487
71.25048194162645  0.9763336990203668 73.20314933966718 pid2510
71.36314464178255  0.5933034715295159 72.54975158484159 pid24df
71.59385730544912  0.43904368584197423 72.47194467713307 pid242f
71.7774422794955  2.2003831466672263 76.17820857282996 pid24ce
71.82796922622212  0.7061919500629135 73.24035312634796 pid250e
72.02577063870952  1.2272281437720918 74.4802269262537 pid256e
72.12365458200067  2.275798111046988 76.67525080409465 pid246d
72.30828068497345  1.4338055197045612 75.17589172438258 pid2463
72.36585446022343  1.2595726320360505 74.88499972429554 pid24c5
72.91887842700181  2.6189361521348893 78.15675073127159 pid25a1
72.9743279758365  0.45939761532712414 73.89312320649076 pid245f
73.04598491348541  2.6382676534058573 78.32252022029712 pid248b
73.14412639301538  1.900418334981798 76.94496306297899 pid24c2
73.35886289482396  2.5932841778594566 78.54543125054288 pid257b
73.77014792973469  2.7471538790535215 79.26445568784173 pid257d
73.90794588261241  1.2292877880141202 76.36652145864065 pid25d3
73.90809608762545  2.3099567317184215 78.5280095510623 pid257f
73.93937819396615  0.8162823682821367 75.57194293053043 pid24f6
73.97540879059386  0.40022406558468127 74.77585692176322 pid249c
74.05279696199099  1.0145136564078938 76.08182427480678 pid2586
74.77712824998517  0.836944541183011 76.45101733235119 pid24e3
75.54784154302993  0.5090580799036185 76.56595770283717 pid24d1
75.65573377838636  2.9796929536486516 81.61511968568367 pid25c3
75.67049034017741  2.6655903889509647 81.00167111807934 pid25ac
76.29544995806852  0.7262768015543346 77.74800356117719 pid2531
76.36463339444249  2.8754332054769716 82.11549980539644 pid246c
77.22256281121696  2.669417239746206 82.56139729070938 pid2587
77.23496485787629  0.9229068920081926 79.08077864189268 pid24a9
77.26044758736312  1.071134467063792 79.4027165214907 pid24e1
77.43449201215647  2.1678210486005236 81.77013410935751 pid256d
77.59947456957859  1.3257530274989122 80.25098062457641 pid2496
78.02653422293434  1.7168485602222772 81.4602313433789 pid2551
78.02942288071706  1.0251072577901756 80.07963739629741 pid25a2
78.25490245559237  2.2180049752655657 82.6909124061235 pid2476
78.32519619186412  1.7361314479482806 81.79745908776069 pid2427
78.6244184852736  0.6548172382102795 79.93405296169415 pid258e
78.6718712178146  2.2479179189898866 83.16770705579437 pid2546
78.68421085219983  0.5958042440228131 79.87581934024546 pid24bb
78.78175749611141  2.856978224101034 84.49571394431348 pid2502
78.78866367314656  2.4262979494859938 83.64125957211854 pid25d1
78.7922335071562  0.49718834375837545 79.78661019467295 pid2583
78.88750688073412  1.9843986911946851 82.85630426312349 pid25e2
79.2412647750679  2.161281632695987 83.56382804045988 pid24e2
79.3698011030905  1.5463164374857752 82.46243397806205 pid253d
79.51936373573484  1.23008248765885 81.97952871105254 pid24b7
79.80384416268757  0.43227207978679777 80.66838832226117 pid247d
80.4248563095882  1.3970265674602862 83.21890944450877 pid244b
80.43182035556072  1.031308132548277 82.49443662065727 pid2484
80.57797235145274  1.1508441160680838 82.87966058358892 pid24cb
80.64128408541542  0.65428858945559 81.9498612643266 pid259e
80.68555665854845  2.0225594048739466 84.73067546829634 pid244f
80.74159994450332  2.965098238805256 86.67179642211383 pid25e3
81.05800389245556  1.8535722193973245 84.7651483312502 pid244e
81.25095468550269  1.8915427725078513 85.0340402305184 pid242c
81.3540759487012  2.9655307183777326 87.28513738545666 pid2585
81.4130686523507  0.9181822979435496 83.2494332482378 pid2577
81.4815740844494  1.1675439791118176 83.81666204267304 pid2521
81.70948339195569  1.4621799538396796 84.63384329963505 pid2457
81.90652706232497  0.8625113710846346 83.63154980449424 pid2431
82.04837963400401  2.544462874902773 87.13730538380955 pid2497
83.21934322064772  2.278529589087924 87.77640239882356 pid25d4
83.31571096780537  1.1537660360549 85.62324303991517 pid246b
83.51866112981007  0.9179100281527304 85.35448118611554 pid25be
83.72945108473002  2.8002250059793954 89.3299010966888 pid25ce
83.81507406521845  1.6553028712136286 87.12567980764571 pid24ed
84.0063998292752  0.9173747589743617 85.84114934722392 pid2570
84.10200494875622  1.4467540454087136 86.99551303957364 pid255b
84.58737383565179  2.445362888185759 89.4780996120233 pid24d9
84.99208850945395  0.6999479779835451 86.39198446542105 pid2599
85.13530636179334  1.1938466562829815 87.5229996743593 pid25cb
85.22583502048833  1.5567649586748815 88.3393649378381 pid25d7
85.39317894909709  1.4905090155319005 88.37419698016089 pid24a7
85.45343282546902  2.6673581197131573 90.78814906489534 pid25a4
85.92893301462615  1.1808530031752036 88.29063902097656 pid245d
86.07465252882942  2.7978609214391756 91.67037437170777 pid256b
86.09930749758085  0.4494102461862334 86.99812798995332 pid2558
86.33441378876601  2.112768267715895 90.5599503241978 pid252a
86.77574483790454  2.9254478499376044 92.62664053777975 pid247f
87.44284646924092  1.7104310641866327 90.86370859761419 pid2469
87.79726885073632  1.9308976565353344 91.65906416380699 pid24db
88.05623952901459  2.6171399418717654 93.29051941275812 pid252e
88.0618316861266  1.2667360718635863 90.59530382985376 pid253f
88.69524194240348  2.9387482823837954 94.57273850717108 pid25b6
89.16148954029872  0.7175132154672262 90.59651597123317 pid2535
89.50974730299241  0.5929076072257937 90.695562517444 pid249a
89.82294856472181  0.8755793663841374 91.57410729749009 pid24b3
89.98392879673744  1.3854688528398436 92.75486650241713 pid24f2
90.77041870160643  1.47625810238844 93.72293490638332 pid2464
90.79721972693577  2.10582251531698 95.00886475756973 pid24c8
90.81679880320276  2.2904935260482233 95.3977858552992 pid2584
91.2285515040616  2.196632848275006 95.62181720061162 pid2460
91.61181096545906  2.1849350973677297 95.98168116019451 pid2556
91.67240426579109  2.126261163967625 95.92492659372634 pid2538
92.02277700640066  0.8562800528301331 93.73533711206093 pid2482
92.14056973966453  0.9571462031088561 94.05486214588224 pid251f
92.27742379824284  2.08655083582604 96.45052546989491 pid251c
92.3250983482606  1.2901430033297459 94.90538435492009 pid25bb
92.66464835276643  2.1903177269303034 97.04528380662704 pid25ba
92.99614428836472  2.8734513581860575 98.74304700473684 pid243f
93.36067003271273  2.744789639510941 98.85024931173461 pid242b
93.41857803503464  1.6296666793976802 96.67791139383 pid25dd
93.82710967746695  1.776735172290588 97.38058002204812 pid24f9
93.83665984479134  2.1170714857942277 98.0708028163798 pid2528
94.0141857892179  2.664694904734833 99.34357559868756 pid2477
94.02622217973419  1.9666783517238984 97.95957888318199 pid245b
94.19870067018245  0.5805072506267752 95.359715171436 pid252d
94.21179845356792  1.6168521791372825 97.44550281184249 pid24a4
94.2613855093011  1.0377523445542423 96.33689019840959 pid256c
94.58415431540632  2.3893815756145456 99.36291746663541 pid24dd
94.62486667159529  2.599761989029797 99.82439064965487 pid2472
94.7307999855777  0.8197670526092014 96.3703340907961 pid2555
94.91896536058503  1.5780786618399731 98.07512268426498 pid2562
95.69147782770537  0.5103031103036657 96.7120840483127 pid2459
95.7188726079802  2.8989223814599545 101.51671737090011 pid2501
95.72501060583434  2.3575474588076255 100.44010552344959 pid25db
95.9174403305606  1.4437752391304675 98.80499080882153 pid246a
95.95242678201807  2.450960285787591 100.85434735359325 pid2471
96.44173904951249  2.866207200592037 102.17415345069656 pid249f
96.63307485407366  1.2118906244913503 99.05685610305636 pid255f
96.83907086478831  2.236009812113484 101.31109048901529 pid2436
96.88396151640268  2.063506446204106 101.0109744088109 pid24fc
97.41752256270824  1.9485768976363143 101.31467635798087 pid2598
97.73994372710304  1.6831466088589107 101.10623694482086 pid2508
97.77322868040282  1.0886890521084838 99.9506067846198 pid2517
97.79602417260891  1.17708404137136 100.15019225535163 pid242a
98.0396956273066  2.4149194259887987 102.8695344792842 pid2564
98.29207136852088  1.537795034617993 101.36766143775687 pid25cd
98.32657895290285  1.967582503536542 102.26174395997593 pid24be
99.76379732366071  2.4874904797411506 104.738778283143 pid255c
99.85901143662565  1.784845749687325 103.4287029360003 pid2433
