0.06313477981079174  1.6365927462554557 80.0631347798108 pidc6a
0.0866963965347356  1.7321338580039314 80.08669639653473 pidc39
1.9537895567114993  0.747242523743112 81.9537895567115 pidc89
2.7361908163060944  0.507295031317414 82.73619081630609 pidc37
4.482247657328264  0.5680324433310622 84.48224765732826 pidc83
4.7088248395088295  1.6219699229149875 84.70882483950884 pidc6d
4.774499267782351  0.6657241836129508 84.77449926778235 pidc63
5.795021901817071  1.232536636881698 85.79502190181707 pidc87
6.257280217713807  1.556716093770488 86.25728021771381 pidca4
7.814090895460008  1.5354648324658124 87.81409089546001 pidc99
8.051382635608833  1.9843994708727484 88.05138263560883 pidcac
9.004791907415793  1.1248678011871016 89.0047919074158 pidc34
10.171104964928917  1.4888642155370833 90.17110496492892 pidc3b
11.06363877122285  1.813064193200197 91.06363877122286 pidc93
12.182950249981372  1.0149058054505455 92.18295024998137 pidcb0
13.349008905670356  0.8958761761737877 93.34900890567036 pidc2e
14.142233724922354  1.9599102471790752 94.14223372492235 pidc91
14.819796979525435  1.3532225160256324 94.81979697952544 pidc24
14.845132324104837  1.7091338454420435 94.84513232410484 pidc74
15.435712596603556  1.5573109172378101 95.43571259660355 pidc9c
15.615465071584305  1.5100099781849505 95.61546507158431 pidca6
19.20350683466081  1.4373360153376429 99.20350683466081 pidc20
20.909379359451556  0.9302646182581262 100.90937935945155 pidc44
21.447548803621213  1.5427888580647378 101.44754880362122 pidc2c
21.695443456891965  1.5494069984784762 101.69544345689197 pidc82
23.846255666035137  1.199595608659709 103.84625566603513 pidc8c
26.332014547518966  1.3299852100622263 106.33201454751897 pidc78
27.70145992970596  1.7550242940660152 107.70145992970596 pidc3d
29.211526341013176  0.6529403613505569 109.21152634101318 pidca9
29.75709700500591  1.249315891203345 109.7570970050059 pidc85
30.069431558300224  0.7624108123428053 110.06943155830022 pidc38
31.18018902441187  1.4164294414144807 111.18018902441187 pidca7
32.8581386545532  1.4515538467553681 112.8581386545532 pidc7d
33.805187019224  1.9355000266750586 113.80518701922401 pidc59
33.87756044955893  1.9191476623665693 113.87756044955893 pidc7f
34.385589848421034  1.4950245808334803 114.38558984842103 pidc5c
35.29808568463159  1.602073392109404 115.29808568463159 pidc8a
36.388837100806946  0.5287129077209193 116.38883710080694 pidc5a
37.13529029414416  1.1332073094007489 117.13529029414417 pidc60
39.6400584138609  1.7832140807460117 119.6400584138609 pidc55
41.3040584038251  1.8000566141974108 121.30405840382511 pidc5d
41.40808894039332  1.9966662349584896 121.40808894039333 pidc88
41.477561446222424  1.2761351957164941 121.47756144622242 pidc73
42.055149565044616  1.3218118521351365 122.05514956504462 pidc67
43.63975591052664  1.3836478450379293 123.63975591052665 pidc8e
44.09457941264821  0.520214748677542 124.09457941264822 pidc21
45.07151016469474  1.474838207606606 125.07151016469474 pidc81
45.43231037356307  1.0386473681900423 125.43231037356307 pidc84
46.226432583875784  0.8456513511380979 126.22643258387578 pidc92
48.41873861393658  1.0966872115152557 128.41873861393657 pidcaa
50.62511563396729  0.8473752257155771 130.62511563396728 pidc69
51.120309083417695  0.9966078693013241 131.12030908341768 pidc7b
51.127960592610485  0.5174414433270726 131.1279605926105 pidc5f
52.17477826549213  1.3503804279289964 132.17477826549214 pidcaf
54.67878866968622  1.1853612158925169 134.6787886696862 pidcae
56.33479643910703  1.0879663420946364 136.33479643910704 pidc3a
56.99299570990196  0.6645455657410622 136.99299570990195 pidc57
57.41303678037277  0.5160825321529731 137.41303678037278 pidc94
57.68291702729675  0.5641627680886419 137.68291702729675 pidc90
58.7378866029689  1.7165216499482687 138.7378866029689 pidc9f
59.57101062334624  0.8917729173846627 139.57101062334624 pidc65
59.80260903080161  1.98597555527985 139.80260903080162 pidc40
60.098911339893064  1.9806625278766588 140.09891133989305 pidc25
60.56711356012922  1.833615246990934 140.56711356012923 pidc5b
61.289431106057954  1.3909714115906853 141.28943110605795 pidc48
63.34738730656353  1.3509698223614517 143.34738730656352 pidc75
64.98100297799324  0.888575304122793 144.98100297799323 pidc43
65.42201918866661  1.0715597321562658 145.4220191886666 pidc1c
65.46288640257592  0.6684542415011216 145.46288640257592 pidc5e
66.20600172286713  1.704693186131915 146.20600172286714 pidc9b
67.22437253005569  1.3853602000011027 147.2243725300557 pidc86
70.64055582806499  1.318384359584359 150.64055582806498 pidc71
71.32941866909809  1.8844683186997506 151.3294186690981 pidc9a
71.55922702535389  0.8958604663581972 151.5592270253539 pidca3
71.74330184485258  0.6306938111646683 151.74330184485257 pidc2a
71.84968769401546  1.4821764825393184 151.84968769401547 pidc8b
72.89424374412731  0.6384545271274863 152.89424374412732 pidc30
73.62927638960034  1.0678098082408773 153.62927638960034 pidc4f
74.40957672414314  1.796496197730904 154.40957672414314 pidc6b
74.70229857812943  1.1984839825311608 154.70229857812944 pidc96
76.77534633339798  1.9631613605513007 156.77534633339798 pidca8
77.91114583119878  0.8980362692751663 157.91114583119878 pidc56
79.42105819294403  0.8501452974781036 159.42105819294403 pidc2d
79.85070790685975  0.77157656444791 159.85070790685975 pidc4a
80.67709158088411  1.0942997362932818 160.6770915808841 pidc1d
81.09045403377259  0.6017338376127735 161.09045403377257 pidc36
81.40825661780762  1.181345119115022 161.40825661780764 pidc3e
84.6970950487626  1.9409240831258299 164.6970950487626 pidc28
86.23146182845645  1.910280380023105 166.23146182845645 pidc9d
86.63722373567253  0.9656964286588445 166.63722373567253 pidc4e
86.6443544228673  1.5268167724421757 166.6443544228673 pidc62
88.73432664491322  1.4116421731253377 168.7343266449132 pidc1f
90.04772168482302  1.3501050976431221 170.04772168482302 pidc51
90.81646046391815  1.8248202598053076 170.81646046391813 pidc4b
92.26028597192814  1.1783108809338114 172.26028597192814 pidc79
96.95716806631123  1.9409553082837472 176.95716806631123 pidcad
97.13129390366936  1.437625078383431 177.13129390366936 pidc8d
97.37940292702883  0.6252847071832024 177.37940292702882 pidc61
109.03701638880531  1.3629940285672002 189.0370163888053 pidc35
109.72784169395204  1.170453570302607 189.72784169395203 pidc1e
109.9807245962602  1.4230680371629634 189.9807245962602 pidc31
110.60430361294338  0.5351486895023108 190.6043036129434 pidc46
111.95768206445887  0.8220591686673032 191.95768206445888 pidc23
113.54758977092837  0.6315758657941923 193.54758977092837 pidc66
114.52631010635547  0.6948004888028816 194.52631010635548 pidc49
114.60995013762033  1.0239662175957296 194.60995013762033 pidcb1
115.00119086966852  1.1339056277532438 195.0011908696685 pidc3f
115.32639156961423  1.7524493492536977 195.32639156961423 pidc53
116.35048594960708  0.6582143547237279 196.35048594960708 pidc2b
116.64277118127151  1.623730069684882 196.6427711812715 pidc72
117.19881636212344  1.737503010095763 197.19881636212344 pidca1
119.79994031163733  1.1916621640630378 199.79994031163733 pidc50
119.83024172760787  1.2502409232874245 199.83024172760787 pidc64
120.48095855256598  0.7461812160364241 200.480958552566 pidc32
121.48833237024026  1.363432891893277 201.48833237024024 pidc41
121.8292502549459  0.6202821660900499 201.82925025494592 pidca2
121.95535160951273  1.4181323996320172 201.95535160951272 pidc52
122.95954912228963  1.964869106049398 202.95954912228962 pidc3c
123.62278845672739  1.3358269721943024 203.6227884567274 pidc6e
124.28569278867909  1.4644124575214306 204.28569278867909 pidc58
124.64595843136722  1.6933797807059248 204.6459584313672 pidc8f
125.39078531760266  0.917634021156924 205.39078531760265 pidc77
125.7657936391735  0.9366935797024447 205.7657936391735 pidc7c
127.02115769293783  1.0965203018920457 207.02115769293783 pidc80
127.49650997521071  1.391939819834299 207.4965099752107 pidc47
127.5908291640947  0.8927094503642647 207.5908291640947 pidc4c
129.28028362279667  1.1617031765042212 209.28028362279667 pidc7e
129.5373422091725  1.8610221628073291 209.5373422091725 pidc54
130.15281798838518  1.2994375871306032 210.15281798838518 pidca5
132.51991983391684  1.1686654422273366 212.51991983391684 pidc42
133.14844795161088  1.6634236081732654 213.14844795161088 pidc26
133.74391180953006  0.7297084232486183 213.74391180953006 pidc7a
135.31693465369236  0.8332188017757876 215.31693465369236 pidc4d
135.83942930743473  1.0320978394172515 215.83942930743473 pidcab
135.91792688959882  0.7430685238434044 215.91792688959882 pidc98
136.08868677275075  1.2171980320554536 216.08868677275075 pidc95
136.64654007137779  0.6872975712995902 216.64654007137779 pidc33
138.23813858355018  1.2971047616006932 218.23813858355018 pidc70
138.4604930201107  1.1677907311955742 218.4604930201107 pidc29
138.58352216937223  0.8228563005456504 218.58352216937223 pidc6f
138.74575857397656  1.4810995254337511 218.74575857397656 pidc45
139.06186739423003  0.5538985236455276 219.06186739423003 pidc9e
139.85926348193215  1.8181071773168584 219.85926348193215 pidc97
140.18989407655437  0.9754759634215298 220.18989407655437 pidc22
141.07839305322068  1.961030937781536 221.07839305322068 pidc68
145.0106477760727  1.4201551728953345 225.0106477760727 pidca0
145.49374551245128  1.9887769544752651 225.49374551245128 pidc2f
146.73092736801985  0.5172539124974751 226.73092736801985 pidc76
147.0518856119026  1.2766735835558498 227.0518856119026 pidc27
147.22717533642066  0.9034561203435216 227.22717533642066 pidc6c
