2.4632447329158613  1.5326414750059483 5.528527682927757 pid70b
4.278231302050022  2.0699880538598876 8.418207409769797 pid710
6.125364906551933  1.006931686572973 8.139228279697878 pid709
12.367235359731147  1.5242759429564994 15.415787245644147 pid716
12.621262943787173  1.0848608715766872 14.790984686940547 pid713
12.802493603762759  2.2815469287550036 17.365587461272767 pid72c
18.068019566582556  1.6186687922871403 21.305357151156837 pid728
20.019294598391394  3.5004576793652475 27.02020995712189 pid725
22.806863538018238  4.661136603048293 32.129136744114824 pid724
23.362647399504056  4.304080623180143 31.97080864586434 pid72e
31.857871873845347  4.523322259208127 40.9045163922616 pid71d
33.42553457229616  3.4999153538390373 40.42536527997423 pid71a
37.78201536109683  2.292051825417556 42.36611901193194 pid731
39.553821788397656  4.102062107455703 47.75794600330906 pid71c
46.4858542424187  3.736195164885838 53.958244572190374 pid735
49.829759037532206  4.765030215911851 59.35981946935591 pid715
50.79714325185143  1.5489551384884215 53.89505352882827 pid720
55.11276690126841  2.6586549211300277 60.43007674352846 pid72b
60.57233562654241  2.914056343270331 66.40044831308307 pid71b
61.54737298817162  1.6319272078484603 64.81122740386854 pid72d
68.7075046130748  2.35373569534301 73.41497600376083 pid70f
71.7255792488507  1.192510215584047 74.1105996800188 pid72a
72.48677114178831  4.942075650137818 82.37092244206394 pid733
72.91202184794206  3.87502271160109 80.66206727114424 pid734
73.62633984353654  3.9442503421282455 81.51484052779303 pid70a
76.60027935794311  3.1339709408669303 82.86822123967697 pid708
83.40578348767252  1.2513641520527172 85.90851179177795 pid737
84.57921298606766  1.7394864769536715 88.058185939975 pid727
85.18652170429642  4.48826807239249 94.16305784908141 pid72f
87.67464587953131  3.4016019935989035 94.47784986672912 pid714
101.00434223234234  4.957308902970469 110.91896003828327 pid71f
106.02052201408952  1.8893003284925665 109.79912267107466 pid738
106.3455699572482  2.519045879559035 111.38366171636628 pid70c
106.66049870219808  2.5794800050900912 111.81945871237826 pid718
128.23825195134137  4.54028839002036 137.3188287313821 pid726
134.0135994539238  4.507552826215946 143.0287051063557 pid71e
139.34622685712017  4.134661522352115 147.6155499018244 pid711
140.9422474619578  4.045058205047441 149.03236387205268 pid739
145.48201006296853  2.6049584690950893 150.69192700115872 pid717
149.4744225792689  4.308523771599572 158.09147012246802 pid722
150.888359113828  4.905364578524462 160.6990882708769 pid70d
168.32573923336193  4.160757474079576 176.64725418152108 pid736
168.3762812517298  3.7136892260769296 175.80365970388365 pid721
168.5388718801827  1.1593077895533326 170.8574874592894 pid730
171.64926467578417  3.569436832814741 178.78813834141366 pid70e
173.04004342034654  4.1184401576020715 181.27692373555067 pid729
173.30532613530326  1.9930732204895736 177.29147257628242 pid719
173.96441847300017  1.1746683687211363 176.31375521044245 pid712
175.53765466708327  4.146717037456893 183.83108874199706 pid732
179.41052083240868  2.0957643125206147 183.6020494574499 pid723
