1.571239871439034  1.576856523657903 4.72495291875484 pid7fd
3.710402205228447  2.4667937894904166 8.64398978420928 pid7dd
4.548715728986441  1.0110929741046808 6.570901677195803 pid7fe
9.009039085669135  1.3885575215074526 11.786154128684041 pid7e7
11.008818526142228  2.66743780626186 16.34369413866595 pid7f4
12.818763425250058  1.8287750670309357 16.47631355931193 pid801
15.483795927336509  1.1575262677851308 17.79884846290677 pid7dc
16.05462801345804  1.8890989742130415 19.832825961884122 pid7da
18.375707492016215  1.9832049152693934 22.342117322555 pid7fb
24.877083064913652  0.774056129294751 26.425195323503154 pid7f2
25.930244358059607  2.0846543792152312 30.09955311649007 pid7d4
26.96081187314554  0.5243065588102609 28.009424990766064 pid7ef
34.41059551165373  0.886449577932888 36.18349466751951 pid7db
34.626415763668724  1.4686844126464575 37.56378458896164 pid7fc
36.679417970456676  2.8129004168392546 42.30521880413519 pid7de
36.74223259560861  1.3351178800004564 39.412468355609526 pid7f8
41.46509471453756  1.0096067785717295 43.484308271681016 pid7f0
42.23806881654073  0.439231488591898 43.116531793724526 pid800
45.01190618396963  1.3713649229664664 47.754636029902564 pid7d2
46.44547405987658  0.5828509427793738 47.61117594543533 pid7f3
47.989029131383475  1.2635026493111867 50.516034430005845 pid7ff
48.26696654486248  1.6163290414147347 51.499624627691944 pid7d3
50.003683039477764  1.3125561456871977 52.62879533085216 pid7e5
50.686601818168185  2.476095102487051 55.63879202314229 pid7df
52.87675734673682  1.2326757563368873 55.342108859410594 pid7ec
53.40525781985435  1.7138328209072062 56.83292346166876 pid7f7
59.261073612608094  1.7517356303469547 62.764544873302 pid7f6
60.72562446202533  2.367192333777838 65.46000912958101 pid7e3
62.69301261319581  1.3118027221211037 65.31661805743802 pid7e0
63.730527048254835  2.0752151503653127 67.88095734898546 pid7e6
64.12198618922609  1.1466350565880754 66.41525630240224 pid7e4
65.48002013216599  2.6736497417898715 70.82731961574574 pid7d6
69.10483493221709  2.278115912073226 73.66106675636354 pid7d0
72.51366483411937  2.441057073326636 77.39577898077263 pid7f1
74.80420982945343  2.1288081380664203 79.06182610558626 pid7d1
78.41581629610033  0.6200833697561627 79.65598303561265 pid7ee
80.33226301576622  1.8074818923564013 83.94722680047902 pid7e1
80.58930306269012  0.8804663892117996 82.35023584111372 pid7ed
81.62433762186934  0.4091297841229735 82.4425971901153 pid7f5
82.50972646496267  0.9828403399610255 84.47540714488471 pid7ea
88.83527700824648  2.171699235859628 93.17867547996573 pid7eb
89.09353065185634  0.4582264647864611 90.00998358142927 pid7d7
89.60869323305796  0.8764669788651707 91.3616271907883 pid7f9
90.83615383935087  1.4261199113334717 93.68839366201782 pid7e9
92.74484521347584  1.670395886071502 96.08563698561885 pid7d5
93.0597615111746  2.202697811771032 97.46515713471666 pid7d9
94.8681887662854  2.2347180422224158 99.33762485073024 pid7e8
94.92820691028957  1.5262734792427741 97.98075386877512 pid7d8
95.27760886736861  1.1110659342502855 97.49974073586918 pid7e2
96.65223115038214  2.2324652344333162 101.11716161924876 pid7fa
