0.24237962727152507  2.9508850056265747 6.1441496385246746 pid2232
0.5121350678474634  2.799340237039663 6.110815541926789 pid2172
0.5677353402454322  1.6339984544803157 3.8357322492060635 pid21bc
0.7694390549575125  3.9460640790463817 8.661567213050276 pid2111
1.1200579447945058  4.294000885148343 9.708059715091192 pid21a4
1.609270854674698  2.944240916043903 7.497752686762505 pid210c
1.859461599637402  2.60283865440583 7.065138908449063 pid2174
1.9925189346678174  4.816006887058377 11.624532708784571 pid21a5
2.2825220571966742  3.2485125681377682 8.779547193472212 pid212b
2.36626922106981  3.526493932474452 9.419257086018714 pid2123
3.0261317373128382  1.234463081176361 5.495057899665561 pid2165
3.5201199259858806  3.84884813730617 11.21781620059822 pid2163
4.125435787178528  1.7966559445988795 7.718747676376287 pid20ad
4.232250348913227  2.065741571772865 8.363733492458957 pid221f
4.515795939746294  3.4448177391998374 11.40543141814597 pid2173
5.375198563289092  2.351251776640108 10.07770211656931 pid2100
5.413184724789295  2.6347487302456742 10.682682185280644 pid2157
5.809762560592158  3.2869525294190445 12.383667619430247 pid20aa
5.877166221964625  3.615355862522985 13.107877947010596 pid2175
6.055771639758709  4.239629792639745 14.5350312250382 pid21ce
6.696616560089625  2.6682958175186497 12.033208195126925 pid21ee
7.7910721027241925  2.0555077694410744 11.902087641606341 pid21e2
7.791101313285522  2.313198879028552 12.417499071342625 pid21dd
10.591508461944308  1.3564497975087617 13.304408056961831 pid21dc
11.091651785804546  4.69500330995214 20.481658405708828 pid20b6
11.143973195136535  3.7972566763387983 18.738486547814134 pid219d
11.271631391762211  2.397190672183408 16.06601273612903 pid2244
11.440854422957312  2.153138562458497 15.747131547874305 pid2116
11.476131903967751  2.691934373101451 16.860000650170655 pid20a6
11.53899368948972  1.5056256598440276 14.550245009177775 pid211b
12.900256252180833  2.123363681430958 17.14698361504275 pid222c
13.282443468621747  2.0673953171751047 17.417234102971957 pid20a1
14.391375622873019  2.1264668238502207 18.64430927057346 pid21b8
15.898760641620683  3.7437497352889473 23.386260112198578 pid2235
17.408244548725104  4.608339046303898 26.6249226413329 pid21d1
18.2951944364408  4.771292596550676 27.83777962954215 pid217e
18.92231615276199  1.050634130967044 21.023584414696078 pid2143
19.378216158147154  4.516574181410572 28.4113645209683 pid21ed
19.62081449301333  1.7577935059698926 23.136401504953117 pid2253
20.008111288694742  2.497233424892757 25.002578138480256 pid2243
20.820927319374253  2.434094598988433 25.689116517351117 pid2110
21.1364703940374  4.834824944453519 30.806120282944438 pid20c9
21.419331804426427  1.47441507641387 24.368161957254166 pid222d
21.96577884598204  3.0064050229339467 27.978588891849935 pid215d
22.797270625174658  4.982873314920438 32.763017255015534 pid20b8
23.146393312478104  3.6018761546113693 30.350145621700843 pid21b0
23.16765967978441  3.090411204213746 29.348482088211902 pid20e3
23.39888323594447  1.5477068777854601 26.49429699151539 pid2203
23.67538803920727  3.9223978530893913 31.520183745386053 pid2102
23.796936596038524  3.897130347765634 31.59119729156979 pid20cb
24.1189923262008  1.7189122208724759 27.55681676794575 pid2248
25.018595168938383  4.076739788418783 33.172074745775944 pid213b
25.23007535467498  3.102878371020907 31.435832096716794 pid21fe
25.611496250508143  1.284218975715282 28.179934201938707 pid218b
25.945722646487898  2.6943394146030215 31.33440147569394 pid214e
26.14602958839234  1.6893156200064863 29.524660828405313 pid225d
26.7152922113427  2.1299079382380635 30.975108087818825 pid224f
26.81968121139593  1.219404461557061 29.258490134510055 pid2222
27.81221043949238  1.7467979745943834 31.305806388681145 pid2219
28.08750330284733  2.201129651864261 32.48976260657585 pid2228
28.454409434498782  3.1787700297775117 34.811949494053806 pid21da
28.75661027472777  1.573928801835152 31.904467878398073 pid2124
28.7609692209251  4.338945271695197 37.438859764315495 pid212d
28.999728464760125  1.5829918215449794 32.165712107850084 pid2221
29.451630944154875  1.4098736919555908 32.271378328066056 pid21be
29.98946308033478  3.578679853221206 37.14682278677719 pid21bf
30.501718952708206  4.385150535610253 39.27202002392871 pid2207
30.531324651514026  1.8882553627827927 34.30783537707961 pid2180
30.56109224547469  1.3510053542640748 33.26310295400284 pid21d4
30.948706209702127  4.866142688555879 40.68099158681389 pid2166
31.19742398003794  4.608986586436153 40.415397152910245 pid2134
31.265779234006587  2.1180748478067373 35.501928929620064 pid223b
31.479888814771734  2.547056341197281 36.57400149716629 pid20a9
31.65346276439236  3.2216058974450057 38.09667455928237 pid210d
31.78834236295352  3.747584115829532 39.283510594612586 pid21a7
31.984407927682355  2.991415125033217 37.96723817774879 pid2255
32.63104597439074  2.092630503979433 36.8163069823496 pid2137
32.822597881453184  2.4611288020962525 37.74485548564569 pid2155
32.83304330004618  1.0612446737426793 34.955532647531534 pid2202
33.32199175928053  3.3337373677121156 39.98946649470476 pid20e6
33.90832453051977  1.8957238972018802 37.69977232492353 pid2186
34.155149861109855  2.5744085603779143 39.303966981865685 pid20fc
34.18530477569118  3.776988250132895 41.73928127595697 pid21db
34.8746173136546  2.28600129464234 39.44661990293928 pid216d
35.13143079737265  1.3620907590879536 37.855612315548555 pid2188
35.18144153433022  2.765451043393912 40.712343621118045 pid2183
35.38988253995184  2.170452591345926 39.7307877226437 pid21e3
35.689825801572276  4.585023614845168 44.85987303126261 pid2146
35.74926853373499  4.4006663813498035 44.5506012964346 pid210b
35.8210749197316  1.164307370795866 38.149689661323336 pid2256
36.481811481019406  2.282074822175253 41.045961125369914 pid20c3
37.19723484707952  1.6034299972457533 40.40409484157103 pid21b5
37.2887550085444  2.9877951317643134 43.26434527207303 pid20d8
37.35050633354553  2.2924945184749292 41.93549537049539 pid21ef
38.22752094615159  4.052647465286817 46.33281587672523 pid2187
38.309533395685435  2.539227257651549 43.387987910988535 pid21b6
38.42440180759806  3.281382592220796 44.987166992039654 pid20b7
38.556372990540986  1.219769835241693 40.99591266102437 pid2105
39.437346116183164  3.502762179075944 46.44287047433505 pid2230
39.69431601641836  4.898021615076482 49.49035924657133 pid2131
40.00271649593373  1.3441114787833994 42.69093945350053 pid21df
41.17577564365383  3.0046573759383564 47.185090395530544 pid20bc
41.312787558558306  4.179171046801983 49.67112965216227 pid2168
41.62103633920971  1.4802454734799948 44.5815272861697 pid21ff
41.74896450165786  4.093252038145549 49.93546857794895 pid20e5
41.81093702996183  4.678698827174573 51.16833468431098 pid2211
42.03797659994279  3.532668945841118 49.10331449162502 pid21b9
42.09111083472371  1.0551540949074942 44.201419024538694 pid20e8
42.43871634187542  3.5696501320362604 49.57801660594794 pid20e7
43.0581636232968  4.578693174089313 52.215549971475426 pid2195
43.67508605454418  3.624161053173738 50.923408160891654 pid20eb
43.68293920410237  1.1757041797641454 46.03434756363066 pid219c
43.70322381435461  3.922293921030033 51.54781165641467 pid2206
43.705989084385166  1.1054936718457653 45.916976428076694 pid2229
43.7307128352015  4.804265121949814 53.33924307910113 pid2132
43.947743091506005  2.660859448566044 49.26946198863809 pid2153
44.33410157972298  4.620040284651818 53.57418214902662 pid221c
45.06128613948115  2.2072430922393105 49.47577232395977 pid213d
46.4648029266901  3.107165409332363 52.679133745354825 pid21c6
46.98075994839655  1.978145424024027 50.93705079644461 pid2241
47.097198699449244  3.799149859313799 54.695498418076845 pid2184
47.478837166548594  3.2803974756096514 54.039632117767894 pid2129
47.68623240669376  4.8062606583676075 57.29875372342897 pid21fd
47.77765076353892  4.420615336607387 56.618881436753696 pid21d5
48.496439024510266  1.9279892298332766 52.35241748417682 pid215b
48.50116956492435  2.7050247930369866 53.91121915099833 pid20a3
50.12877042694576  1.096553381296859 52.32187718953948 pid2150
50.17703793517896  3.3500165425865207 56.877071020352 pid224c
50.33945125450419  1.7156054242508145 53.77066210300582 pid220f
50.53912424875724  4.588697412245612 59.71651907324846 pid2122
51.302948557573  1.1954663029941148 53.69388116356123 pid2147
51.5519375199742  3.876520997373205 59.304979514720614 pid2107
51.65035094306589  4.934008719463009 61.518368381991905 pid2156
51.714220967852036  3.0293263859887647 57.77287373982956 pid223e
52.21023226829041  3.8065332746287557 59.82329881754792 pid211f
52.55828224807055  1.1203410647143963 54.79896437749934 pid2254
52.88836951670953  4.391566965139733 61.67150344698899 pid2149
53.20362324237459  2.500326746538916 58.204276735452424 pid2215
54.179539557267205  4.392856914008994 62.965253385285195 pid2161
54.28224535677464  1.9424181867941828 58.167081730363 pid225b
54.52020992296673  2.7747907684725623 60.069791459911855 pid2194
54.932010241506944  4.176033790947332 63.28407782340161 pid218e
55.205810808082944  4.266711366697668 63.73923354147828 pid2246
56.71924012715092  3.7385689792516903 64.1963780856543 pid225f
56.88093521786282  2.4534883954717017 61.787912008806224 pid21cc
57.85083032672271  2.146850288297757 62.14453090331822 pid2121
58.61725306903143  2.7294787871493615 64.07621064333016 pid2177
58.87960079104751  2.9628848866243045 64.80537056429611 pid2252
58.90195658778017  4.653936857192525 68.20983030216522 pid2213
59.03373769093429  4.453279113698169 67.94029591833063 pid2196
61.02338395260934  3.510654573483433 68.04469309957621 pid21ae
61.84784069067637  1.6005969041435777 65.04903449896352 pid216e
62.81689243095878  4.3292340832549066 71.4753605974686 pid2128
62.93133373597564  4.522174410926509 71.97568255782866 pid21ea
63.0491834158587  2.2392786095290407 67.52774063491678 pid21a1
64.1106122520969  4.943857424178216 73.99832710045334 pid2209
64.18254670648075  2.960347468759292 70.10324164399934 pid216f
64.36092209912708  4.861512845679623 74.08394779048632 pid20ff
64.53969875306407  3.826064938901431 72.19182863086694 pid2189
64.54650468861286  3.9562997545978438 72.45910419780854 pid20d2
64.73279420107283  4.163030252373934 73.0588547058207 pid219a
64.94847573467791  2.205287651044589 69.35905103676708 pid2178
65.08942699606268  3.3172989647902122 71.7240249256431 pid21e9
65.10955770385092  2.081823588452837 69.2732048807566 pid21fa
65.68534420629352  1.7149579276436566 69.11526006158084 pid222a
66.11232859825377  1.3050374363653545 68.72240347098447 pid21ab
67.07255891618699  3.854251655858346 74.78106222790369 pid2148
67.50706811257787  2.8315161230719905 73.17010035872185 pid210a
67.87083779676355  2.5133242296598706 72.8974862560833 pid225e
68.41036170656693  2.7641550685807648 73.93867184372846 pid21d2
68.44609474468784  1.3220813705626053 71.09025748581305 pid223f
69.01341775012447  4.009259349656645 77.03193644943777 pid2118
69.75295761239428  2.2983255231675273 74.34960865872934 pid20f9
69.78775099108857  2.017443640910758 73.82263827291008 pid225c
70.0593529229984  3.7981539288371624 77.65566078067272 pid222f
70.75026706678206  1.8485991684737755 74.44746540372961 pid211d
71.37297452032514  2.7137978900075352 76.80057030034021 pid20cd
73.86987630149252  4.6956197581332715 83.26111581775906 pid212f
74.13566592895532  3.801547987133845 81.73876190322301 pid20e1
74.68174282404276  4.360046221546039 83.40183526713483 pid2250
74.97169012505059  4.1065668773731865 83.18482387979697 pid21f0
75.14943643769173  2.569074619961588 80.28758567761491 pid213a
75.72143749041565  3.5734905517020965 82.86841859381984 pid2216
75.99809402898677  4.649566388403203 85.29722680579317 pid213f
76.56342866966135  1.8430384950012852 80.24950565966392 pid2126
76.66515753126723  3.7801266277045436 84.22541078667632 pid21fb
76.98516267317032  1.4892632134177775 79.96368910000588 pid21f3
77.31242603508554  2.237930806904376 81.78828764889428 pid2125
77.94454415273661  1.3322376350066731 80.60901942274995 pid2249
78.14181908573045  1.0428773492273566 80.22757378418515 pid2138
79.16818193083272  3.7197522855665754 86.60768650196587 pid2237
79.45641853620158  1.561996403358597 82.58041134291878 pid2162
79.54389358614382  3.149893920732871 85.84368142760957 pid2167
80.71148026494505  4.209645222199695 89.13077070934445 pid20c2
80.92317590482837  3.914858343788822 88.75289259240601 pid217b
81.93485267086054  2.069179424361298 86.07321151958314 pid216b
82.78767915084445  2.152677711924605 87.09303457469366 pid219e
83.82192935311588  2.1961925774803333 88.21431450807654 pid20f0
83.85576404886153  1.4830140589009795 86.82179216666349 pid2133
84.40321767721672  3.8604832930319746 92.12418426328067 pid215a
84.57630821656525  4.624108773024751 93.82452576261475 pid2239
84.65909486660954  3.727424908755752 92.11394468412104 pid20a5
85.21841133244114  2.7618258020926314 90.7420629366264 pid20d9
85.35475691760148  2.787586911361297 90.92993074032407 pid2144
86.13027379882492  2.0905598071301528 90.31139341308523 pid2103
86.38379279312012  2.248587408968631 90.88096761105739 pid21c0
86.97068536084073  2.481526712029238 91.9337387848992 pid2198
87.2011288628368  4.759704277957638 96.72053741875207 pid20b5
87.85348724606816  2.545913311059512 92.94531386818718 pid2139
88.1844304030451  2.3812686672840084 92.94696773761312 pid21d0
88.73980464496854  1.3758766490186245 91.49155794300579 pid21e5
89.18021183573164  4.505175296288602 98.19056242830885 pid210e
89.75141809494531  1.61081479065296 92.97304767625123 pid224a
89.88275368773697  4.037582938029239 97.95791956379544 pid2218
89.95961213078215  2.9938576183086396 95.94732736739942 pid21f8
90.04102215950606  4.630158960165188 99.30134007983644 pid213c
90.09647175861504  4.273825972329471 98.64412370327398 pid217d
90.44689150537323  1.0836237738945598 92.61413905316235 pid2185
91.09513425600889  2.8022156940944667 96.69956564419782 pid2169
91.29268817747476  4.013981429213617 99.32065103590199 pid21f4
91.42614597830973  3.847155711682951 99.12045740167564 pid211c
91.63268559820395  2.8355831567563974 97.30385191171675 pid21ca
92.73746882546742  1.3575738132416175 95.45261645195065 pid21b2
92.7888024703897  2.9717683749472656 98.73233922028423 pid2152
93.4594694853225  1.092849665287802 95.6451688158981 pid21ad
93.58538382962797  3.2146033306539477 100.01459049093587 pid209f
94.02781211695624  3.9512311130133546 101.93027434298295 pid218c
94.58803287309597  1.6602307264665033 97.90849432602897 pid20ea
94.68374092133703  4.255162597188242 103.19406611571353 pid20b0
94.85309671087865  4.428205173538968 103.70950705795659 pid21a3
95.1878966499458  3.1843047716941433 101.55650619333409 pid2257
95.50711039016366  4.60399658131341 104.71510355279048 pid2210
95.6718714552633  2.65587172395227 100.98361490316785 pid2171
96.89025790553143  2.5856977948543576 102.06165349524014 pid20dc
97.7406840292259  3.3776734852570147 104.49603099973993 pid21c9
98.22963147403472  2.719412534797743 103.6684565436302 pid20a0
98.31838907006573  2.692748704732108 103.70388647952996 pid2108
98.53822615257121  4.467494424107338 107.47321500078588 pid2258
98.69483282503582  1.323007073237703 101.34084697151123 pid20e2
98.80248600389072  1.7024498462765938 102.20738569644391 pid218d
98.89166376554655  4.9468765373288335 108.78541684020422 pid222e
99.47167852757363  3.622255059674859 106.71618864692334 pid20ba
99.97305239419327  4.9305169398741775 109.83408627394164 pid2197
100.28413233903319  1.511927686232153 103.3079877114975 pid20af
100.46163768635161  1.0179665992531213 102.49757088485785 pid21c8
100.51826612237873  3.1450290665170417 106.80832425541281 pid219b
102.04441432844251  4.228137206582144 110.50068874160681 pid2181
102.10486117007142  4.776514702134039 111.65789057433949 pid223d
102.63578146068566  3.9037871389074255 110.44335573850051 pid2200
104.0886181808249  2.8747237715328313 109.83806572389055 pid20a2
104.11580679594778  3.235601719673355 110.58701023529449 pid20df
104.29502380316808  4.436414538533263 113.1678528802346 pid2233
104.37916505526671  2.479266078613156 109.33769721249303 pid221b
104.97407838023132  1.0391867956844023 107.05245197160012 pid2164
106.09434418505082  4.616404338502539 115.3271528620559 pid2224
106.2597273514967  3.987047973796635 114.23382329908996 pid214a
106.46111794704618  2.3714628045353643 111.2040435561169 pid2120
107.49006262519349  4.076209001353941 115.64248062790136 pid20bb
107.70486967708264  2.833720586275148 113.37231084963294 pid21a9
108.1486437105989  2.6624379389487984 113.4735195884965 pid2179
109.01858811624183  3.0585171953058135 115.13562250685345 pid21f1
109.22198825973187  3.9675428918734092 117.15707404347869 pid2225
109.3029024646176  1.3528685988920364 112.00863966240168 pid20b4
109.36246426563439  1.4927181834511325 112.34790063253665 pid20bf
109.5095492887833  3.4975090929200867 116.50456747462349 pid21de
110.89309388181371  2.971236039416755 116.83556596064722 pid2208
111.17959312611546  2.364129568574628 115.90785226326472 pid223a
111.71945226746068  3.8725680075837703 119.46458828262823 pid20f4
113.74001315234081  3.9587402438170862 121.65749363997497 pid2145
113.9596814863245  4.861421371885113 123.68252423009473 pid223c
114.18161883499519  4.65475393626839 123.49112670753198 pid20ed
114.81394142127654  1.1310797297326314 117.0761008807418 pid217c
114.84464152504154  4.624491356028663 124.09362423709887 pid215c
115.394957273829  3.1033802495408356 121.60171777291066 pid21bb
115.4643420387705  1.2720114340023674 118.00836490677523 pid21a6
115.80597871845153  3.2340818141951684 122.27414234684187 pid21c1
115.89895352701916  1.5453739386160188 118.98970140425119 pid209e
116.00537314162482  2.5954857991322013 121.19634473988921 pid2242
116.03194159515537  1.3733200788687179 118.7785817528928 pid21c3
116.36826658659324  4.821180720353086 126.0106280272994 pid20fa
116.37225228753682  2.325186661205695 121.02262560994822 pid2154
116.37555885196275  3.000981908073565 122.37752266810988 pid2234
117.4218654242639  3.1443755525803603 123.71061652942461 pid21cf
117.75077574795066  3.4863595896887793 124.72349492732822 pid20fb
117.83805659089957  1.172944999378546 120.18394658965666 pid20c4
118.31923030551897  3.7953015664702976 125.90983343845957 pid2199
118.60202318780942  2.799184810175199 124.20039280815982 pid214f
119.27291947353889  4.31484803264159 127.90261553882208 pid21d9
119.58651053088391  2.8093971572106433 125.20530484530519 pid217f
119.82914794698715  2.4090507619262262 124.6472494708396 pid2201
120.12327568701744  2.9450614383637315 126.0133985637449 pid20b9
121.29413450146836  3.4712678384473445 128.23667017836306 pid20e0
121.44148357634741  1.9924946857455827 125.42647294783858 pid21b4
121.75036732546205  1.2360358034008652 124.22243893226378 pid20e9
122.27554157879968  1.2505410122512046 124.77662360330208 pid221a
122.63126052425716  1.8719030655374742 126.3750666553321 pid21d6
122.91312088621899  3.543743805689518 130.00060849759802 pid20f3
123.0550012577555  1.9197966389591934 126.89459453567389 pid2251
123.07396914114845  4.8832942235366446 132.84055758822174 pid224e
123.10775709475855  4.788281142720315 132.68431938019918 pid2231
124.00116338275782  3.3689878987610338 130.7391391802799 pid20ac
124.04629710610244  2.901076351413474 129.8484498089294 pid2142
124.27277210341886  2.994232168694417 130.2612364408077 pid220c
124.68552023503715  3.2552787311097626 131.19607769725667 pid220a
124.8813414354612  3.6201421818477777 132.12162579915676 pid2190
125.19153152862049  4.403559908245163 133.9986513451108 pid2119
126.30195655511582  1.027134419198429 128.3562253935127 pid217a
126.34027378337396  3.432644004298165 133.2055617919703 pid21f2
126.75010337018506  4.886612087707807 136.52332754560067 pid20f5
126.97195834536123  2.3788733548923924 131.729705055146 pid214d
127.0261081448497  1.2513113926835704 129.52873093021685 pid2259
128.94230174155496  2.558675207411075 134.0596521563771 pid21b3
129.2049452836763  4.5546023076986195 138.31414989907353 pid20fe
129.25276026817176  3.548270649411405 136.34930156699457 pid20a7
129.4304894936628  3.8250797452398886 137.08064898414258 pid2247
129.61589838843807  1.4790333901473818 132.57396516873283 pid216c
129.75825410930588  2.8475592874799074 135.4533726842657 pid224b
130.0973117387305  2.1261551860406978 134.34962211081188 pid20de
131.00933807426722  1.2851837504043542 133.57970557507593 pid2158
131.85592322237957  3.096901527478327 138.04972627733622 pid21b1
132.39699321284138  4.872140193896041 142.14127360063347 pid210f
132.51005169591977  4.409270347099909 141.32859239011958 pid20e4
133.6032932380636  4.172371263403084 141.94803576486976 pid20d6
134.7176466164269  1.873696280951492 138.46503917832987 pid2101
134.81074279320933  1.840797967779793 138.4923387287689 pid2170
134.9839462118004  2.132025160729587 139.24799653325957 pid21f7
134.9923402508532  2.1576564942944585 139.30765323944212 pid21c5
135.34559295097299  1.7994493118543993 138.9444915746818 pid20f8
135.45491098622642  2.611902786475682 140.6787165591778 pid21d8
135.93308832000545  3.0124051187301544 141.95789855746577 pid20ab
136.29767107995525  2.1257783383004454 140.54922775655615 pid20c1
136.45704325694706  3.0418261513388387 142.54069555962474 pid20ce
137.0242361554331  4.82116895869353 146.66657407282017 pid2226
137.08238629671024  3.967345138977293 145.01707657466483 pid20c6
137.15381934472958  1.8386608179044561 140.8311409805385 pid2240
137.98171283379907  2.5360002266806605 143.05371328716038 pid2117
138.32692231343094  2.396101276834229 143.1191248670994 pid20f1
138.59682743712452  3.9515318556063064 146.49989114833713 pid21f9
138.79549746980007  2.884797768681463 144.565093007163 pid21e7
138.84602418562844  2.5365642816293876 143.9191527488872 pid21a0
139.14027151175807  1.46220998728286 142.0646914863238 pid20ae
139.82334973601226  1.394579605000454 142.61250894601318 pid2127
139.96169183242523  1.2920899537853545 142.54587173999593 pid212c
140.70364493900965  3.694775076287463 148.09319509158456 pid2106
140.72474994784548  2.215772344064782 145.15629463597506 pid21ec
140.76556693003207  2.423537539503122 145.6126420090383 pid20c8
140.90578708835068  1.2373382453000632 143.3804635789508 pid215f
140.98498263187113  3.41194201401629 147.8088666599037 pid218f
141.5847099700864  3.6430897839498178 148.87088953798605 pid20ee
143.15326788448658  2.5222103379102103 148.197688560307 pid2182
143.32563675689772  1.4380064302616447 146.20164961742103 pid2160
143.94742617141716  1.06871576258178 146.0848576965807 pid21f6
144.57511458388373  1.6856413932549552 147.94639737039364 pid2140
144.93565390022766  4.660237560011821 154.2561290202513 pid21ac
144.98536221489871  3.5588947147949983 152.10315164448872 pid2104
145.13218471974918  2.133813810072135 149.39981233989346 pid20d1
145.70456797975237  2.977977850022847 151.66052367979808 pid2212
145.85339971922602  3.576271706164742 153.0059431315555 pid2141
146.0390522874548  3.252633635282645 152.5443195580201 pid21c7
146.21530237475469  2.104014483763298 150.42333134228127 pid20d0
146.24648810054717  3.4009471714963637 153.0483824435399 pid211a
146.97693141307204  1.6313682375047374 150.2396678880815 pid21c4
147.31187168329976  4.076398670966862 155.4646690252335 pid20c7
147.9024088852715  2.158440452114618 152.21928978950075 pid20ca
148.46758371584204  3.0736115871972824 154.6148068902366 pid222b
148.78673016582636  3.854178567647468 156.4950873011213 pid220b
149.01241492546762  2.5491632854699287 154.11074149640748 pid21d7
149.4479392846987  3.3913264751136545 156.230592234926 pid20f2
149.79354062753117  4.913512671404283 159.62056597033973 pid20bd
150.3391843679513  4.806432742461855 159.952049852875 pid221d
150.37147671666156  1.4196828353789983 153.21084238741955 pid2204
150.5529897461953  4.770941966206257 160.0948736786078 pid221e
150.97200387781825  2.8971552272793124 156.76631433237688 pid220e
151.3658859673622  3.2928515536111167 157.95158907458443 pid20db
152.85297516771385  4.308562478469199 161.47010012465225 pid214c
153.43955048324779  2.0326427693799918 157.50483602200777 pid20b3
153.61817970164108  2.465761960593174 158.54970362282742 pid21e8
154.53168673655787  1.3868960758464866 157.30547888825083 pid20da
154.85492432737303  1.0438383438235999 156.94260101502022 pid2227
154.89007985810943  4.153911313396192 163.19790248490182 pid20a4
155.11746457596308  3.404230902010777 161.92592637998465 pid2205
155.1507424601187  3.3386850587219907 161.82811257756268 pid2214
155.17282128918066  1.9187559036879014 159.01033309655645 pid215e
155.31287798362575  1.9462277973958209 159.2053335784174 pid20d3
155.48187801231904  1.1019873592537404 157.68585273082653 pid21cb
156.40500303706227  2.419984173439457 161.2449713839412 pid21aa
156.64422308178686  2.279397656778859 161.20301839534457 pid218a
157.196244834031  4.661815238162376 166.51987531035576 pid2113
157.27419275863184  1.214646729977419 159.70348621858668 pid2115
157.37833317105282  3.2935695261692213 163.96547222339126 pid20d7
157.52459641696242  2.71670898437039 162.9580143857032 pid220d
157.7054765301316  4.616030293595445 166.93753711732248 pid212a
157.70682426610892  1.5521588221847082 160.81114191047834 pid20b2
158.2441711364158  2.129263350474748 162.50269783736528 pid214b
158.33515618077206  2.1522622325649716 162.639680645902 pid21e6
158.3919525919936  4.193837635928874 166.77962786385135 pid225a
158.4637321213418  2.5767148323172426 163.61716178597626 pid20a8
158.75367958443465  3.881556284916533 166.5167921542677 pid20ef
159.07465729245007  1.8149940409783678 162.7046453744068 pid2114
159.66283050873812  1.8746809977876904 163.4121925043135 pid20cc
159.9891533826885  3.7068958030018706 167.40294498869224 pid2245
160.00556197648947  4.342558988809143 168.69067995410776 pid2238
160.0064278979802  1.9636322518705929 163.93369240172137 pid20c5
160.15961001276472  1.5794278493415423 163.3184657114478 pid2151
160.3136448852048  4.13498572831239 168.58361634182958 pid21c2
160.5041348249462  1.5306653255284255 163.56546547600306 pid2220
160.88413605848086  1.7874230208747752 164.4589821002304 pid212e
161.14914064215705  1.133017090447845 163.41517482305275 pid20b1
161.5951993156248  1.272948225700853 164.1410957670265 pid2136
162.28252347518446  1.316993845910733 164.91651116700592 pid20ec
162.41534237443545  3.7307712215019007 169.87688481743925 pid213e
162.79038726086392  4.123113445613937 171.0366141520918 pid219f
162.79229412043  2.9671250606962 168.7265442418224 pid21af
162.79514889687252  1.2317345445727135 165.25861798601795 pid20be
163.04195040314002  3.64612808897077 170.33420658108156 pid20d5
163.17730734322498  3.523096678758343 170.22350070074168 pid2130
164.90180556746  4.0723848885358205 173.04657534453165 pid216a
165.509518468254  1.2933990315666413 168.09631653138726 pid21fc
166.93314547768375  4.401702306598015 175.73655009087977 pid2217
166.9931287866526  3.2418719935782967 173.4768727738092 pid224d
167.0894167308571  4.217482303297162 175.52438133745142 pid2135
167.43827367198145  3.2142505661950804 173.8667748043716 pid20f6
169.0446739091728  4.482000550030845 178.00867500923448 pid20cf
169.21607701971436  3.805302706661467 176.8266824330373 pid2193
169.53791517088126  2.9381547096013305 175.41422459008393 pid2159
170.4817427924206  3.2494575298233928 176.98065785206737 pid21bd
171.55928597181585  2.3650580545752113 176.28940208096628 pid21f5
171.5959707620337  3.2101186512668742 178.01620806456742 pid21eb
172.45072948416222  3.4922435305497745 179.43521654526177 pid21d3
172.5448370963608  1.8693410633231924 176.28351922300718 pid21cd
172.8328348076457  1.5377420888039053 175.90831898525352 pid20fd
173.26990306479374  3.1057618073616053 179.48142667951694 pid21a2
173.27605788617203  1.903131593110992 177.08232107239402 pid21b7
173.55659138324432  1.7814686377222348 177.1195286586888 pid2236
173.74525254357823  1.6980653023242653 177.14138314822677 pid2176
173.84319933067212  2.0868709821840348 178.0169412950402 pid2109
173.99173696181737  3.259306405781016 180.5103497733794 pid20f7
174.08100152261298  1.4087539758661114 176.8985094743452 pid2192
174.56293055106667  3.795982470061935 182.15489549119053 pid21e1
174.95593964980407  2.5166342554524146 179.9892081607089 pid2223
175.76542736523854  4.9249837671226295 185.6153948994838 pid21e4
175.8008858753477  3.829213976898648 183.45931382914497 pid21ba
176.9169754024418  2.3919505449225533 181.7008764922869 pid20dd
177.15488416574328  2.4432492685896325 182.04138270292256 pid20c0
177.34388911411054  3.380457897398706 184.10480490890794 pid21e0
177.59434557947444  4.485848199974358 186.56604197942315 pid2112
178.113794897517  4.732837483419621 187.57946986435624 pid21a8
178.18869420887017  1.7007082038600703 181.59011061659032 pid211e
178.81113538286002  3.2560767954972696 185.32328897385455 pid2191
179.19814404929434  2.1546708762643165 183.50748580182298 pid20d4
