0.4132465947798436  3.9048976516964053 8.223041898172655 pid556
1.4457711201803836  3.069382301137876 7.584535722456136 pid558
2.4076656480900693  2.1716247693696844 6.750915186829438 pid54c
4.522034931302938  2.499651596959778 9.521338125222496 pid55f
5.672372072338227  2.6729405472379137 11.018253166814056 pid554
8.015665311346286  2.0935302416794874 12.20272579470526 pid54a
9.583915678823477  1.8431469092346942 13.270209497292864 pid577
11.088107651941339  2.2115805633131598 15.511268778567658 pid56b
16.84962279420346  3.745819379845726 24.34126155389491 pid560
18.574990899382545  2.234319744269941 23.043630387922427 pid55c
19.26760740948579  4.133116688418694 27.53384078632318 pid55d
27.46008183743437  1.7641038404530351 30.98828951834044 pid567
31.233284482374316  3.834785686242928 38.90285585486017 pid555
35.49147228595512  1.2933145657603715 38.078101417475864 pid574
36.62886831807521  2.5862659149411833 41.80140014795758 pid557
36.85513662357493  2.157042316780715 41.16922125713636 pid550
37.16414244830014  2.899590468150989 42.96332338460212 pid546
40.755147372430066  4.4487700523120814 49.65268747705423 pid549
42.266854111593005  2.7440811268494176 47.75501636529184 pid551
45.95380117882529  1.7332711163062724 49.420343411437834 pid569
59.91618500321566  3.671491002685596 67.25916700858686 pid563
66.83025309347576  1.0828102765103753 68.9958736464965 pid56a
67.23278258203014  3.4502139548625763 74.13321049175529 pid573
67.38544523963624  4.473220253582735 76.3318857468017 pid55e
69.86962124521742  3.139339625182574 76.14830049558256 pid54e
72.53089000494016  4.107672275509675 80.74623455595952 pid572
73.6574713413476  2.899507111282703 79.456485563913 pid575
76.90203152254045  4.023515969605125 84.94906346175071 pid568
78.49663148262505  2.801332551678967 84.09929658598298 pid553
79.73623202721626  4.153050801273467 88.04233362976319 pid55a
81.81924588716738  2.668548148903911 87.1563421849752 pid548
84.55339473462237  1.8003189167934952 88.15403256820936 pid565
91.86064670701651  2.887369313599143 97.6353853342148 pid56d
92.99629271034283  3.3382299618813547 99.67275263410554 pid570
96.61596890640814  3.2902978360341457 103.19656457847643 pid571
104.32797173196333  2.3958633724272054 109.11969847681775 pid55b
110.19311142354687  1.7061726561548847 113.60545673585663 pid564
114.12986299519469  1.9159117336112677 117.96168646241722 pid54d
117.81039229069556  4.975489196949899 127.76137068459536 pid56f
118.88195610044757  2.8200794025995823 124.52211490564673 pid547
123.58466059659847  1.6727059889489895 126.93007257449645 pid54b
128.69098845954437  1.1967648952531271 131.08451825005062 pid562
132.70884660194693  2.906585010293931 138.5220166225348 pid56c
150.89622444775233  4.114725805286343 159.125676058325 pid566
151.9814536603838  2.831066478796907 157.64358661797763 pid576
152.1272064755891  1.2946020297400085 154.71641053506912 pid559
158.8615585563536  3.457421799775062 165.77640215590372 pid552
170.50732150058005  3.1136967596568916 176.73471501989383 pid54f
170.8368056205609  2.9747829891075237 176.78637159877596 pid561
178.94298998095013  4.09732342613617 187.13763683322247 pid56e
