0.8427587263226499  1.313060545302395 3.4688798169274397 pid26fe
1.03917247172987  1.9338059007940935 4.906784273318057 pid2793
1.7737706858577162  3.2686267557718964 8.311024197401508 pid272b
1.925821347619039  3.816501772535663 9.558824892690366 pid2678
2.088858025150999  1.3475067437725254 4.7838715126960505 pid2736
2.8454852365143224  3.188436314361149 9.22235786523662 pid2729
4.6041014216340574  4.513602092364726 13.63130560636351 pid2619
4.723534365773316  2.857668237236272 10.43887084024586 pid2709
4.914034451618637  1.409596083908748 7.733226619436133 pid2774
5.332119861239992  4.432352269731549 14.19682440070309 pid2660
5.392733975735881  3.3765712982547607 12.145876572245403 pid2779
5.433176908779547  4.160666837519125 13.754510583817797 pid26f9
5.490980703363273  3.5212906319018864 12.533561967167046 pid2667
5.514610108790061  1.9724061368639534 9.459422382517968 pid25fd
5.699377543793254  1.9386614516697183 9.57670044713269 pid267a
5.936625920389577  3.154017610908129 12.244661142205835 pid2602
6.284875179284324  1.758520601227986 9.801916381740295 pid26c6
6.474722158571929  3.6013687033614565 13.677459565294843 pid2621
7.32660814327545  4.2250283559581945 15.77666485519184 pid268c
7.638637198136912  3.6877962319738478 15.014229662084608 pid261e
7.729831381828236  4.889675597147807 17.509182576123848 pid269f
7.759766973594107  3.476832202400862 14.713431378395832 pid262b
7.895421274769152  4.95160068946763 17.798622653704413 pid2786
8.283365867338233  4.2225592241752 16.728484315688632 pid276d
8.350373795957854  2.129086817733589 12.60854743142503 pid26dc
8.361113018688307  3.2911439065842303 14.943400831856767 pid2704
8.984388306740206  3.2793685155330974 15.543125337806401 pid269c
9.562149582617565  1.2896522272949924 12.141454037207549 pid25e9
9.67389397172187  4.156178334468052 17.986250640657975 pid2625
10.433724119289494  3.6570141916474297 17.747752502584355 pid2724
10.839404792616751  1.2111674815562705 13.261739755729291 pid2755
11.277089975754464  2.596764384140804 16.470618744036074 pid2751
11.501741600557029  3.598168198554634 18.698077997666296 pid26d6
11.691370147687433  1.5369986214496074 14.765367390586647 pid2792
12.260327932303653  3.6224783553845916 19.505284643072837 pid2728
12.990797037576767  3.4168641652617318 19.824525368100232 pid277c
14.752062427619295  2.3653103383559273 19.48268310433115 pid26ae
15.537264377534472  1.791467990640382 19.120200358815236 pid25ff
15.834051947547778  1.097139333523745 18.02833061459527 pid2604
17.038472269948358  1.2820023986719074 19.60247706729217 pid2630
17.27437696600279  4.136461678623446 25.547300323249683 pid25f5
17.39064649559939  3.59147778763885 24.57360207087709 pid26a6
17.47407750254455  4.999153119336473 27.472383741217495 pid260f
17.68357054052936  4.819454308393842 27.322479157317044 pid262f
17.846442872140926  3.0978901326941304 24.042223137529188 pid26e3
18.818681130119845  4.095799435435618 27.01028000099108 pid25f3
19.206602644250665  1.6278598512792888 22.462322346809245 pid26ed
19.290028666994292  1.6109953184353967 22.512019303865085 pid264a
19.54956144309025  2.8768267371913994 25.30321491747305 pid26c3
19.596375475712502  2.5278111723270653 24.65199782036663 pid25e6
19.71210443444763  4.290349578568325 28.29280359158428 pid26e0
19.942568081103765  2.522527396006922 24.98762287311761 pid261c
19.951393975993696  4.0371590266273785 28.025712029248453 pid26b3
19.982827401437454  2.848429181847348 25.67968576513215 pid25ee
20.103101492793915  4.866280037563901 29.83566156792172 pid2620
20.35121791470855  2.5344183310621218 25.420054576832793 pid2783
20.758632108285372  2.874401391501199 26.507434891287772 pid2731
21.528519571828568  2.0896877732665247 25.707895118361616 pid26e6
21.694319250568316  1.002922667464051 23.700164585496417 pid2639
21.754470448634898  2.8639315362712807 27.48233352117746 pid263b
21.765027144778564  2.3700437426725958 26.505114630123757 pid2791
22.016110398652508  4.338207154840783 30.692524708334073 pid26c8
22.050046048424605  3.0326843657568343 28.115414779938273 pid2789
22.317580713073188  2.7683139507836354 27.85420861464046 pid2698
23.1690380099922  2.2511328856366224 27.671303781265443 pid26d1
23.84492295232606  4.590721386531513 33.026365725389084 pid265b
23.98977106632521  3.0909508463782607 30.171672759081734 pid2717
24.117438263659466  4.26163223424395 32.64070273214737 pid25eb
24.9053602999532  3.8985209314820315 32.70240216291727 pid2611
25.521821275773917  3.2182388515095095 31.958298978792936 pid26e1
25.850147061116328  4.703683605371465 35.25751427185926 pid2672
26.886435274354138  1.5355780739296745 29.957591422213486 pid2657
27.35997344681965  1.0121666889840544 29.38430682478776 pid26ee
27.544948723343538  2.133194164224469 31.811337051792478 pid2641
27.709769263667678  1.0685101651449247 29.846789593957528 pid278c
28.035026327842697  2.4276943524336705 32.89041503271004 pid2693
28.57760622638044  4.807579570865851 38.19276536811214 pid2679
29.27903333306953  2.240243649809734 33.759520632689 pid266d
30.236622955264416  1.8711197593444164 33.97886247395325 pid26bb
30.482971864170974  3.277120084731231 37.03721203363344 pid278b
30.500073607165074  4.061730429596841 38.623534466358755 pid2787
30.82818761158537  3.6098288294251795 38.04784527043573 pid2643
31.114054687628183  4.101728678291337 39.31751204421086 pid26d5
31.674497402781434  4.7777515844170155 41.23000057161546 pid2624
31.919374106368018  1.8033036648592273 35.525981436086475 pid275c
32.018134053059356  3.8556994992858873 39.72953305163113 pid270a
32.70867313064789  2.7558693732633457 38.22041187717458 pid276c
32.79648992147442  3.949653062694019 40.695796046862455 pid2640
32.99818676449572  3.6027721794541763 40.203731123404076 pid2707
33.59872083164386  2.142051733216332 37.88282429807652 pid26fa
33.844953125506215  3.1959265230239176 40.23680617155405 pid276a
34.070130922204655  4.818669120759743 43.70746916372414 pid2664
34.3169614879892  2.5932676807759036 39.503496849541 pid25e7
34.487998604493946  4.409037934705978 43.3060744739059 pid2733
34.71269269915361  3.9499976491845783 42.61268799752276 pid2703
35.10412495299007  2.1783562989713188 39.46083755093271 pid2798
36.100920907329524  3.209377129199962 42.519675165729446 pid2655
36.50826730332298  1.0945132591859137 38.69729382169481 pid26e7
36.56492305243144  3.0051395205316784 42.575202093494795 pid26f2
36.62882483029062  3.5719982264996624 43.77282128328994 pid2766
37.786453404480305  3.922594482201817 45.63164236888394 pid2714
37.96416707335294  4.15526020048911 46.27468747433116 pid2642
38.15439628656068  1.6484003103820655 41.451196907324814 pid2659
38.26841956480404  3.458853028380527 45.1861256215651 pid266a
38.40166415036542  2.4019347659706023 43.20553368230662 pid264d
38.57852308849927  3.845907492111169 46.27033807272161 pid269d
39.397835453706364  3.7378423421004294 46.87352013790722 pid266e
39.46756491683999  4.994423027428246 49.456410971696485 pid2636
40.02109945550125  4.430318214438502 48.88173588437826 pid27a4
40.04157622226537  1.4954590238281118 43.03249426992159 pid26d4
40.59376343722978  1.056739926552368 42.70724329033452 pid2747
41.74944552595919  1.1976967551844009 44.144839036327994 pid2769
41.79915846530865  2.3535604108591626 46.50627928702698 pid2743
41.81846131882538  1.9217104163361398 45.66188215149766 pid2658
41.819676057534515  1.9223957504136395 45.66446755836179 pid2722
42.18275310869973  4.392396457148182 50.96754602299609 pid2730
42.828020504507535  1.7907787870146987 46.40957807853693 pid261a
43.32267077316141  1.2236339136492012 45.76993860045982 pid278f
43.6720928549778  4.90382256573742 53.47973798645264 pid2634
43.68467952599906  3.2878826333026847 50.26044479260443 pid26cf
44.04253762383961  2.790869941981474 49.62427750780255 pid270f
44.33533231479946  2.9360841676964724 50.2075006501924 pid26a4
44.56220978503737  2.0162657993331714 48.59474138370371 pid267f
44.8895739810492  4.627142902938822 54.143859786926846 pid2773
44.925201293288964  3.3712502273148375 51.66770174791864 pid25e4
44.98749091738772  3.2457679550507668 51.47902682748925 pid2711
45.344754414197666  3.603521679082313 52.55179777236229 pid27a0
45.36807919117313  1.189936033910798 47.747951258994725 pid2772
45.54234113025386  3.9206587082977733 53.383658546849404 pid2737
45.84359528126868  2.932177407536237 51.70795009634116 pid2669
46.11047928564503  2.445770424037519 51.002020133720066 pid277d
46.17493405587932  1.4184699107873588 49.011873877454036 pid2632
46.55601387990725  4.757566327757068 56.071146535421384 pid260a
46.87545499182683  2.4166620692751044 51.70877913037704 pid270e
47.77770722434687  1.8290563401003728 51.435819904547614 pid26d8
47.82468595515307  4.780842519053188 57.38637099325945 pid2686
47.91052322071711  4.7929868981148145 57.49649701694674 pid2635
47.9537215918629  4.151169998580524 56.25606158902395 pid272c
48.99786984435501  3.376575669399563 55.75102118315414 pid260c
49.20658744038893  4.205226104287112 57.61703964896316 pid2612
49.23656651454299  1.8759825349775259 52.98853158449805 pid2677
50.31750718414584  1.3014467381275856 52.92040066040101 pid277a
50.45726846379309  1.3225059778270576 53.102280419447204 pid2618
51.46235010373317  2.0580423146961944 55.57843473312556 pid2614
51.54742830984857  1.4002123795794943 54.347853069007556 pid25f4
51.96132264868005  1.8070469054703273 55.575416459620705 pid269a
51.99180439030994  1.2812813861661905 54.55436716264232 pid2656
52.43015780325811  1.2604636778377492 54.95108515893361 pid2782
52.505580175900626  4.435344962725429 61.37627010135148 pid263d
52.738939117846485  2.8690907112480835 58.47712054034265 pid26e2
52.78978375722373  3.091813325512575 58.97341040824888 pid26f5
53.10894796450903  3.3984753222105804 59.90589860893019 pid2715
54.67270680658631  3.351559878084947 61.3758265627562 pid26a0
54.72535303156364  3.3108476816706105 61.34704839490486 pid2753
55.20324786736275  3.5664225890294095 62.33609304542156 pid26a9
55.270378161891635  2.1305137541218917 59.53140567013542 pid264b
55.33469178516862  3.625901827164491 62.586495439497604 pid2796
55.36710845703229  1.4233080049192925 58.21372446687087 pid273b
55.6586382774671  1.9895966927949584 59.637831663057014 pid2756
55.87183769322982  3.946289167905835 63.76441602904149 pid268a
56.82535698135816  1.3020753100343092 59.42950760142678 pid2676
57.01042888149548  2.9567867361404985 62.92400235377647 pid2601
57.365553093591956  4.161001711462914 65.68755651651779 pid26de
58.22094702881089  4.355478824619311 66.9319046780495 pid26f4
58.24581964864064  3.5259380398829374 65.29769572840651 pid262e
59.473294236843884  1.7256536706288954 62.92460157810167 pid26af
59.84051214127634  3.21870777791979 66.27792769711593 pid277f
60.3758112878095  4.921998967306656 70.21980922242281 pid2637
61.99762484920188  3.025081359307215 68.0477875678163 pid26f3
62.185839842305256  3.8113169118733183 69.8084736660519 pid2757
62.3736453156821  1.3230003761400755 65.01964606796224 pid276b
62.61587963726784  4.870356406495674 72.35659245025919 pid260b
62.896521290957494  4.027046194353874 70.95061367966524 pid26c5
63.283546949269585  3.264097450227696 69.81174184972498 pid2768
63.80662099873082  2.7181653854325236 69.24295176959586 pid26f0
64.6211609130248  1.0278308663784443 66.67682264578168 pid2650
65.3052607300127  1.0493361561435717 67.40393304229985 pid2710
65.76665552016932  3.9236697845028448 73.613995089175 pid2750
66.22534252348977  3.6997310919454516 73.62480470738068 pid25fc
66.23286507265999  2.574214444684405 71.3812939620288 pid273c
66.82048491584882  3.784248747061451 74.38898240997173 pid263c
66.83198332719446  4.836664221903733 76.50531177100193 pid26c7
66.83873517809336  2.284358709661922 71.4074525974172 pid2681
67.41375190667765  4.4303056759589605 76.27436325859557 pid26b2
67.99502890703434  1.6372833367595323 71.2695955805534 pid26ef
68.82410198068905  4.589433823191348 78.00296962707175 pid2735
69.26911065593835  3.5924234681933345 76.45395759232501 pid2761
69.27598486067328  2.0258221007795996 73.32762906223248 pid25f8
69.67116494485055  2.2526418955002314 74.17644873585101 pid26c2
69.83823761511621  1.5720495098657867 72.98233663484778 pid2799
69.97863230097117  3.919228866581236 77.81709003413364 pid2645
70.7855790250743  3.419842909560527 77.62526484419536 pid2726
71.27032015883816  4.957093464336743 81.18450708751165 pid2691
71.8951731703274  2.5766741885375612 77.04852154740252 pid2795
71.99111837968267  1.8076443999322995 75.60640717954728 pid2732
72.07739371637177  1.734319565203997 75.54603284677977 pid25fb
72.54942528414195  2.815960020032661 78.18134532420727 pid2671
72.62590930137672  2.1144780371454575 76.85486537566764 pid2727
72.84802608897004  3.5873646548352927 80.02275539864063 pid2682
73.50364267045587  2.585039036532965 78.67372074352181 pid2629
73.61448073322032  4.635700873113477 82.88588247944728 pid271c
74.37480919165017  2.8459785198867196 80.06676623142361 pid272f
74.5116070327791  3.116812057550919 80.74523114788093 pid2734
74.83563487403785  4.913914860346727 84.66346459473131 pid2775
74.97712078286641  4.529083024103288 84.03528683107298 pid272d
75.58093196780789  1.7532272300067735 79.08738642782143 pid275b
75.7390162571911  1.5668419484535265 78.87270015409815 pid26aa
76.25205308026719  3.0962640741054455 82.44458122847809 pid25e5
76.68302718863703  4.542312996795481 85.76765318222799 pid2673
76.98703699188765  3.4299867788325042 83.84701054955266 pid2719
77.59185628670352  2.141882401731345 81.8756210901662 pid26f6
78.79637171770273  4.283689851790858 87.36375142128445 pid26b1
79.08801117672245  1.6600088434108358 82.40802886354412 pid2759
79.66952163048083  2.8645407988481897 85.39860322817721 pid262c
79.9634499439256  2.0718686895603975 84.10718732304639 pid264c
80.45102588748901  1.5636850669032207 83.57839602129545 pid2776
81.89523559839449  1.3935284470433276 84.68229249248115 pid2744
82.17749055956898  3.2971980177969926 88.77188659516297 pid2610
82.18934048616981  1.1979766397080658 84.58529376558594 pid2603
82.28861157723054  4.505230589898592 91.29907275702773 pid2617
82.36173554158475  1.6855180998925374 85.73277174136983 pid2777
82.54617210129126  2.0569136675216653 86.65999943633459 pid265d
83.26456626862013  4.680409241867316 92.62538475235476 pid2687
83.61453518576587  4.475620294744269 92.56577577525441 pid271d
83.77977655541521  1.6329733082038125 87.04572317182283 pid2764
85.51612750154732  1.8411567604899544 89.19844102252722 pid2647
86.1931458913533  2.1607957887666194 90.51473746888654 pid2665
86.25143313279602  3.911910451374513 94.07525403554504 pid278d
86.46917915321289  1.8401572249323013 90.14949360307749 pid2670
86.74543254612736  2.1369395070654296 91.01931156025822 pid2668
87.47400118524531  2.448868636487626 92.37173845822056 pid2622
88.20762576720679  2.9949103317468078 94.19744643070041 pid2708
88.37826498158452  2.15294112014948 92.68414722188348 pid26f1
88.75751588748136  4.743176268299163 98.2438684240797 pid26a1
88.84127707075282  2.6210836945073464 94.08344445976752 pid26ba
89.66739143154025  4.081908430776661 97.83120829309357 pid2609
90.38822036809499  1.3323945459950859 93.05300946008516 pid279e
90.91632913526487  4.032160927665629 98.98065099059613 pid26db
91.48471121926445  2.337081495369359 96.15887421000318 pid2652
91.59244167040075  1.9542414711478475 95.50092461269644 pid2763
92.2316419906767  2.149332625109702 96.53030724089611 pid274e
92.35324521107121  1.3538446192034987 95.06093444947821 pid2746
93.13350943710124  3.8045888910644363 100.7426872192301 pid26be
94.07369058363739  1.2413059038555345 96.55630239134845 pid26fd
94.36859031399908  4.1683109691414515 102.70521225228198 pid27a1
95.77101168295599  1.7374143590646027 99.24584040108519 pid25ed
96.00348627482752  2.352771013038841 100.7090283009052 pid2701
96.34510898287688  3.156612336104736 102.65833365508635 pid2706
96.42463471352957  3.3273219456431855 103.07927860481594 pid27a3
96.85061339777491  4.612366501099517 106.07534639997394 pid271e
97.37420903469246  4.901091282084429 107.17639159886131 pid26b0
97.39230827958325  3.8209223928895995 105.03415306536245 pid25f0
97.39544527753776  4.348010362081359 106.09146600170048 pid2623
98.26316750652842  3.6153548932164186 105.49387729296126 pid2739
99.01799909045634  1.3231143849038376 101.66422786026402 pid2616
99.06880318299343  4.964387404538908 108.99757799207126 pid267d
99.16769120274496  2.710144485448144 104.58798017364126 pid269b
99.23461034743441  3.3954321462140413 106.0254746398625 pid26fb
99.70271193188677  1.005175197066015 101.7130623260188 pid267c
99.98807116063006  3.9152949610577013 107.81866108274546 pid271b
100.03209828731089  1.8408153020999722 103.71372889151083 pid2615
100.49584487491364  3.8450219729424884 108.18588882079862 pid2762
101.41065806202383  4.899834233170409 111.21032652836465 pid273d
101.60725916358113  1.6557395126770595 104.91873818893525 pid2767
102.33478862394351  1.5338328452454877 105.40245431443448 pid2628
102.75628744990266  2.798816160450715 108.35391977080408 pid278a
103.66331425019655  1.6048767013766483 106.87306765294984 pid2785
103.68197640130816  1.9372188735517901 107.55641414841175 pid261f
103.69077207778992  1.9442148414549094 107.57920176069973 pid2695
104.49562397664387  2.478074842170018 109.4517736609839 pid266c
104.50440232910117  3.6851007921945946 111.87460391349036 pid2606
104.96735542352117  2.6588537159627 110.28506285544657 pid26b8
105.02444020716672  3.6168306608937564 112.25810152895423 pid25f7
105.13734540436764  2.407294378283735 109.95193416093511 pid2662
105.19033506445989  2.0939782724256446 109.37829160931118 pid274b
105.34969158330111  4.7092206021398635 114.76813278758084 pid2631
105.89835592214533  1.6252602970328827 109.14887651621109 pid26a7
106.42224069478901  4.571689992599346 115.5656206799877 pid2692
106.43684168557955  1.6932157157989645 109.82327311717748 pid2680
106.70592114620368  2.0974544107569786 110.90082996771764 pid275e
107.55052704882279  1.2876233722015544 110.12577379322589 pid25ea
107.70223116127053  2.4568863687498967 112.61600389877033 pid2721
107.7353182322638  3.9188735926751916 115.57306541761417 pid2600
108.19034171628451  2.495906005451489 113.18215372718748 pid26d3
108.30938946433837  2.8435773850230768 113.99654423438452 pid27a2
108.4407648236205  1.136820747031491 110.71440631768348 pid2700
109.2550005468035  3.333554079660422 115.92210870612435 pid2788
109.4008304767055  1.762824238696762 112.92647895409903 pid2720
109.48253116459234  2.866005842820799 115.21454285023394 pid277b
109.63198389641781  3.1505391724015643 115.93306224122094 pid26d0
109.71631992572672  3.0009325287343946 115.71818498319551 pid25fe
109.95217262913258  2.452427149645164 114.8570269284229 pid2797
110.57676356090101  2.3089143586638254 115.19459227822867 pid2771
110.92268577261949  3.0181942575281906 116.95907428767588 pid26c1
111.49010906224126  4.709266954561043 120.90864297136335 pid260d
111.53227811713232  1.7498869146322296 115.03205194639678 pid269e
112.01132128878506  4.004892345588667 120.02110597996239 pid272e
112.20345979750701  3.3137185214307987 118.83089684036861 pid262a
113.61475019539736  2.308550201679113 118.23185059875559 pid2661
113.90233293094028  2.2611729234171656 118.4246787777746 pid26f7
114.83464760302029  2.3235696449233 119.4817868928669 pid25fa
115.23414131423964  2.3926242530196267 120.01938982027889 pid276e
115.40856127662137  4.355239837368567 124.1190409513585 pid2742
115.82552743036062  3.974268226818992 123.77406388399861 pid267b
115.97074201228892  2.393186769836506 120.75711555196193 pid273e
116.50377563507061  3.8878355636187765 124.27944676230817 pid2745
116.89220475363163  2.3439218160133586 121.58004838565834 pid279d
118.12627527440245  1.0957865911970464 120.31784845679654 pid26cb
118.41005041535205  3.640070608414106 125.69019163218026 pid270c
118.4774351923616  1.6460413113153751 121.76951781499234 pid2790
119.57117125796958  3.4101463741122893 126.39146400619416 pid2675
120.41754160853127  2.118719900205326 124.65498140894192 pid25e8
120.75213136577028  4.026902945025988 128.80593725582224 pid26bf
121.6094370055602  4.464097192103334 130.53763138976686 pid26ce
121.69995681912536  2.4511553528681533 126.60226752486167 pid26a2
122.5865329959413  2.241951833858486 127.07043666365827 pid26ac
122.92746051437209  2.3128438097089945 127.55314813379007 pid275a
122.99435170535145  4.252334739357757 131.49902118406698 pid2654
123.39519972830897  1.692278966930239 126.77975766216944 pid25f9
123.49572629774498  1.7636550545608207 127.02303640686662 pid274c
123.63540186747424  4.974433588147497 133.58426904376924 pid273f
124.84812882898746  3.7208127553499395 132.28975433968733 pid26a3
125.09714152620147  3.9541561626605253 133.00545385152253 pid26ea
125.20516279254296  1.2040854477694922 127.61333368808195 pid26f8
125.50483507501109  4.926059139032004 135.35695335307508 pid2702
126.61875948687397  2.833701011568491 132.28616151001094 pid26dd
126.68895944866138  4.53385685852875 135.7566731657189 pid273a
127.61934839409044  2.7928901906829355 133.2051287754563 pid2613
127.64482996566184  2.5064796784651766 132.6577893225922 pid2725
128.27469563915656  1.103829112422757 130.48235386400208 pid268e
128.81318462230684  3.973846949549252 136.76087852140535 pid2688
129.18303807479012  4.960065254872286 139.1031685845347 pid2752
129.28697124557107  2.832389447830629 134.95175014123234 pid2699
129.50915566259397  1.6160618719780744 132.74127940655012 pid279f
130.50389423732284  2.93101076981492 136.36591577695268 pid2749
131.1901112505608  2.0225239430548383 135.23515913667046 pid2689
131.2822277714172  3.8724578838982295 139.02714353921368 pid2770
131.45009052767045  3.009037471313201 137.46816547029687 pid26a8
131.50811095926974  1.71549671387525 134.93910438702025 pid26da
132.15209069288434  4.665811196199681 141.4837130852837 pid25ec
132.52074262880927  4.301741525541912 141.1242256798931 pid2754
132.55842388219244  2.2257974848493154 137.01001885189106 pid268b
132.9997322966929  3.226763599993989 139.4532594966809 pid2653
133.45486867693106  1.022228472532102 135.49932562199527 pid260e
134.112662388226  3.5787804528559546 141.2702232939379 pid26e8
134.22250519170083  4.891754648399928 144.00601448850068 pid26c9
134.54726077148007  2.2825913381545138 139.1124434477891 pid2723
134.73155756376957  1.0667784757527357 136.86511451527505 pid2713
134.85582741542885  3.714262385275308 142.28435218597946 pid26b5
135.59181327563948  2.5462662910966194 140.6843458578327 pid266f
136.32702831605553  3.172741599789348 142.67251151563423 pid2633
136.40980109110725  1.1387386753289452 138.68727844176516 pid2784
137.93491947094495  4.589794444581775 147.1145083601085 pid26ab
138.21776121313067  1.5016064840800039 141.22097418129067 pid2696
138.4635999648182  4.716315501549669 147.89623096791755 pid2741
138.52296616817557  4.008070661031551 146.53910749023868 pid274a
138.85765111927628  1.8112125128861312 142.48007614504854 pid2607
139.2314784552  4.872463070432884 148.97640459606578 pid26bc
139.65799469279295  3.0497943059957215 145.7575833047844 pid2685
139.7053776962897  4.865069173113612 149.43551604251692 pid2740
140.4506170598286  1.870705031714715 144.19202712325804 pid264e
140.93771682296085  3.5477066724222492 148.03313016780535 pid26c4
141.16252502038088  2.977288547826966 147.11710211603483 pid270d
141.63233770000556  2.550707113776385 146.73375192755833 pid25ef
141.78492690278844  2.2298085297429133 146.24454396227426 pid27a5
142.34655555404953  1.3940944709195247 145.13474449588858 pid2748
143.07387861491864  2.1052678802067457 147.28441437533212 pid274f
143.6488518250884  3.202433716110515 150.05371925730944 pid2690
144.08394456486624  4.003722544452904 152.09138965377204 pid2712
144.4871528412666  4.680108848049027 153.84737053736467 pid265c
144.60489369677967  4.703740291285183 154.01237427935004 pid2778
144.79587215533078  2.243953941711749 149.2837800387543 pid2626
145.0584523983138  3.776092870928341 152.61063814017047 pid26b6
145.10012246542877  2.370421406671246 149.84096527877125 pid26cc
145.2829580130193  2.459799076051731 150.2025561651228 pid2697
145.8449052282646  4.1068768419994806 154.05865891226355 pid26d7
145.85496034889496  4.067507418274289 153.98997518544354 pid2646
145.8795235451929  2.493721128580193 150.8669658023533 pid26fc
146.26325225043394  2.2746250416314577 150.81250233369684 pid26bd
146.52099369131793  4.233644815741183 154.9882833228003 pid279c
146.99211878831167  4.254303488690937 155.50072576569355 pid2765
148.25725205640654  1.940420831308555 152.13809371902366 pid2738
148.82502393545187  4.808853376059469 158.44273068757082 pid26df
148.885200744761  4.418333338325832 157.72186742141267 pid2718
148.9602396187686  4.194144039422913 157.34852769761443 pid26b9
149.37060558235865  4.108205200155948 157.58701598267055 pid265e
149.88789246612296  2.4077012886146036 154.70329504335217 pid2716
150.49983601542667  4.171549710858476 158.8429354371436 pid261d
151.1897004807344  3.198197231049951 157.58609494283428 pid2758
151.56745991910134  4.171691178804272 159.91084227670987 pid264f
151.99366527309837  2.2356267063330173 156.46491868576442 pid267e
152.03172462087238  3.3823318099662956 158.79638824080496 pid2627
152.1163664714334  1.509254788692922 155.13487604881925 pid26ff
152.35156488706897  2.350523481527465 157.0526118501239 pid261b
152.94405940859647  3.535149733294412 160.0143588751853 pid263a
153.30659777942765  2.6697345546034934 158.64606688863464 pid26e4
153.3121913454225  4.69668537530285 162.7055620960282 pid263e
153.79834998097184  4.350385660011282 162.4991213009944 pid25f6
153.94803724379966  2.9151867559760944 159.77841075575185 pid26b7
154.4395679155854  2.6732764367794064 159.7861207891442 pid262d
155.20066532488465  3.741132193282811 162.68292971145027 pid26b4
155.32584602956828  3.5364617194421952 162.39876946845268 pid2638
155.9509432989529  4.277502015844002 164.5059473306409 pid2705
156.14324341050758  2.1578139979010924 160.45887140630975 pid2666
156.7602635635867  3.366714599335852 163.4936927622584 pid26eb
157.31297145063365  3.409923152480581 164.13281775559483 pid272a
157.56829150188273  1.2223006507826293 160.01289280344798 pid2683
158.11689473909598  3.2513873897267955 164.61966951854959 pid263f
159.06197614067992  1.3921799760820006 161.84633609284393 pid26c0
159.25490089094663  3.608542000990773 166.47198489292816 pid26d9
160.72421230414977  1.3295265484384209 163.38326540102662 pid26d2
162.6834151764886  3.875778071493946 170.4349713194765 pid275f
162.75136355232493  2.6846990734906533 168.12076169930623 pid2694
162.87961068188892  2.6332862765371865 168.1461832349633 pid26e9
163.50331834909608  2.7993477650321608 169.1020138791604 pid2648
164.00712185775095  2.88890473972204 169.78493133719502 pid268f
164.21107777620784  3.0116365666142357 170.23435090943633 pid279a
165.3512482769023  2.362512460958421 170.07627319881917 pid2780
166.3812061008874  3.2017186122240417 172.78464332533548 pid276f
166.42187832624558  1.4094289095216466 169.24073614528888 pid26e5
167.359558037844  4.075736680772712 175.51103139938942 pid26cd
167.57517163697204  3.5725742406642493 174.72032011830055 pid278e
167.84302731032906  4.7945557785629624 177.432138867455 pid271a
168.01069355036466  4.490442043904945 176.99157763817456 pid2644
168.08520799480385  2.3330966421979342 172.7514012791997 pid25f1
168.22265798780748  4.98696400779715 178.1965860034018 pid2674
168.8955575288478  1.1358133017090895 171.167184132266 pid274d
169.20030414994756  2.945552644622895 175.09140943919334 pid266b
169.71123072439156  4.0071903616528335 177.72561144769722 pid2663
170.0526863381354  2.1307431755794055 174.31417268929422 pid2760
170.4002562476557  4.793590031803305 179.98743631126231 pid265f
170.49144967742933  2.1493863587384396 174.7902223949062 pid2649
170.85424404044434  4.059884167098744 178.97401237464183 pid2608
171.01167014040584  1.4893665784640815 173.990403297334 pid26ec
172.72956805159475  3.2732433479491223 179.276054747493 pid265a
173.36862974541813  4.9769946524345645 183.32261905028727 pid2684
174.39247526562377  4.066192535086288 182.52486033579635 pid2794
174.86127568151426  4.947210389742768 184.7556964609998 pid2781
175.19371188840682  4.9747944177760735 185.14330072395896 pid279b
175.43927672521673  2.387147712002922 180.21357214922259 pid275d
175.67721380590817  3.1405180107599757 181.95824982742812 pid25f2
175.71967244949693  2.2307144782035153 180.18110140590395 pid268d
176.10506069148903  2.399768554394265 180.90459780027757 pid277e
176.39092642773002  3.4196573815313465 183.23024119079273 pid271f
177.42785608854123  2.046399509896979 181.52065510833518 pid26a5
178.9209704224246  1.715216387687064 182.35140319779873 pid270b
179.0274839445985  3.868988641281823 186.76546122716212 pid2605
179.0391954256564  2.3435907773199163 183.72637698029624 pid26ca
179.74194166495744  2.2383684965162716 184.21867865798998 pid26ad
179.9157124985702  4.118040493444827 188.15179348545985 pid2651
