1.6418631432179753  1.5807160560452966 81.64186314321798 pid3c0f
1.826686795681548  1.9661525982621513 81.82668679568155 pid3be8
2.103778592957861  0.5363083898737571 82.10377859295787 pid3b90
2.2944770680842774  1.0855853703836618 82.29447706808428 pid3c8c
2.5976093147346613  1.3136278213638357 82.59760931473465 pid3bc6
2.959633296414327  1.4736276369576895 82.95963329641432 pid3c3c
3.032027651061803  1.6432800474797573 83.03202765106181 pid3c60
3.51329477108962  0.9907225934254926 83.51329477108962 pid3ca4
4.022865989007523  1.5150701733699061 84.02286598900753 pid3b66
4.071921496993669  0.919220332209313 84.07192149699367 pid3b60
4.625722941904114  1.2811604575621505 84.62572294190412 pid3c65
4.631957469515202  1.3879696532814485 84.6319574695152 pid3c61
5.279195462722136  1.3003466707739881 85.27919546272213 pid3c0a
5.507312428089356  1.6887344445372683 85.50731242808935 pid3b92
5.716319654875745  1.9605352245132814 85.71631965487575 pid3b9e
6.690669430429902  1.8454295317464293 86.6906694304299 pid3c43
6.752771092832371  1.75258300722807 86.75277109283238 pid3b6f
6.788089089926391  0.7422486331809115 86.78808908992639 pid3c7f
7.227532358002614  1.963265942976023 87.22753235800262 pid3b14
7.337752230571337  0.5026080994319029 87.33775223057134 pid3b2e
7.565573931917524  0.9644630408948062 87.56557393191753 pid3c18
7.7120197887154625  1.5421856694876477 87.71201978871547 pid3c5a
7.835963542393776  1.5953652127534173 87.83596354239377 pid3b40
8.129025076124874  1.4896995723303388 88.12902507612488 pid3b22
8.159178033961867  1.760663219666177 88.15917803396187 pid3c69
8.587553489785371  1.4795984396923134 88.58755348978536 pid3c75
8.636840264260693  0.8253141125101376 88.6368402642607 pid3b78
8.804454258869693  1.5367298924907007 88.8044542588697 pid3b09
9.846949477776556  1.0979136600377537 89.84694947777656 pid3bbb
9.994466249790351  0.6238361812862357 89.99446624979035 pid3ba1
10.202416784458451  0.7532577137604105 90.20241678445845 pid3c4b
11.226969187858954  1.4478539377695159 91.22696918785896 pid3c66
12.738545105086452  1.7045874265025216 92.73854510508644 pid3caa
12.900863559193649  0.6267156108359836 92.90086355919365 pid3cb6
13.229335790075163  1.3040030967841016 93.22933579007517 pid3b0a
13.806920505233371  1.075507371018457 93.80692050523336 pid3c5f
14.570651521132138  0.5470400592782676 94.57065152113213 pid3cbb
15.590736447075788  1.862212499339194 95.59073644707578 pid3c79
15.780994318553422  1.1222008573722773 95.78099431855343 pid3ca1
16.834176434368718  1.8605738796060352 96.83417643436871 pid3bac
16.97669735006343  1.3447479423860171 96.97669735006343 pid3bb7
17.61481072830321  1.5755904713648676 97.61481072830321 pid3c01
17.87003252279224  1.516428931800836 97.87003252279224 pid3b20
18.005753134511753  1.7773425195338748 98.00575313451175 pid3b8a
18.027522135494568  1.8693370204077553 98.02752213549456 pid3ca0
18.515346633342123  1.039462182008769 98.51534663334212 pid3c49
19.014027146766782  0.5235841952981385 99.01402714676678 pid3b96
19.440321481770763  0.7990526401883458 99.44032148177077 pid3b5e
19.474333304534518  1.5926174559642363 99.47433330453453 pid3bb8
20.186556957021416  1.3253300118154674 100.18655695702142 pid3c2f
20.356254722745142  0.6891856963303575 100.35625472274515 pid3c3e
20.46342301706546  1.777672108497254 100.46342301706545 pid3bc4
21.149003042012104  1.2212675364739756 101.14900304201211 pid3b61
21.44436260746197  0.5655457917718112 101.44436260746197 pid3c7e
21.639118666034975  1.5554063372498002 101.63911866603497 pid3c4d
21.678728865148933  0.5260736094744107 101.67872886514894 pid3bdc
21.941499379271555  1.2224835827610059 101.94149937927156 pid3c0d
21.996310375509374  0.6269064336402541 101.99631037550938 pid3c2c
22.592869925914343  1.6193519004457568 102.59286992591434 pid3bf8
22.840081935644484  1.4964493178973215 102.84008193564449 pid3b36
24.895737956526293  1.166847639623557 104.89573795652629 pid3c11
25.0407875115222  1.3588711355942447 105.0407875115222 pid3c03
25.463099591355025  1.9901221993552694 105.46309959135502 pid3b25
25.490122215321538  1.3730607335333804 105.49012221532153 pid3c36
25.716200536328948  1.2629334045271596 105.71620053632896 pid3cba
25.999464108355006  0.9489531786142367 105.999464108355 pid3b6b
26.285650628427355  1.24154608324709 106.28565062842736 pid3c62
27.065690750591475  1.7949037086471493 107.06569075059147 pid3c45
27.095356253606877  1.4195472444975357 107.09535625360688 pid3b81
27.54171789212778  0.7863447815306931 107.54171789212778 pid3b7a
27.969702732918435  0.7498256711229282 107.96970273291844 pid3b4e
28.33337084745834  1.4815677166568657 108.33337084745834 pid3b1f
28.533409081096206  1.5835217812108213 108.53340908109621 pid3b58
28.589542564474606  0.5720432103978029 108.58954256447461 pid3bf4
28.626837569991615  1.5719147831984401 108.62683756999161 pid3bd9
28.745199982107756  0.8917985540759593 108.74519998210775 pid3beb
28.78474807858883  1.0071828746690064 108.78474807858883 pid3c9a
29.28509564606386  1.6829193761763814 109.28509564606387 pid3c84
29.526893151632454  1.6980938555955305 109.52689315163245 pid3c98
30.02416996036202  1.6066635758039576 110.02416996036202 pid3b41
30.157908276794032  1.1215240209288093 110.15790827679403 pid3c63
30.539776706802968  1.7318267884058636 110.53977670680297 pid3b5b
30.574571333554957  1.7439849721027008 110.57457133355496 pid3be0
30.944936530484846  0.6801305014346364 110.94493653048485 pid3c46
31.203383992257823  0.8131150431792402 111.20338399225783 pid3b48
31.929691687455737  0.676025297527735 111.92969168745574 pid3cac
31.933736863801244  1.1645303396806037 111.93373686380124 pid3b02
32.032761857125536  1.2912233903933437 112.03276185712554 pid3c1f
32.21904715541859  0.5771650625107811 112.2190471554186 pid3b24
33.76065021581139  1.5445745718042303 113.76065021581138 pid3c06
34.60632843274688  1.1808503563383352 114.60632843274688 pid3c3f
34.87009139071311  1.660712276755208 114.8700913907131 pid3c04
35.27562815962266  1.4405418485465067 115.27562815962267 pid3baa
35.49722750326932  1.756792053698636 115.49722750326933 pid3bc5
35.83110106609613  0.6629577385952067 115.83110106609612 pid3c78
36.158251188950544  1.428704590491673 116.15825118895054 pid3b0b
36.68503743878585  0.8748222432200361 116.68503743878586 pid3c27
36.73178993248803  1.2764928984955883 116.73178993248803 pid3b65
37.70917168993882  0.570012108350497 117.70917168993881 pid3b9c
37.831975990248225  0.5574973375232353 117.83197599024822 pid3bf2
37.8625831212761  0.5216190592283096 117.8625831212761 pid3ca9
38.28093586815041  1.498839672884691 118.28093586815041 pid3cb9
38.31944137729796  1.8573453461866225 118.31944137729796 pid3b7f
39.20975278531176  1.2295389208332845 119.20975278531176 pid3bfd
39.33884572167721  0.7535589213467584 119.33884572167722 pid3c1e
39.4579370202389  1.563527370513466 119.4579370202389 pid3b53
39.70464023374722  1.54221547147935 119.70464023374723 pid3c05
39.93057930468768  1.8338887298977933 119.93057930468768 pid3c73
39.94145816816619  1.7516257718534898 119.94145816816619 pid3b80
40.50939972014623  1.0295789873460097 120.50939972014623 pid3c4a
40.694390685954865  1.1730195166675919 120.69439068595486 pid3c15
41.27017616871297  1.1378581492698001 121.27017616871296 pid3b4b
41.502131117198154  1.9270616806608267 121.50213111719816 pid3c1d
41.79002902484006  0.7205548956208856 121.79002902484007 pid3bf3
42.30324383090436  0.973226157090685 122.30324383090436 pid3c9b
42.87717033952895  1.8171207524898492 122.87717033952896 pid3b19
42.88192960527809  1.919211499833871 122.88192960527809 pid3b10
43.04191301486406  0.9757207849359824 123.04191301486406 pid3c7d
43.45529320124405  1.9129880058182314 123.45529320124405 pid3b35
44.51842539493532  0.709319523475817 124.51842539493532 pid3c09
44.94074420621723  1.1221104620111517 124.94074420621723 pid3ba4
45.01519660431971  0.5762840239492009 125.01519660431971 pid3c2d
45.05807303851564  1.9391661832107463 125.05807303851563 pid3c2e
45.221621576431566  1.5830960839209995 125.22162157643157 pid3bbd
45.56631359910615  1.3775277662873382 125.56631359910615 pid3c52
45.80866166428978  1.1178741714007714 125.80866166428979 pid3c90
46.65398000223879  1.66099291454432 126.6539800022388 pid3ca2
46.792352428897054  0.7205776163176097 126.79235242889706 pid3c10
47.29549071120985  0.6085279971869257 127.29549071120985 pid3c96
47.414092980307906  0.8849593609946504 127.41409298030791 pid3c8a
47.445458719342284  1.10810982750997 127.44545871934228 pid3b0e
47.48923963302433  1.8283842060540239 127.48923963302434 pid3bc2
47.63581748781161  0.9462851002818704 127.63581748781161 pid3b33
47.89360301402707  0.6521278608580272 127.89360301402706 pid3b57
48.10836038119715  1.4766066835918827 128.10836038119714 pid3bce
48.54317749225283  1.8173142452940836 128.54317749225282 pid3bf0
48.54993340680674  0.8564568573378122 128.54993340680673 pid3b95
48.661495550293274  1.4682715999654157 128.66149555029327 pid3b84
48.67159938125486  1.791277331850691 128.67159938125485 pid3c42
48.904418736383555  1.9571208218938707 128.90441873638355 pid3c33
49.44316481938863  0.7773494706491038 129.44316481938864 pid3b13
49.455810900417  1.9451966684531543 129.455810900417 pid3b0c
49.64542092909188  1.7780971593673223 129.64542092909187 pid3bb5
50.17554528336035  0.5166309346900311 130.17554528336035 pid3c20
50.23164278423929  1.4396658740385595 130.23164278423928 pid3bca
50.27224672355544  1.9014933054224654 130.27224672355544 pid3c19
50.29870873106751  1.911784046296376 130.2987087310675 pid3c87
50.9978370196306  1.6420577471792748 130.9978370196306 pid3cad
51.00257726108532  1.9271963120554534 131.00257726108532 pid3b45
51.014899573528005  1.197601307037198 131.014899573528 pid3c4c
51.038958729681156  1.8079648025468014 131.03895872968116 pid3ba0
51.44447258803303  1.2301795486143756 131.44447258803302 pid3ba9
51.72045994492456  1.2176921018092852 131.72045994492456 pid3cae
52.0199582851443  1.8271226202298072 132.0199582851443 pid3c53
52.151287105475255  1.3651886484004092 132.15128710547526 pid3b8f
52.30928219265767  1.9573755457089044 132.30928219265766 pid3b73
52.580042232150234  1.7976959729301187 132.58004223215022 pid3ba7
53.05783917112923  1.0712052784919253 133.05783917112922 pid3c5d
53.46903830581572  1.0449798159667907 133.46903830581573 pid3b94
53.61303661514764  1.296271868729281 133.61303661514765 pid3ba6
53.97148800509386  0.9690426693107872 133.97148800509387 pid3be3
54.087563857111206  1.500134429683142 134.0875638571112 pid3c57
54.88389354060021  1.8153436349632388 134.8838935406002 pid3c70
54.90215424386018  0.7372243197903061 134.9021542438602 pid3b3d
54.986961661350634  1.7121480796463096 134.98696166135062 pid3c5b
55.10121342157578  0.9315541764426896 135.10121342157578 pid3bad
56.3628514867904  1.2395354731143218 136.3628514867904 pid3bae
57.22281430721808  1.8790485160874064 137.22281430721807 pid3c1a
57.557548612157625  1.0043213795007666 137.55754861215763 pid3ca5
57.68720052036472  1.5102028623991801 137.6872005203647 pid3bc3
58.54319908145319  1.1740112173589679 138.5431990814532 pid3c85
58.7834220870534  1.4933157708399416 138.7834220870534 pid3bd0
58.8844581360518  1.5185306930385483 138.8844581360518 pid3bd5
58.99010430593222  1.0574885896025616 138.99010430593222 pid3b12
59.23066341102475  0.9499620126135193 139.23066341102475 pid3bb9
59.42835225845419  1.4687277982401432 139.4283522584542 pid3c9f
60.34919061704329  1.4919083742080423 140.3491906170433 pid3bf5
60.995977365801366  0.9689831301063907 140.99597736580137 pid3b97
61.1685609513496  0.6112411610783528 141.1685609513496 pid3bd3
61.64222785470867  1.0796413163633138 141.64222785470866 pid3bd8
61.79175922878202  1.456623179763565 141.791759228782 pid3ca6
61.99974513968453  0.9884492427857634 141.99974513968453 pid3b71
62.40051154729408  1.943247478786383 142.4005115472941 pid3c14
62.57371684102336  1.2825533901122679 142.57371684102336 pid3be4
62.600471034544334  1.6807313836191267 142.60047103454434 pid3b6a
62.82171689090594  1.598552362309506 142.82171689090595 pid3bb0
63.00489653179645  1.2657531436690999 143.00489653179645 pid3b39
63.257158811345285  1.3870734855477789 143.25715881134528 pid3b5f
63.55846935835764  0.5310862950952645 143.55846935835763 pid3c83
64.39073284523901  0.591689675607823 144.39073284523903 pid3b2b
64.39716040671044  1.8318958498944038 144.39716040671044 pid3b1b
64.63081845184547  1.206288368811083 144.63081845184547 pid3bdb
65.04611447729643  0.8858465535156117 145.04611447729644 pid3c38
65.26900338929885  0.801489156847311 145.26900338929886 pid3b1c
65.49459379456114  1.465845981555637 145.49459379456113 pid3b04
65.53923745397378  0.7711793122725188 145.53923745397378 pid3be6
65.60629517825461  1.9486676563774126 145.6062951782546 pid3cb4
66.02749980888173  1.7584269709490632 146.02749980888171 pid3afd
66.5104038512372  0.7932297564843246 146.5104038512372 pid3b42
66.92950488439324  1.1226511253427323 146.92950488439322 pid3b79
68.35336847614144  1.6361697028704358 148.35336847614144 pid3bd7
69.40098250185453  0.978222366119081 149.40098250185451 pid3b75
69.50110315218261  1.1931456615843945 149.50110315218262 pid3b16
69.67282705043516  1.6546830549718894 149.67282705043516 pid3bee
70.06584961346911  1.256344254350728 150.0658496134691 pid3c22
71.74729297124702  1.5095409654988312 151.74729297124702 pid3be9
71.87581940828522  0.8145416837079462 151.87581940828522 pid3b4c
72.0595500564592  1.0764873972423614 152.05955005645922 pid3bf9
72.42106463872722  0.911472278107128 152.42106463872722 pid3b91
72.8937979424859  1.892557365396985 152.8937979424859 pid3ba5
73.16502081499549  1.1040676142810417 153.1650208149955 pid3b67
73.29099294993009  1.1380148074140677 153.2909929499301 pid3c8f
74.31696510388744  1.6128145592255945 154.31696510388744 pid3c17
75.07586466852774  1.1841164581873975 155.07586466852774 pid3b2a
75.41138880784582  0.932874246480027 155.4113888078458 pid3c5c
75.6334643822979  0.8920416747723627 155.63346438229792 pid3c55
75.83047536696921  1.2960301459904833 155.8304753669692 pid3b59
75.89400100507649  1.939883376452274 155.8940010050765 pid3c16
77.53287966309328  0.7659460717256863 157.5328796630933 pid3c40
77.84859081027932  1.6372601325948473 157.84859081027932 pid3c7c
78.69724102547272  1.3508003168199862 158.69724102547272 pid3c48
79.253841178363  0.7131435276088904 159.25384117836302 pid3cb5
79.4772776545328  1.9641061460927025 159.4772776545328 pid3b0d
79.4907920297707  0.8001248023383789 159.49079202977072 pid3c12
80.30864531470624  1.4197064036002942 160.30864531470624 pid3c21
80.51603088756875  0.5651385736062808 160.51603088756875 pid3bea
80.97217850660795  1.986932653504534 160.97217850660795 pid3ba8
81.99748781619877  1.2281769564033391 161.99748781619877 pid3b3b
82.29173931264258  1.9977045687631905 162.29173931264256 pid3bba
82.44288445751681  0.6581578056916717 162.4428844575168 pid3b6c
82.6597748499527  1.3116811108156157 162.6597748499527 pid3b2f
82.91194457322447  1.3173864962304715 162.91194457322447 pid3ca7
83.05675621794009  0.7560250347919151 163.0567562179401 pid3b93
83.18981016910944  0.6854530236298827 163.18981016910942 pid3b27
83.57675888130676  0.8511453663728823 163.57675888130677 pid3b8b
83.65230980272402  1.6616200760435298 163.652309802724 pid3b82
83.81127477192697  0.5457497135275173 163.81127477192697 pid3c44
83.9904938917945  1.192284534923826 163.9904938917945 pid3c93
84.00564718675918  1.0020648560779069 164.00564718675918 pid3c6a
84.65963844207813  1.353410625273391 164.65963844207812 pid3b7c
84.97007162779973  0.6276402689556849 164.9700716277997 pid3b38
85.35182728291605  0.688353096822517 165.35182728291605 pid3c32
85.3714069535315  1.73058472106736 165.3714069535315 pid3b4a
85.41441140208002  1.9107099778812249 165.41441140208002 pid3c2b
85.56353005517823  0.6790549506843642 165.56353005517823 pid3b63
85.65758174800953  1.5509224765575245 165.65758174800953 pid3b07
85.85383280917652  1.2391942811422165 165.85383280917654 pid3bb2
86.02919766287116  1.0098064261582138 166.02919766287116 pid3bd2
86.11186600594472  1.5292245403667548 166.1118660059447 pid3c64
86.33487816237833  0.6628394627487966 166.33487816237835 pid3c50
87.29099493272084  1.7999722170177435 167.29099493272082 pid3b88
87.53183690939824  1.2521074328207231 167.53183690939824 pid3c02
88.1935943667272  0.842200429326196 168.1935943667272 pid3baf
88.4308752835851  0.7773941475678695 168.4308752835851 pid3b4d
88.46839401581526  1.593600500425622 168.46839401581525 pid3b32
89.7379635213007  1.5346330164889028 169.73796352130068 pid3ca3
90.60683866268445  1.1010867920691028 170.60683866268445 pid3bed
90.7267978655252  1.983458803529779 170.7267978655252 pid3c67
90.84826431439572  1.9730448544447348 170.84826431439572 pid3b64
91.1808856856749  1.204283857260102 171.1808856856749 pid3c82
91.44865274039074  1.2747275164908367 171.44865274039074 pid3c8b
92.00666679652902  0.571932860757677 172.00666679652903 pid3be5
92.44495940568201  1.7005442045420809 172.44495940568203 pid3bfb
92.6377934490824  1.0660158312297305 172.63779344908238 pid3b49
93.62731535270625  1.217620516877174 173.62731535270626 pid3b18
93.77042386432194  1.5224643053747071 173.77042386432194 pid3caf
93.88170135191213  1.167321831432053 173.8817013519121 pid3c5e
94.00980764567939  1.9235571955507962 174.0098076456794 pid3c9d
94.05581725591054  1.448048392728698 174.05581725591054 pid3bf7
94.54142436553194  1.9064563815216327 174.54142436553195 pid3cbc
94.62205753935125  1.1281199568962843 174.62205753935126 pid3c23
94.78259280891265  1.6142426473327056 174.78259280891265 pid3c08
94.8672329940828  1.9935144596725962 174.8672329940828 pid3c2a
94.91732567172002  1.4040461979539636 174.91732567172002 pid3c68
95.07969626886916  0.7986291084973438 175.07969626886916 pid3c3b
95.23408251495125  1.470572164350219 175.23408251495124 pid3b8c
95.26082967202628  0.863226137064176 175.26082967202626 pid3c8e
95.36033818596654  1.6124042856865042 175.36033818596655 pid3c37
95.7510635106757  0.8944463051297308 175.7510635106757 pid3b47
96.35740163034431  0.9513218891781337 176.35740163034433 pid3c71
96.81083518213818  0.8347558283564895 176.8108351821382 pid3c92
97.2403066671002  0.8427156094014936 177.24030666710019 pid3b37
97.49217193817397  1.8776572599885204 177.49217193817395 pid3c28
97.52916131337419  0.7100033544545994 177.52916131337417 pid3bb6
98.04694712774142  1.169317892594659 178.04694712774142 pid3afc
98.54312773919973  1.3600661606119908 178.54312773919975 pid3c00
98.56931352228231  1.6028150617994896 178.5693135222823 pid3c26
99.641265293839  1.8623204168305072 179.641265293839 pid3c3a
99.89437984739072  1.7114166582574555 179.89437984739072 pid3b11
99.97580011531443  1.4930949641638065 179.97580011531443 pid3bcd
100.07115698839245  1.52124660098682 180.07115698839243 pid3b89
101.644221453243  1.7619568749441592 181.644221453243 pid3b74
102.29920473511619  1.7240900367130463 182.29920473511618 pid3c3d
102.72193447597314  0.8094426070789495 182.72193447597314 pid3bb3
102.73752551851116  1.4014199841961468 182.73752551851118 pid3c6c
102.78704255098607  1.7621966938727998 182.7870425509861 pid3c1c
102.78860869531889  1.144067870766433 182.78860869531889 pid3b7b
102.7900635203654  0.874588186565066 182.79006352036538 pid3b5a
103.05932275166737  1.1696638377406727 183.05932275166737 pid3c29
103.12907243844289  1.812531906540556 183.1290724384429 pid3bcc
103.40317209018968  0.9934159255583872 183.40317209018968 pid3c7a
103.50801986484825  0.9198194088976305 183.50801986484825 pid3b46
103.7155669579421  0.5414359740041317 183.7155669579421 pid3c97
103.78178592067015  0.9345462872284699 183.78178592067013 pid3be2
103.85507577531953  1.7539493175005743 183.85507577531953 pid3bda
104.00885933437081  1.2458974154788476 184.0088593343708 pid3c07
104.04690872689422  1.5783249412170566 184.04690872689423 pid3c30
104.17922047316624  1.7371729028642693 184.17922047316625 pid3c59
104.4088367323342  0.751849354436025 184.40883673233418 pid3b98
104.74247617632078  1.757837239450514 184.7424761763208 pid3b50
104.87714377313048  1.427247309004514 184.87714377313048 pid3bc0
104.90191261105382  1.3011172909668844 184.90191261105383 pid3cbd
105.04038238276715  0.7926252203932305 185.04038238276715 pid3bc9
105.29638344688414  0.6917340488173032 185.29638344688414 pid3b3f
106.11061379474981  1.8331331585399138 186.1106137947498 pid3cab
106.89277514225255  1.2843426822140835 186.89277514225256 pid3c24
106.97429928136906  1.868822991684397 186.97429928136904 pid3bef
107.14273779631826  0.8746939233174571 187.14273779631827 pid3b85
107.33190550793363  1.6639619693119656 187.33190550793364 pid3b54
107.66446927547577  0.5742604327655378 187.66446927547577 pid3c0b
107.75674214492058  1.7582041098679109 187.75674214492057 pid3b26
107.97284826009893  1.4430785717682846 187.97284826009894 pid3bc8
108.39521105221154  1.2500737893462137 188.39521105221155 pid3c54
108.42565739567003  1.1738726218641398 188.42565739567004 pid3bfe
108.58634953922964  1.8532727451724131 188.58634953922964 pid3be7
108.8020975522903  1.6862966374812303 188.80209755229032 pid3c86
109.01803376663108  1.2577280240494833 189.01803376663108 pid3b3a
109.13322018046588  1.8387780619291823 189.13322018046588 pid3c80
110.19326890948844  0.7791677996310549 190.19326890948844 pid3b5d
110.24740968278647  0.5768764086034815 190.24740968278647 pid3c9c
110.8439390748547  1.0197756394391264 190.8439390748547 pid3b6e
110.96341749184779  0.5553197591782975 190.9634174918478 pid3c34
112.02163490791182  0.9091907560397547 192.02163490791182 pid3c6f
112.4233200626956  1.6729252331800966 192.4233200626956 pid3b68
112.43667149806916  0.7796802567422514 192.43667149806916 pid3b8d
112.76586486387068  0.8225773024257619 192.76586486387066 pid3c77
112.80185557711067  1.6905394943804044 192.80185557711067 pid3aff
113.10444034686515  0.8949937702047834 193.10444034686515 pid3c39
113.38627979372488  1.1243205370579412 193.3862797937249 pid3c9e
114.00717137770273  1.6860990441962653 194.00717137770272 pid3c81
114.35610635335954  0.9837824484396366 194.35610635335954 pid3cb2
114.48846843885967  1.5678748638630995 194.48846843885968 pid3b30
114.78611624866869  1.3621382300231688 194.7861162486687 pid3c8d
115.88821567685453  0.5120692184838577 195.88821567685454 pid3cb8
116.19690473317421  1.1839142351210885 196.19690473317422 pid3c13
116.3229721804329  1.4046938275979908 196.32297218043288 pid3b1a
116.454226147894  0.8444071960242097 196.45422614789402 pid3c58
116.82339056289663  1.8163750431255057 196.82339056289663 pid3c94
116.94379205683049  0.7049837975424502 196.9437920568305 pid3b51
117.10024389952822  0.540789394153389 197.1002438995282 pid3b05
117.20858239870543  0.7139466735558522 197.20858239870543 pid3cb3
117.40935369583515  1.970429292277268 197.40935369583514 pid3b69
117.47283534559216  0.9746779682355233 197.47283534559216 pid3c7b
117.61972127528271  1.2762258435580702 197.6197212752827 pid3b08
117.68289755556921  0.6615563175434027 197.6828975555692 pid3b83
117.97761341361202  0.7489421360385642 197.977613413612 pid3c0c
118.08593387255496  1.5483974408800183 198.08593387255496 pid3b0f
118.09698718195304  1.7098310151038505 198.09698718195304 pid3b77
118.84367264545554  1.851566725365657 198.84367264545554 pid3c6b
118.97336965071997  0.6472469049692642 198.97336965071997 pid3c74
119.19918452569443  1.5848946111270237 199.19918452569442 pid3b55
119.34323906634762  1.8430873850232405 199.34323906634762 pid3c76
119.49243680486735  1.9236957486735506 199.49243680486734 pid3bbc
120.13716226235738  1.355614764194501 200.13716226235738 pid3c88
120.46471982221307  1.0696753114512674 200.46471982221306 pid3b87
121.50269204931722  0.572155347614691 201.5026920493172 pid3b15
122.1305622592032  0.8672468723525452 202.1305622592032 pid3c41
122.97015155749469  1.2382965599729983 202.9701515574947 pid3bff
123.35391472870634  1.6986566368878369 203.35391472870634 pid3b00
123.6523957883617  1.53058931214217 203.6523957883617 pid3bdf
124.64761300211462  1.921487671278785 204.6476130021146 pid3b9b
124.65074869269769  1.7826924008688096 204.65074869269768 pid3bde
125.14902288001956  1.8089835228004274 205.14902288001957 pid3b6d
125.28572382693065  1.3701113368877724 205.28572382693065 pid3afe
125.49419775780913  1.1434463158118113 205.49419775780913 pid3ca8
125.68192618511839  0.6613405409537666 205.68192618511839 pid3bd6
125.88657345607506  1.7059418106538962 205.88657345607504 pid3bd4
126.56178373813654  0.5346394654396381 206.56178373813654 pid3b2c
126.77945644832928  0.9222627894163575 206.77945644832928 pid3c0e
127.08470294587241  0.8157976989588365 207.0847029458724 pid3bdd
127.43856002673871  1.4751745258626854 207.4385600267387 pid3bd1
127.66256524175665  1.649459655446657 207.66256524175665 pid3c91
128.0218807269154  1.2322538191858623 208.0218807269154 pid3ba3
128.1181335388449  1.6725854891362752 208.1181335388449 pid3b28
128.49550652613462  0.9596842400393805 208.49550652613462 pid3bc1
128.93220172170365  1.1344182002494647 208.93220172170365 pid3b8e
129.0679505749501  0.977345130934941 209.0679505749501 pid3b3e
129.08769302683817  1.6485635387228355 209.08769302683817 pid3c6d
129.76973488605373  0.622150016151517 209.76973488605373 pid3bfc
130.05750836632765  1.0432174192239505 210.05750836632765 pid3b06
130.7900527577189  0.8934515542693935 210.7900527577189 pid3c25
131.13177746639815  1.7939729814077907 211.13177746639815 pid3b52
131.58494178747432  1.0033918042588228 211.58494178747432 pid3bcf
131.7542702242461  0.7794745475274826 211.7542702242461 pid3c31
132.81944977575193  0.6237966736984288 212.81944977575193 pid3b5c
132.93753658694087  1.0581047729524176 212.93753658694087 pid3b29
133.01201605978423  1.6327602782397124 213.01201605978423 pid3bb1
133.42007640346884  1.4347435017126786 213.42007640346884 pid3b21
133.7333794712959  1.1163622786022398 213.7333794712959 pid3b1e
133.99760203938428  1.9554190198349617 213.99760203938428 pid3cb7
134.36948887513736  1.9868912069697484 214.36948887513736 pid3bcb
134.81308799229504  0.5073868539669724 214.81308799229504 pid3b2d
136.51753402068726  0.7179302384919226 216.51753402068726 pid3c95
136.87684309181967  1.6066990991159698 216.87684309181967 pid3b76
137.1854849385374  1.4585204007134998 217.1854849385374 pid3bf6
137.4596679286822  0.7197993912005127 217.4596679286822 pid3b9d
137.5361566815448  1.2611884095791943 217.5361566815448 pid3b99
137.81194878421425  1.5379083117445018 217.81194878421425 pid3b9f
138.54903092368437  1.4630220469893287 218.54903092368437 pid3b4f
138.99331767401915  0.8582701059418887 218.99331767401915 pid3bec
139.12160182081035  1.5207178383599849 219.12160182081035 pid3b3c
139.17249176532218  0.6268494740504187 219.17249176532218 pid3c56
139.213521328142  1.2548356817065627 219.213521328142 pid3c4f
139.4791800526708  1.3837137487352866 219.4791800526708 pid3c51
139.48301852712757  0.5369078549479003 219.48301852712757 pid3bab
139.93361402477342  1.4905568958347652 219.93361402477342 pid3b72
140.07831602249746  0.9901507725688369 220.07831602249746 pid3c89
140.34248699951274  1.2625668341627723 220.34248699951274 pid3cb1
141.34151908784386  0.8299393220109836 221.34151908784386 pid3c47
141.43320102765773  1.5433516600623212 221.43320102765773 pid3bb4
141.80714535270036  0.5295539707281594 221.80714535270036 pid3b03
142.05547766045495  0.5984029336790362 222.05547766045495 pid3b43
142.45309950305023  1.177732986281473 222.45309950305023 pid3be1
142.59171173013468  1.8801672784168955 222.59171173013468 pid3c99
142.76384030652173  0.7917186603536585 222.76384030652173 pid3b1d
142.91584871922245  0.8476054944904501 222.91584871922245 pid3bf1
143.6015327537694  0.6552134310385351 223.6015327537694 pid3ba2
143.8349672299431  1.5191669138677761 223.8349672299431 pid3c35
143.9407757686003  1.4673478753946807 223.9407757686003 pid3b34
144.36134140253918  0.7440873570080075 224.36134140253918 pid3b23
144.524903397922  1.0913073986761317 224.524903397922 pid3b70
144.62674049243574  1.2434870605246144 224.62674049243574 pid3b7e
144.79854126024912  1.259843390161523 224.79854126024912 pid3bbe
144.97587725296995  1.4315954842762384 224.97587725296995 pid3bbf
145.30864406068667  0.9480850444178089 225.30864406068667 pid3c6e
145.54467121673264  1.868566777244466 225.54467121673264 pid3b17
145.77760223699502  1.865468352574589 225.77760223699502 pid3b9a
145.77803743650807  1.399550896850709 225.77803743650807 pid3c72
146.07401638106776  1.947309212965418 226.07401638106776 pid3b62
146.62312962400898  1.6446476620873685 226.62312962400898 pid3b31
146.6949950335034  1.7835050788000377 226.6949950335034 pid3b7d
147.56003606159913  1.2649415190743398 227.56003606159913 pid3b86
147.60290339093942  0.6259305356488972 227.60290339093942 pid3b44
148.1788723206454  0.9239820370420577 228.1788723206454 pid3b01
148.6239247587105  0.8776299360588584 228.6239247587105 pid3b56
148.62414741015783  0.8774786428318855 228.62414741015783 pid3c1b
148.9029976165204  1.0621235962622073 228.9029976165204 pid3bfa
149.02522355304234  1.4674992044322217 229.02522355304234 pid3bc7
149.73261611454564  1.5484104961459668 229.73261611454564 pid3c4e
149.7984810055019  1.5651569368255152 229.7984810055019 pid3cb0
