0.15371652412370373  1.21022026759366 80.15371652412371 pid2304
0.20616994410105893  0.8891735599053088 80.20616994410106 pid23bd
0.6896193758499425  1.8458664227399078 80.68961937584994 pid2331
0.9409934949344334  0.5181793758517486 80.94099349493443 pid2288
1.1129417547197318  1.6621831921310184 81.11294175471973 pid237a
1.2677960378291608  0.5917201302522417 81.26779603782916 pid2364
1.283774117898645  1.7740898051483351 81.28377411789864 pid23a1
1.2944591407185457  1.6865227325243877 81.29445914071854 pid2317
2.477120628131557  1.2871412141877019 82.47712062813156 pid231e
2.687062291650105  0.8187033624531774 82.68706229165011 pid227e
2.7536447060243328  0.6789184886999846 82.75364470602433 pid227c
3.5504501379755196  0.6367740305666065 83.55045013797552 pid227d
3.7803986300240897  0.8558312042720088 83.7803986300241 pid2374
3.8834766390818953  1.6041052352633314 83.88347663908189 pid2355
3.9287206175143807  0.5335080002482055 83.92872061751439 pid22d3
4.139895671602057  1.503966655478248 84.13989567160206 pid22ad
4.196290628493548  0.9983768312978429 84.19629062849354 pid22d5
5.001866891563522  0.7022459965252446 85.00186689156352 pid23ab
5.129163614435028  0.6497309828148088 85.12916361443503 pid23cd
5.400740892121325  1.064979438684889 85.40074089212132 pid22d2
5.650768344146018  1.402025770829956 85.65076834414602 pid2335
6.030009046825424  0.9486313451886088 86.03000904682543 pid2358
6.1067399922658305  0.8186817492610299 86.10673999226583 pid2277
6.932830730674366  0.8412655572219767 86.93283073067437 pid22b0
7.072515113255884  0.5934624825615747 87.07251511325589 pid237b
7.151302765475243  1.7327068713459146 87.15130276547524 pid2316
7.278790413151515  1.7908330390415688 87.27879041315151 pid23d3
7.424015008177576  1.5433887998764488 87.42401500817758 pid22cf
7.513837693911196  0.8563885255935662 87.5138376939112 pid2379
7.549368531346201  0.6091225447500903 87.5493685313462 pid228b
7.913949821404592  1.911070446260891 87.91394982140459 pid23b1
8.288437876049958  1.9634489788844403 88.28843787604995 pid2404
9.189714418431693  0.6017260052072247 89.18971441843169 pid2306
9.9150095971284  1.055949915066127 89.9150095971284 pid2369
10.003677494859897  0.5568883129147286 90.0036774948599 pid2380
10.153384907419538  1.047419959092683 90.15338490741954 pid23a6
10.186966145218612  0.5338186430490259 90.1869661452186 pid231c
10.486057658388548  0.7356598305821902 90.48605765838855 pid2402
10.733360691073745  1.1411608997476854 90.73336069107374 pid2348
10.81854584665895  0.7512569580892845 90.81854584665895 pid22cd
11.34207888644384  1.6107250766495094 91.34207888644384 pid2390
11.478068313839207  1.5674800304648557 91.4780683138392 pid2310
12.469860721142961  1.101729602027288 92.46986072114296 pid2357
12.540346019607684  1.9268049272088195 92.54034601960768 pid23b0
13.126917329329373  1.0247330083174946 93.12691732932937 pid2319
14.521041244632633  0.8724148953536321 94.52104124463263 pid23c3
14.811115363547572  0.8957757032226215 94.81111536354757 pid23dd
15.244745038268242  0.6438589197745792 95.24474503826823 pid22d6
16.169530997766635  0.8809729650921583 96.16953099776663 pid22f5
16.2340119781594  1.1677194028165672 96.2340119781594 pid22a5
16.517852265070125  0.6517865639936931 96.51785226507013 pid23a9
16.656049394478895  0.7365465824317912 96.6560493944789 pid23d4
16.735799487514562  1.3927726201333672 96.73579948751456 pid230b
16.96191678668016  0.6646589640271777 96.96191678668016 pid229c
17.830582941092416  0.836430407800647 97.83058294109242 pid2300
17.942583406874462  1.8103299995132873 97.94258340687446 pid237f
17.945340161799216  0.8579945680963295 97.94534016179921 pid22f1
18.627331667241613  1.6550657162710085 98.6273316672416 pid22d4
18.94564564985411  1.2911874265855525 98.94564564985411 pid22cc
19.16455247275571  1.914696462980717 99.1645524727557 pid2326
19.412331310546772  1.870611235294978 99.41233131054678 pid23ba
19.45876230334419  1.4323023585063783 99.45876230334419 pid2287
19.998921060982415  1.623516583033843 99.99892106098241 pid2311
20.06682343659439  1.1036884392071538 100.06682343659439 pid234f
20.342646844602786  1.457366528513302 100.34264684460278 pid2342
20.374466557518733  1.7512885410214847 100.37446655751873 pid22e8
20.836752458288554  1.1424565028566644 100.83675245828856 pid241b
21.443859012954558  1.1303801800968802 101.44385901295456 pid2416
21.675032189610953  1.7849049141567999 101.67503218961096 pid2400
21.768198791377298  1.8727102066773613 101.7681987913773 pid233d
21.881460843342033  1.9170865687053416 101.88146084334204 pid22a4
21.92519493092983  1.5755866893682793 101.92519493092983 pid235a
22.045319003099955  1.128326102366339 102.04531900309996 pid2377
22.088197984952636  1.6357065098626649 102.08819798495264 pid23b6
22.21767569325178  1.9945785071059052 102.21767569325178 pid227a
22.398509988070025  1.8705660677036295 102.39850998807003 pid237e
23.02903448961114  1.0904756526285557 103.02903448961113 pid22af
23.036623131813567  1.3158853944936535 103.03662313181357 pid230c
23.06501632102534  1.6163989532491496 103.06501632102534 pid22fc
23.528479276464925  1.5646115250353463 103.52847927646492 pid2384
23.703497738364316  1.9656617766485807 103.70349773836432 pid2321
23.91438023590039  0.7325880145772531 103.91438023590038 pid2264
24.3997319950426  0.5232389023877104 104.3997319950426 pid22df
24.504033620972233  0.8032712678809946 104.50403362097224 pid235e
24.558182487099977  0.6779671859290655 104.55818248709997 pid22fe
24.77310369579209  1.7673464696522099 104.77310369579209 pid226d
24.825573375145744  0.9007266918123539 104.82557337514575 pid2262
25.07509225874075  0.6690767589613548 105.07509225874075 pid2265
25.586594366225256  1.6180649993681557 105.58659436622526 pid240f
26.8191916274416  0.5545100523379629 106.8191916274416 pid2419
26.971418155891964  0.5414762900652785 106.97141815589197 pid2282
27.264694397072997  0.6445902736248756 107.264694397073 pid2401
27.355240734716546  0.6551588858239112 107.35524073471655 pid23f4
27.74165860144015  1.0111335563968327 107.74165860144015 pid22fa
28.24515757741332  1.831776436530746 108.24515757741332 pid2309
28.41264972124099  0.6616449319408805 108.412649721241 pid2330
28.652325293969348  1.9110067101546773 108.65232529396934 pid23eb
28.764510585619625  0.6423208773782798 108.76451058561963 pid22c2
29.021506965017174  1.610571769960723 109.02150696501718 pid2378
29.114693711204914  1.1475416041548783 109.11469371120492 pid231a
29.1962073053799  1.8529992094136876 109.1962073053799 pid2396
29.346836276494642  0.7118758454208296 109.34683627649464 pid228a
29.493410315904857  0.5382822300830796 109.49341031590485 pid2353
29.580653645228615  1.885794750089573 109.58065364522861 pid23f3
29.902306178686406  1.5766874667772033 109.9023061786864 pid2263
30.360944280674158  1.9471577277136918 110.36094428067416 pid2375
30.55369715859544  1.540131828819796 110.55369715859544 pid231f
30.948331326222316  1.3514280949141897 110.94833132622232 pid23da
31.004120031466957  1.9316739630196615 111.00412003146695 pid228c
31.14112867692942  1.3158391402409282 111.14112867692941 pid23e8
31.698717495506166  1.211966388252835 111.69871749550617 pid23e5
32.17612770013764  1.4207788435429891 112.17612770013764 pid235b
32.805784258365115  0.6336068767896941 112.80578425836512 pid241a
33.10200788710895  1.5950144955179595 113.10200788710895 pid228d
33.2884416502773  1.9047621568624242 113.28844165027729 pid22cb
33.61586025088419  1.3829411357525414 113.6158602508842 pid23b9
33.81512759192864  1.036489395683686 113.81512759192864 pid22ca
33.90571533998493  1.6067017534890904 113.90571533998494 pid2407
33.949454602261206  0.9971797079601452 113.9494546022612 pid2305
33.95381233094844  1.5022181980293114 113.95381233094844 pid233f
33.974733908636644  1.5452054429558166 113.97473390863664 pid23d6
34.851430725393854  1.878087421742079 114.85143072539385 pid23c2
35.02179556112421  1.086505550733479 115.02179556112421 pid238d
36.76589661673052  1.0002692912316764 116.76589661673052 pid22f7
36.96774139556273  1.9103085074500288 116.96774139556274 pid23a0
36.98226691994252  1.8383449782345735 116.98226691994252 pid2307
38.04951105705882  1.0973757036773066 118.04951105705882 pid22e3
38.93154510346788  1.8760025299064775 118.93154510346788 pid2366
39.142404178524245  1.5171160304040552 119.14240417852425 pid2359
39.57297143862541  1.5413808754335385 119.57297143862542 pid2285
39.960561609792585  1.7383543433056072 119.96056160979259 pid2275
40.750623476728954  0.5234793241922051 120.75062347672895 pid2347
40.90561301691747  1.1348573406541598 120.90561301691747 pid2289
41.159870053494025  0.8341284042092292 121.15987005349402 pid237d
41.320696471101954  1.400685103777251 121.32069647110195 pid2334
41.57307724202835  0.9713172088540615 121.57307724202835 pid239f
42.10440987958616  1.3258425561569283 122.10440987958616 pid2398
42.113275916066975  1.3665077725998038 122.11327591606698 pid23c1
42.7632428493454  0.9786845452194002 122.7632428493454 pid2350
42.951599570120955  1.323439098454715 122.95159957012095 pid23f9
43.039059869407765  1.0786999649068192 123.03905986940777 pid231d
43.805895010494126  1.6570206923205242 123.80589501049413 pid22eb
44.151644324938495  1.937016932178799 124.1516443249385 pid23a4
44.21901473848382  0.8222721472033268 124.21901473848382 pid23c9
44.2917689334116  0.8691712409167924 124.2917689334116 pid2344
44.9163100311023  1.7049611137752674 124.9163100311023 pid2351
45.485548947430615  0.7389870166028039 125.48554894743062 pid239b
45.560973045515105  1.501394050611623 125.56097304551511 pid22ae
45.572336947562576  0.6151526589347949 125.57233694756258 pid23f2
45.62710295926058  0.552090686761525 125.62710295926058 pid2395
46.3585084937706  0.8924449046679421 126.3585084937706 pid23e0
46.6498686215016  1.6563278956936396 126.6498686215016 pid23d9
46.78289305262383  1.3791639557583453 126.78289305262382 pid22b6
47.438444308319724  0.8722854899191375 127.43844430831973 pid2389
48.15283293023472  1.4588844210463263 128.15283293023472 pid236f
48.609617441097456  1.1754911893389444 128.60961744109744 pid2393
48.92418727253538  1.008566075994656 128.9241872725354 pid22e2
49.412852167653845  1.905038168382031 129.41285216765385 pid22d7
49.571604074039364  1.9586462576088832 129.57160407403936 pid2349
50.32120159856539  0.5375792072219521 130.32120159856538 pid23aa
50.40888341058846  1.1984607001269125 130.40888341058846 pid22b9
50.66074972487245  1.4774302784470499 130.66074972487246 pid23f7
52.13993201361203  1.2548634058943093 132.13993201361203 pid2294
52.31869612786354  0.5323628972362188 132.31869612786355 pid2323
52.50416569981161  0.5971547332982305 132.5041656998116 pid22ea
52.66687908245082  1.5052196137169092 132.6668790824508 pid2322
53.13081273326172  0.6434658267164433 133.13081273326173 pid240d
53.19457602914062  0.5689313429084506 133.19457602914062 pid23e7
53.539966354474515  1.5466476234727788 133.53996635447453 pid22c7
54.083946677937966  0.5953304378256897 134.08394667793797 pid2385
54.13019224349283  1.2131341584952984 134.13019224349284 pid2352
54.37579336251737  1.2625201654520313 134.37579336251736 pid2373
54.9497836283453  1.384297164697817 134.9497836283453 pid241d
55.00172291095662  1.660528384395536 135.00172291095663 pid2327
55.06720205701463  1.0083739754954832 135.06720205701464 pid2278
56.025025431102385  0.9391610991039462 136.0250254311024 pid22b1
56.71433588927863  1.90852939179417 136.71433588927863 pid2324
56.72608226786594  0.5855716177440344 136.72608226786593 pid2279
56.74842846617837  1.1264558224142798 136.74842846617838 pid2296
57.090480758002315  1.3844796774223962 137.09048075800231 pid2370
57.26030275325917  1.700975155482011 137.26030275325917 pid22b3
57.38054020613327  1.939537849472317 137.38054020613328 pid22d9
57.58807570661049  0.5944267936860698 137.58807570661048 pid233b
57.61718521950148  1.3180986948979858 137.6171852195015 pid2292
57.87861340643492  1.854842965414535 137.8786134064349 pid22c0
58.16902236961694  1.1217857854460453 138.16902236961693 pid2291
58.281884396590364  0.7978522248591308 138.28188439659036 pid227f
58.9415107979025  1.0931502127432504 138.9415107979025 pid2315
59.581838266090365  1.300546420773308 139.58183826609036 pid22bb
59.87336774849989  1.273848146550736 139.8733677484999 pid23c7
60.47228729945221  1.2617448565915517 140.4722872994522 pid23dc
61.6620931182867  1.2721116525748943 141.6620931182867 pid22ef
61.867416846393084  0.814885505333408 141.8674168463931 pid239a
63.094400367575595  1.6907190378760684 143.0944003675756 pid23c4
63.76639746974358  0.7301917178765944 143.7663974697436 pid22bf
64.18220310171165  0.7035241819583622 144.18220310171165 pid2343
65.27955538509273  1.2076939178557278 145.27955538509275 pid23e6
65.40225413674835  1.125683650086688 145.40225413674835 pid23d2
65.59667603276951  1.2366166474858933 145.5966760327695 pid226f
65.86476234271647  1.3183957381088054 145.86476234271646 pid2346
66.30655915167412  1.0590781183367877 146.30655915167412 pid2281
66.59318546340606  0.5339612350895024 146.59318546340606 pid2284
66.73100702230123  1.1757835127008671 146.73100702230124 pid23be
66.90156118668315  1.2033558392891033 146.90156118668315 pid2417
66.9478767342006  0.9074376155357582 146.9478767342006 pid2383
67.04411021659645  1.597115738047257 147.04411021659644 pid22c5
67.068663412959  0.9814644903105785 147.06866341295898 pid240a
67.30674056036798  1.8999738070962773 147.30674056036798 pid22c3
67.35790342636722  1.6300708127856263 147.35790342636722 pid2363
67.70610797010885  1.2824630180230359 147.70610797010886 pid22a1
68.15877839544194  1.3784089207136854 148.15877839544194 pid22e6
68.31158760125385  1.6723595838704175 148.31158760125385 pid2403
68.42483051663763  1.3820730088366007 148.42483051663763 pid22d0
68.77520866979506  0.5821683775336848 148.77520866979506 pid2280
68.78871473671117  1.110110881784709 148.78871473671117 pid2303
69.15959832190434  1.5852255087597005 149.15959832190435 pid2387
69.46459948004224  1.4118120758206385 149.46459948004224 pid22c1
69.55214180741757  1.4840271512103689 149.55214180741757 pid23b4
69.74837665663912  1.6254308999291072 149.74837665663912 pid23cb
69.8655421323985  1.570850036915153 149.8655421323985 pid2269
70.02933704356548  1.8421999900328283 150.02933704356548 pid235c
70.29059986200014  0.828114357619179 150.29059986200014 pid23cc
70.46252400127642  0.6338980171733413 150.46252400127642 pid22c6
70.47524480115365  0.7990464033475142 150.47524480115365 pid22e0
70.97137681620809  1.3469712737991262 150.97137681620808 pid2272
71.59778839379015  1.4919562722567181 151.59778839379015 pid22e1
72.26900488119688  1.0375163538416226 152.26900488119688 pid23a2
72.6399448018773  0.818052755973681 152.6399448018773 pid2405
72.71962845324036  0.9840499847956785 152.71962845324038 pid22a7
73.17117222083877  0.829414932240921 153.17117222083877 pid2293
73.44566309059887  1.9602463856864611 153.44566309059888 pid23c8
73.47797584746486  0.7895692894886526 153.47797584746485 pid234d
73.57906499834293  1.8774166240148467 153.57906499834291 pid230d
73.68781323682191  1.1801275650467768 153.6878132368219 pid2414
73.89523117616488  0.5169770555572066 153.89523117616488 pid23de
73.90737702517706  1.170766050189533 153.90737702517706 pid2299
74.89410259248062  1.0846986367072784 154.89410259248064 pid2270
75.14600229139837  1.076346881650062 155.14600229139836 pid2274
75.32377231469673  1.997149058598862 155.32377231469673 pid2409
75.34048229113888  1.1364289742161193 155.34048229113887 pid23fa
75.51295026492467  1.9925637445259465 155.51295026492465 pid23e3
75.55505006427045  1.907795493781347 155.55505006427046 pid23f8
75.64349068181158  1.6124123711120424 155.64349068181158 pid23a5
75.94550658349414  0.5249751657665932 155.94550658349414 pid238e
76.02206842508942  1.695480273832282 156.0220684250894 pid22f4
76.38315482935248  1.0953083618309767 156.38315482935246 pid2361
76.40440447237233  0.7954020474057926 156.40440447237233 pid2356
76.73633543554195  0.9465228938448084 156.73633543554195 pid2336
76.88061306577026  0.8119864205212138 156.88061306577026 pid23e4
77.31002865619801  0.5231731822967185 157.31002865619803 pid23ef
77.86504375454508  0.6516275729942063 157.86504375454507 pid240e
77.90953019281302  0.6126891448485463 157.909530192813 pid23d7
78.02834618428949  1.7989932701462164 158.0283461842895 pid230f
78.95564667846725  1.4469179288615819 158.95564667846725 pid2261
79.7164095974914  1.298011638438278 159.7164095974914 pid234a
79.77180803718072  1.4354945141850741 159.77180803718073 pid22e9
80.01160647320962  1.8835578186485777 160.0116064732096 pid22dc
80.99004510721178  1.5395039444706526 160.99004510721178 pid2314
81.37877266455912  0.7840278998136805 161.3787726645591 pid2345
81.56737169784874  1.7218680262455883 161.56737169784873 pid23ed
82.99873121726947  1.0215048919780434 162.99873121726947 pid23b2
84.21462870849271  1.980361268475225 164.2146287084927 pid229b
84.28270613740494  0.9153839054055695 164.28270613740494 pid226b
84.38172376328878  1.9921311185586106 164.3817237632888 pid23ee
84.4222485391382  0.9962177737524158 164.4222485391382 pid2341
84.50831559053236  1.9453757133040672 164.50831559053236 pid22be
84.98501759373937  1.9171214463484991 164.98501759373937 pid23e9
85.0928050758005  1.881345512567136 165.0928050758005 pid22ee
85.28300344536886  0.6272341644416806 165.28300344536888 pid22ed
85.3733551300516  1.0577974225955518 165.3733551300516 pid2286
85.37408415355888  1.103698621473338 165.3740841535589 pid23f5
85.95213326519455  0.5153579910096777 165.95213326519456 pid22c4
86.59907522017687  1.780826963183092 166.59907522017687 pid238b
86.89934383803218  1.7237999879323278 166.89934383803217 pid226c
87.04579016003078  1.5647735872950224 167.04579016003078 pid22a0
87.97114166341102  1.4808591681928767 167.971141663411 pid2260
88.37251506722262  1.7820218398915038 168.37251506722262 pid22b7
88.86370174619368  1.0152996259349505 168.86370174619367 pid236d
88.98021213847159  1.3419624796446523 168.9802121384716 pid2273
89.11967574489306  1.3079763962311561 169.11967574489307 pid2382
89.19935790666825  0.7493022171326976 169.19935790666824 pid22de
89.3394969732083  0.896664607139743 169.3394969732083 pid23e1
89.74170441537014  0.8460373571014957 169.74170441537012 pid22d1
90.34078391210205  0.6243674234557732 170.34078391210204 pid232d
91.15558435748306  0.5108015996826948 171.15558435748306 pid229e
91.32329778542291  0.6381850588324514 171.3232977854229 pid228f
92.25661752825273  1.9675734515751224 172.25661752825272 pid2391
92.37618157317863  0.7773402629262641 172.37618157317863 pid23fe
92.51437422740445  1.239693135153539 172.51437422740446 pid2301
92.82421872613276  1.4345897068452198 172.82421872613276 pid22d8
92.96601921870933  0.9817674630815731 172.96601921870933 pid23ac
93.83035047579904  0.6822421976967423 173.83035047579904 pid238a
94.02852668639177  1.684981027687615 174.02852668639179 pid2397
96.66639256858444  1.428059747218551 176.66639256858446 pid23cf
97.0423176252334  0.7541233350618205 177.0423176252334 pid2312
97.32175426727102  1.9275173899095193 177.32175426727102 pid2338
97.36401415034767  1.6257002004691814 177.36401415034766 pid23f0
97.81433610694077  0.8526788659052446 177.81433610694077 pid23ad
98.40620168832767  1.5880007841368347 178.40620168832766 pid2362
98.79916802331468  0.9839735680597184 178.79916802331468 pid22dd
99.98998226019528  1.2413851402778888 179.9899822601953 pid226e
100.05898089100675  1.4146494717099114 180.05898089100674 pid22a9
100.47897088717957  1.663972120514223 180.47897088717957 pid23c5
100.76299822217386  0.7842753674447387 180.76299822217385 pid23e2
100.77156486045808  1.359156237408106 180.77156486045808 pid2421
100.91634711485904  0.6030850274104234 180.91634711485904 pid229d
101.05764611782568  0.5404529395056498 181.0576461178257 pid232b
101.13350748836824  1.044518112352372 181.13350748836825 pid2392
101.4986727466204  1.2385925639244193 181.4986727466204 pid23f6
101.74951420768559  1.6936218971333785 181.7495142076856 pid2415
102.56958757535001  0.6107540577941505 182.56958757535 pid238f
102.9764625433716  0.9756993952183437 182.9764625433716 pid22a6
103.23908679408447  1.6432619253556382 183.23908679408447 pid231b
103.59659868296743  1.5893607268279073 183.59659868296743 pid2271
104.07271871761104  0.5515258241199406 184.07271871761105 pid240b
104.23877103151693  1.0214768312142877 184.23877103151693 pid232c
105.04193043889681  0.5518992545203598 185.04193043889683 pid239d
105.1034412562203  1.7196358100391338 185.1034412562203 pid2394
106.3715915519755  0.6429706742492948 186.37159155197548 pid22f2
107.09888364818177  0.604854352574426 187.09888364818175 pid233e
108.0132798010233  1.6873836311626373 188.01327980102332 pid2406
108.0838658570283  0.9770861702528797 188.0838658570283 pid22ec
108.19335968212563  0.8563776464131092 188.19335968212562 pid22f9
109.49835516369686  0.6003223894105207 189.49835516369686 pid2332
109.51500535294804  1.262671332295295 189.51500535294804 pid23db
109.57388940699647  0.5008772003450626 189.57388940699647 pid236c
110.66188182774161  1.9760711659621288 190.6618818277416 pid22b2
111.76318434691488  0.7444912758833848 191.7631843469149 pid227b
112.03054064963054  1.1814190925278751 192.03054064963055 pid22e5
112.28374493690863  1.439953022946931 192.28374493690865 pid232e
112.35194348259701  1.8571115915202472 192.351943482597 pid2337
112.62093838213441  1.5499830921769215 192.6209383821344 pid237c
112.73515629218195  1.7804523039623343 192.73515629218195 pid2290
113.82991816075757  0.8110049785559543 193.8299181607576 pid2276
113.87961744919396  1.2797930555047818 193.87961744919397 pid22f8
114.04489447742145  0.5916555206622679 194.04489447742145 pid22e4
114.07705901895928  0.6449793698002786 194.0770590189593 pid23c6
114.41752627826905  1.6463366017893692 194.41752627826907 pid22ba
114.46966619719613  1.311667450777952 194.46966619719615 pid23d0
114.5358346481682  0.9177635493681467 194.5358346481682 pid22a8
114.77096380529514  1.1333937539669652 194.77096380529514 pid235d
114.79086430830984  0.9546600133065412 194.79086430830984 pid2333
114.86512213540307  1.6418932020298356 194.86512213540306 pid23a3
115.01522422234973  0.5932641100858681 195.01522422234973 pid229a
116.05074889926699  0.5605023833923977 196.05074889926698 pid22ac
116.58518010889  1.8650434762944037 196.58518010889 pid2297
117.49531123014106  0.596875002228918 197.49531123014106 pid22ce
117.51142637880562  1.8296298262326922 197.51142637880562 pid22fb
117.93309409187975  0.8567496871526057 197.93309409187975 pid22c8
118.37529369412223  0.8232257257468527 198.37529369412223 pid226a
118.6102932481619  0.9817799916942722 198.6102932481619 pid23b7
118.8227273033485  1.7556660213616642 198.8227273033485 pid241f
119.43074247325772  0.9675497734955716 199.43074247325774 pid23fb
119.64337621344193  1.285757999445357 199.6433762134419 pid22b5
120.25019485164245  1.7692289442997273 200.25019485164245 pid2283
120.56372260575749  0.7634324238660334 200.5637226057575 pid2313
121.01484488579428  0.5365280068424965 201.01484488579428 pid22aa
121.15551151285615  1.0069651442595913 201.15551151285615 pid240c
121.36989831924441  0.7314535832190983 201.3698983192444 pid233a
121.38483057768124  1.8044523885412684 201.38483057768124 pid2368
121.56970270317947  1.4150209727516774 201.56970270317947 pid23d1
121.5707962928162  1.145580741332617 201.5707962928162 pid23af
121.7179922211541  1.0114404037420561 201.7179922211541 pid23bf
121.88720941416362  1.5943996345060103 201.88720941416364 pid22f3
121.89753530164172  0.7935089331485168 201.8975353016417 pid2318
122.3770558750306  1.7792467478073513 202.3770558750306 pid2371
122.55139895899057  0.7274911317013011 202.55139895899057 pid22db
122.67630955570333  1.4958319888068616 202.6763095557033 pid234c
123.05979075099452  1.007162537940942 203.05979075099452 pid22da
123.11435128406481  1.849113110418978 203.1143512840648 pid23ea
124.12286873558018  0.6810629177454681 204.1228687355802 pid22c9
124.19252871415428  1.677435860636891 204.19252871415426 pid2411
124.20501608792802  0.7691511170222789 204.20501608792802 pid2295
126.42035841836834  1.1702932606866698 206.42035841836832 pid2320
127.16729335268367  1.6089416540524257 207.16729335268366 pid2412
127.77648592844025  0.7236206714657929 207.77648592844025 pid2354
127.84842802999752  1.4576625586652567 207.84842802999754 pid22bd
127.93673832546261  1.3863644508479798 207.9367383254626 pid22ab
128.23339409485084  0.8285955502466562 208.23339409485084 pid2365
128.62658053611125  1.315419611752888 208.62658053611125 pid232f
128.7353337646118  0.8931571787654611 208.7353337646118 pid2360
128.85894144718944  1.4877557109241901 208.85894144718944 pid228e
129.55335973355784  1.384673863476751 209.55335973355784 pid2386
129.8011114679466  1.2827974156941853 209.8011114679466 pid239e
130.03459092993953  0.5980510809201536 210.03459092993953 pid2329
131.3919656617519  1.135649422201522 211.3919656617519 pid23a7
131.93940815409826  0.9281700573811711 211.93940815409826 pid23d5
132.29901506533972  0.8679575577158806 212.29901506533972 pid23fc
132.973392312704  0.7675236027926768 212.973392312704 pid2325
133.4258011821398  1.6333326239813453 213.4258011821398 pid229f
133.9600153530318  1.8214162403945182 213.9600153530318 pid2399
134.03401231033354  1.4492768145707107 214.03401231033354 pid22b8
134.05685947252  1.055604614051108 214.05685947252 pid2339
134.30191999921323  0.7638855038810546 214.30191999921323 pid22b4
135.08447065541458  0.9381189534243567 215.08447065541458 pid234e
135.29943983772725  1.511062503124084 215.29943983772725 pid23ce
135.84663365638337  0.9218814143248726 215.84663365638337 pid230a
135.88864031628523  1.9400599555616016 215.88864031628523 pid2340
136.07230738743087  1.4907623439632167 216.07230738743087 pid23fd
136.08231178153125  0.8303686941318721 216.08231178153125 pid238c
136.22542001991093  1.1993488754331878 216.22542001991093 pid23a8
136.39891074142477  1.7058111998318213 216.39891074142477 pid22f6
136.58407403206198  1.2106013545014693 216.58407403206198 pid236b
137.1103028956123  1.289905066821149 217.1103028956123 pid23ec
137.5857396178683  1.243160010129447 217.5857396178683 pid22e7
137.8419211038299  1.2382914258151647 217.8419211038299 pid2420
138.20932992132197  0.9835078840399543 218.20932992132197 pid22ff
138.24040577715832  1.3378870102540268 218.24040577715832 pid2408
138.4416865390051  1.886347292811692 218.4416865390051 pid2381
138.87064239710895  0.9865152801236488 218.87064239710895 pid2298
138.99371544284517  0.8707373063075439 218.99371544284517 pid23f1
139.0658814666761  1.9902302856248746 219.0658814666761 pid23bc
139.26703103002728  0.7217322050310179 219.26703103002728 pid2388
139.33791325714745  1.4170823104793204 219.33791325714745 pid236e
139.77804886617193  1.459717270366858 219.77804886617193 pid22fd
140.43569499868227  1.908779775377556 220.43569499868227 pid2266
140.7252292827272  1.1793375249450893 220.7252292827272 pid23ca
140.95306574543366  0.6581998822545441 220.95306574543366 pid2302
141.42199820964404  0.7887364580095382 221.42199820964404 pid23ff
141.4321272969382  1.4673357941678673 221.4321272969382 pid22a2
141.503425052966  1.42639954640516 221.503425052966 pid230e
141.82697232858865  1.2470552517951856 221.82697232858865 pid22a3
142.17121456586537  0.629174167659232 222.17121456586537 pid234b
142.3168600756361  0.9028763686140406 222.3168600756361 pid2308
142.3268776861471  1.6527109239506983 222.3268776861471 pid2418
142.7806299197516  1.9807238523614794 222.7806299197516 pid235f
143.3191299419169  1.1032199011448298 223.3191299419169 pid241e
143.37694329464142  1.5472641411427996 223.37694329464142 pid233c
143.8573422928955  1.6482849456795996 223.8573422928955 pid2367
143.94686965323575  1.8915556074469484 223.94686965323575 pid23d8
144.73463797684155  0.5259903167715083 224.73463797684155 pid22bc
145.0014408931445  1.8928182121970214 225.0014408931445 pid236a
145.11988235529162  1.670229758070953 225.11988235529162 pid2328
145.5211408302164  1.0470838755998966 225.5211408302164 pid23b3
145.5833362069265  1.3376055648603613 225.5833362069265 pid23b8
146.3028742541469  0.7038644878279829 226.3028742541469 pid232a
146.34198169703595  0.7984212600498188 226.34198169703595 pid2413
146.96529364797217  0.7337515369840989 226.96529364797217 pid23ae
147.02318639446176  0.9678039208962674 227.02318639446176 pid23df
147.09845039139424  1.5242484852446057 227.09845039139424 pid22f0
147.59444838656697  1.2826048855079564 227.59444838656697 pid2410
147.74734330923536  1.747812009509369 227.74734330923536 pid241c
148.39842416059713  1.9197376687773153 228.39842416059713 pid239c
148.45008648056472  0.5611018432357162 228.45008648056472 pid23bb
148.73602624698566  1.3348249943245294 228.73602624698566 pid23b5
148.81993971377244  1.0560995256663994 228.81993971377244 pid23c0
149.10940019383656  0.6255277126305387 229.10940019383656 pid2376
149.32087993139658  0.6256813422721058 229.32087993139658 pid2372
149.43458717420359  1.9553169171174893 229.43458717420359 pid2268
149.86324504057885  1.988158203980613 229.86324504057885 pid2267
