0.025362782758520108  0.8662063504239086 1.7577754836063373 pid1ff2
0.08722286708037208  0.9514843420884543 1.9901915512572808 pid1fac
0.09809096107024073  1.7631796043939705 3.6244501698581817 pid1f45
0.24147188749944482  2.7501735536317398 5.741818994762925 pid2067
0.5511399564153696  2.3325604123886245 5.216260781192618 pid2057
0.8178695384656542  1.6323318623521916 4.0825332631700375 pid2007
1.2077613392013409  0.41735566198062424 2.0424726631625894 pid1f51
1.3470776987370203  1.023131720473363 3.3933411396837463 pid1fd0
1.388592687649115  2.7664117032460425 6.9214160941412 pid2042
1.5402488849236784  1.1279919047758131 3.7962326944753046 pid2008
1.690813528896018  0.7631077414591054 3.217029011814229 pid1f7d
1.7662750489896295  0.530206838778843 2.8266887265473155 pid2020
1.8814192583673117  1.8884453441886273 5.658309946744566 pid1fa4
2.0217964972711  2.050791344852278 6.123379186975656 pid2092
2.1835052573553004  0.9767611019527987 4.137027461260898 pid208a
2.637914042752554  1.9852232664888643 6.608360575730282 pid205f
2.648509398878962  2.56775444785705 7.7840182945930625 pid1fe6
2.7275803887613304  2.7586819466474384 8.244944282056206 pid2069
3.171308798132322  2.8092583381210465 8.789825474374414 pid2022
3.4143541843868364  2.032439901558971 7.479233987504779 pid200a
3.495470050470584  2.3553939858981052 8.206258022266795 pid2016
3.794586171368397  2.480983592440249 8.756553356248896 pid1f6b
4.295988482803703  1.8056629567152487 7.9073143962342005 pid1f65
4.395474784393438  2.8811343932330424 10.157743570859523 pid203c
4.461806046711347  1.6460477594313554 7.753901565574058 pid209a
4.507124415694596  2.151309290660505 8.809742997015606 pid1ff7
4.855058845609738  1.1924801066484267 7.240019058906592 pid1f8f
5.059661092462331  2.3754130163508806 9.810487125164093 pid2015
5.076493227810142  0.5774630292002307 6.231419286210603 pid2047
6.2473820824554105  1.5352365517259234 9.317855185907257 pid208c
6.3694092925091095  2.746440697526346 11.862290687561801 pid1fde
6.420426291235682  1.6743507265614617 9.769127744358606 pid1f85
6.89479773598608  2.919126106376604 12.733049948739287 pid2028
6.968533317533742  0.5270008797646757 8.022535077063093 pid2029
7.284840349478383  2.0350655024284006 11.354971354335184 pid1fb4
7.78993278561011  1.5729311260371395 10.93579503768439 pid1ffd
8.253834762802793  1.0336062032923374 10.321047169387468 pid1fd6
8.265260631837224  2.905032652637723 14.07532593711267 pid2071
8.26747503598556  2.5947254609245736 13.456925957834708 pid1f1c
8.46603074778276  1.0362128150655217 10.538456377913803 pid1fc5
8.476494741332974  1.506001403664217 11.488497548661408 pid1fdd
8.768275693167482  1.5550181785434298 11.87831205025434 pid2030
9.242427120067287  2.154700054502096 13.551827229071478 pid1efd
9.421287579541438  2.9952268524284786 15.411741284398396 pid1f95
9.602563684645006  2.0383959284417483 13.679355541528501 pid1f4a
9.839374327437866  0.6206416252200848 11.080657577878036 pid1f67
9.917337509821989  0.44028059850232565 10.79789870682664 pid1ffc
10.631701373390213  2.267328056912587 15.166357487215386 pid1f63
10.694734078084844  2.0271113655918924 14.748956809268629 pid2075
10.695474602187204  0.9972259466042267 12.689926495395657 pid1f50
10.726515742249255  1.7424052693902419 14.211326281029738 pid204a
10.975253820275888  0.754246751631827 12.483747323539543 pid1fb7
11.57266256848125  0.5402917901746735 12.653246148830597 pid1f62
11.680408723243952  2.9783323897304355 17.637073502704823 pid201b
11.951083840138999  1.5414606039802523 15.034005048099504 pid1f96
12.090393069426531  2.9316934173805533 17.953779904187638 pid1fe7
12.348480193451694  0.5042883699152478 13.35705693328219 pid2024
12.610843781220705  0.9012608862988658 14.413365553818437 pid1ef7
12.908138970906968  0.5841576020048206 14.07645417491661 pid1edd
13.30369996066042  1.1184983376129394 15.540696635886299 pid2058
13.821492869993879  1.62594714193389 17.07338715386166 pid1ee5
14.05145764310567  2.6020821942399244 19.255622031585517 pid2036
14.283624738435009  0.7776989631188256 15.83902266467266 pid200e
14.742588651334287  2.0980381369477255 18.938664925229737 pid202c
14.827680826138078  0.6076183824514223 16.042917591040922 pid1f3e
14.921961666689022  1.6924206757418263 18.306803018172673 pid1f1b
15.075193618817506  1.0031578730771689 17.081509364971843 pid1f3f
15.099421410367475  2.1423195167341555 19.384060443835786 pid1f5d
15.238584542466004  1.0792414489370254 17.397067440340056 pid2013
15.280949336072458  0.8465058315332886 16.973960999139035 pid1f22
15.68412162963363  1.3485576568457707 18.38123694332517 pid1f7a
15.80832256445175  2.066392142091532 19.941106848634814 pid1fcb
16.096596933299935  2.9466941760093874 21.98998528531871 pid1f4c
16.618016316308882  1.2105109613445002 19.039038238997883 pid2006
16.69224336594205  0.8836633006975607 18.459569967337174 pid1f3a
16.695499545046346  1.8171626249274655 20.329824794901278 pid1f93
16.773554768677524  1.6986607369314934 20.170876242540512 pid2059
16.860300192619736  2.7808596725771024 22.42201953777394 pid1f56
17.434714527396935  1.1504048477064184 19.735524222809772 pid1fb1
17.499294647512066  2.1781304306534572 21.85555550881898 pid1f53
18.232161465939633  0.8359966398021144 19.904154745543863 pid1f14
18.237144844639587  2.0311357018421337 22.299416248323855 pid1ff0
18.31242614913181  2.0206761341861452 22.3537784175041 pid1f04
18.430302888342954  1.9581258941939756 22.346554676730904 pid204b
18.827084915770598  1.9232115478001415 22.67350801137088 pid1f41
19.104928615878514  0.6376922031492579 20.38031302217703 pid1ff1
19.270264618559906  1.7698958960164033 22.810056410592715 pid1f82
19.435193896215242  2.026182166059679 23.4875582283346 pid1f99
19.775480922759638  0.976673154365343 21.728827231490325 pid1f29
20.07603103535438  2.30377925952939 24.68358955441316 pid2060
20.241531629194377  1.4316877962646393 23.104907221723657 pid201f
20.27632055198526  2.709588445379155 25.695497442743573 pid1f1e
20.304065121627346  1.5618356925057917 23.42773650663893 pid1fc2
20.97610094399598  1.3925721046287622 23.761245153253505 pid2004
21.214995184116937  2.848060197447848 26.911115579012634 pid1fdf
21.433491384702673  0.6735811291866445 22.78065364307596 pid1f86
21.48934947210902  1.6210422571081664 24.731433986325353 pid1f91
21.5356333190579  0.7107018890556551 22.957037097169213 pid1fcd
21.625327776865966  1.1497807913413403 23.924889359548647 pid1fca
21.688410320152418  1.2014333714501024 24.091277063052623 pid1fe3
21.78220474660152  1.3207141661875226 24.423633078976565 pid1f8e
21.81894597023364  2.4227452452420697 26.664436460717777 pid1f73
22.2731723292411  2.874661362612815 28.02249505446673 pid2041
22.860069229004043  0.6369275170712259 24.133924263146497 pid2083
23.025658772529134  0.761044065429433 24.547746903388 pid202f
23.037823012112124  0.9097148177880842 24.85725264768829 pid1fb6
23.29800803410015  2.229995790806095 27.75799961571234 pid1ee1
23.316177170571486  0.7468982292857373 24.80997362914296 pid1f2a
23.877718005331694  2.1109664370411414 28.09965087941398 pid1f55
23.87834155831763  1.6745730071303533 27.227487572578337 pid1f61
23.970386569604386  0.45689380242724054 24.884174174458867 pid208f
24.44312673961472  2.8915583390632262 30.226243417741173 pid2062
24.582939200963573  2.813540068022661 30.210019337008895 pid1f18
25.33200365616527  2.8220995795173693 30.976202815200008 pid201e
25.41977702341869  2.673773876886727 30.767324777192144 pid2061
25.753515509861955  2.5197494487518646 30.793014407365686 pid208d
25.770977711496602  1.6480975355172967 29.067172782531195 pid1fda
25.87103505876187  2.125376182141734 30.121787423045337 pid1eed
26.056832800786378  0.6391594422302442 27.335151685246867 pid2043
26.376743091188736  1.9602980206003382 30.29733913238941 pid1fa5
26.462085444525062  2.5414816187274343 31.54504868197993 pid1f98
26.602338647057266  2.9484731992820765 32.49928504562142 pid1f21
26.73091049816008  2.117107074503294 30.965124647166668 pid1f07
26.950526137713247  1.328765171141597 29.608056479996442 pid1fa1
27.5451048928676  0.835041628413465 29.21518814969453 pid1f08
27.64689486876891  1.0612398912344152 29.76937465123774 pid1fa7
27.729833947483705  2.0695345844432342 31.868903116370173 pid1fff
28.022845396536777  0.41956303685026747 28.86197147023731 pid1f3c
28.29924152740696  1.3018576583942334 30.902956844195426 pid1f8b
28.303161246775154  0.54276138726614 29.388684021307434 pid1f6a
29.006756894923036  0.4699758049190971 29.94670850476123 pid1f00
29.278712101635087  1.7513481088913214 32.78140831941773 pid205e
29.280980900004305  2.803590424146514 34.888161748297335 pid1f72
29.484068978733326  1.2405088266680697 31.965086632069465 pid1ef4
29.608035984967085  0.5487561963870528 30.70554837774119 pid1f5e
29.757432026950326  1.8711279093274933 33.499687845605315 pid1f69
30.082626363162714  0.9998381800287011 32.08230272322012 pid1f0d
30.19190145947276  2.235605439478751 34.66311233843026 pid1f24
30.32680390769854  2.321180767337535 34.96916544237361 pid206f
30.5710355214452  2.916899031635025 36.40483358471525 pid1f11
30.911171276519113  2.6920655150499746 36.295302306619064 pid1ef2
30.91606391124597  1.1988818977611162 33.3138277067682 pid1fc0
31.047438568325948  1.2144915284958744 33.4764216253177 pid2056
31.155346309375986  2.8590347438360024 36.87341579704799 pid2034
31.34726640708343  1.0199430275144117 33.387152462112255 pid1ee2
31.499450594713185  0.7729343597177433 33.04531931414867 pid1f5b
31.601017349905604  1.2230062401322668 34.04702983017014 pid204e
31.72606274509232  2.893257262452204 37.512577269996726 pid1f40
31.978263746184112  0.9213560315831637 33.820975809350436 pid1f54
32.08514063867997  1.8687559292159492 35.82265249711187 pid1fcc
32.12415496234726  1.5330758144478467 35.19030659124296 pid1fd7
32.243133586091766  1.7522585573918312 35.747650700875425 pid1f28
32.307007277181675  0.643416826215393 33.59384092961246 pid1f2b
33.25024929473809  0.6488580158242643 34.54796532638662 pid1f15
33.28245688281353  1.2435729969264198 35.76960287666637 pid2014
33.51868913324645  0.64196585908007 34.80262085140659 pid202b
33.63114568246186  2.585288760961304 38.80172320438447 pid1f4d
34.03515132229179  0.4650031687808234 34.96515765985343 pid2077
34.08930214852441  2.1633697756479155 38.41604169982024 pid1f05
34.124783157906776  1.824122170999039 37.773027499904856 pid201a
34.17250744358091  2.243248811502705 38.659005066586325 pid202d
34.209788776087834  0.7860071817879779 35.781803139663786 pid1fbd
34.31111750885453  1.0435066764951348 36.3981308618448 pid1f68
34.3352913038248  2.114774612093662 38.56484052801213 pid1fdb
34.76949864705947  2.659934516100223 40.089367679259915 pid2009
34.81735426741754  2.0584287773131886 38.93421182204392 pid1eee
34.83511949073166  0.846008662342594 36.527136815416846 pid1ff6
35.476746628028664  2.2290838759071776 39.93491437984302 pid1f7f
35.74081369905973  2.1436331293807775 40.028079957821284 pid1fec
35.96295184536664  1.6612783364406272 39.285508518247894 pid2049
36.07364061924216  0.8412485523320681 37.7561377239063 pid2074
36.19718685054051  2.6784884489144107 41.554163748369334 pid2097
36.283770915000126  1.3547533912292988 38.99327769745872 pid203b
36.29415298620876  2.2730797730961405 40.840312532401036 pid1edf
36.49643447508725  1.756448833492604 40.00933214207246 pid1fa8
36.5347321771605  2.237946247097279 41.01062467135506 pid1fce
36.83987718851676  2.7340915739628127 42.30806033644238 pid1f9f
37.01013433300106  1.3127059279100255 39.63554618882111 pid1fe5
37.034832105601915  2.939442657257873 42.91371742011766 pid1fb3
37.335461470539855  2.3316636866564417 41.998788843852736 pid2026
37.39173656245731  2.8986898767656823 43.18911631598868 pid1f74
37.395530241061415  1.8721733490917587 41.139876939244935 pid1fb9
37.49469740180995  1.2852662972405617 40.06522999629107 pid209b
38.176841229820525  1.8001377188633199 41.77711666754716 pid1fd1
38.20357055964799  0.8414723316895343 39.88651522302706 pid208e
38.90592799360144  1.4929677743749012 41.89186354235124 pid1f87
39.2649789812619  2.985823259950496 45.23662550116289 pid2087
39.49938333593603  1.0510101196345438 41.60140357520512 pid1f80
39.76305288404007  1.5841830956755851 42.93141907539124 pid1fc3
39.967269049000365  1.5717580243494131 43.11078509769919 pid2088
40.03252523970552  0.7977220350454187 41.627969309796356 pid205c
40.70037844616722  2.5445276120839813 45.789433670335185 pid1f0e
40.886733227195585  1.1912456821933137 43.269224591582216 pid2037
41.49719270588508  0.5729078095029961 42.64300832489107 pid204c
41.60567486311212  1.4772917274979713 44.56025831810806 pid2032
41.85477223624283  0.5272282127247196 42.90922866169227 pid1f5f
42.4342865300171  0.506808349047761 43.44790322811262 pid2010
42.46089187885469  2.9739434386413266 48.408778756137345 pid1f09
42.6839963431747  1.6949741257710573 46.073944594716814 pid1fbf
43.079443578276745  1.5378071609451243 46.155057900166995 pid1f3b
43.19165339738231  2.5730324998529337 48.33771839708818 pid2021
43.24213961855499  1.2779239426466522 45.79798750384829 pid1fa3
43.30399183266253  2.2863290326031045 47.876649897868745 pid1f52
43.365941911384695  2.500275764985285 48.36649344135527 pid1f03
43.3914515113887  2.6706559613453744 48.73276343407945 pid1fb2
43.50845674236622  2.443638259064821 48.39573326049586 pid1fba
43.73003354506739  1.2048145894121944 46.13966272389178 pid1ffe
43.90936117228731  2.223984078031793 48.3573293283509 pid1f7e
44.1587045832081  2.3144791511366045 48.78766288548131 pid2001
44.472643004713106  1.8412418206068235 48.15512664592676 pid1fc4
44.57077714203892  0.5485511863098467 45.667879514658615 pid1f48
44.742447956156994  2.7346095992737163 50.21166715470443 pid1f1a
45.10784530018489  1.2751684081129002 47.65818211641069 pid1f42
45.84950515232373  0.6801575084032141 47.209820169130154 pid1fd3
46.1534638286043  0.5818854360823653 47.317234700769035 pid1f5c
46.50107584496544  0.44762483573199907 47.39632551642944 pid1f97
46.799542242498845  2.2812815063216165 51.362105255142076 pid2023
46.872758864600506  2.7342630857985912 52.34128503619769 pid1ee4
47.24880531608985  2.2080674547881003 51.66494022566605 pid1f7b
47.45927294442526  2.6042261158602718 52.6677251761458 pid1f02
48.33497650756231  2.9833402532943727 54.301657014151054 pid2000
48.44255192185194  2.2960356095138525 53.034623140879646 pid1fbb
48.60458073846081  2.088239922737777 52.781060583936366 pid208b
48.61954036077027  0.9942675082372397 50.60807537724475 pid2068
48.63227371859576  2.2694140374985814 53.171101793592925 pid1f8a
48.88614999128278  0.4200860171492037 49.72632202558118 pid1f2c
49.11527956245313  2.973718853500254 55.06271726945364 pid2048
49.37329572693376  0.8943307026072694 51.1619571321483 pid1ee0
49.38055352593141  2.765388325936454 54.91133017780432 pid2076
49.462663086484085  0.4019897029608369 50.26664249240576 pid2080
49.5530514111286  0.8360789794101194 51.225209369948836 pid1f47
49.67219226774178  2.4483446969719176 54.568881661685616 pid2084
49.88377542978579  1.4986415890236557 52.881058607833104 pid1ff3
49.89131432133911  1.547458204361035 52.98623073006118 pid205d
49.911935913694606  2.836340475193741 55.584616864082086 pid1f6d
50.34287151539861  1.5371372114398554 53.417145938278324 pid2012
50.34746195029122  1.559208243004401 53.465878436300024 pid1f59
50.82417775764293  2.042808859473485 54.9097954765899 pid1f43
51.017094622751245  0.47184195785554395 51.960778538462336 pid1fed
51.2264052907892  2.5035541049094854 56.233513500608176 pid2031
51.36697792625081  0.6456849198283157 52.65834776590744 pid2050
51.55560553969519  1.3884314107726436 54.33246836124048 pid1f37
51.96223234130023  1.348260401571157 54.65875314444254 pid1f4b
51.976650682140445  2.494540952216667 56.96573258657378 pid2005
52.53980665579735  2.50107763239577 57.54196192058889 pid1f2e
52.90955912370442  2.278411882999854 57.46638288970413 pid1f90
53.09154754845616  2.6442885860721317 58.38012472060043 pid2095
53.13736590873266  2.6621526740071504 58.46167125674696 pid1ee3
53.77783385757648  2.7484055552685334 59.27464496811355 pid1f94
53.92312254713352  1.6752079648788722 57.27353847689126 pid1f9c
53.99327914939334  1.604248829453422 57.20177680830018 pid201c
54.046557349169646  0.9471283714223047 55.94081409201426 pid205b
54.455310445041626  1.2026119323267928 56.86053430969521 pid1f1f
54.64638924824947  2.971920553833386 60.59023035591624 pid1f49
54.66652369703991  1.5860900119009202 57.83870372084176 pid1fdc
54.88652296266042  0.839003185979921 56.56452933462026 pid206e
56.42815077062116  0.5305183574124561 57.489187485446074 pid2079
56.56226018529552  2.732814620411457 62.027889426118435 pid1fd4
56.6521704802584  0.9296826187658827 58.51153571779017 pid206a
56.65788442128776  2.6470798757839424 61.95204417285564 pid1fef
56.725438070597846  2.325464822622309 61.37636771584246 pid1fe1
56.840024238236545  2.8043296684339403 62.448683575104425 pid1fb8
57.35480024609397  2.8071215946801558 62.96904343545428 pid1fe4
57.56804478476152  2.950965290466091 63.4699753656937 pid1f70
58.075257523361024  2.0012437932904916 62.07774510994201 pid2086
58.15727136077265  1.7175463434095524 61.59236404759175 pid1f9b
58.33612895310672  0.8663108797252513 60.068750712557225 pid2089
58.38581624286429  1.781630463453424 61.94907716977114 pid1ff4
58.711007828731674  2.1936352622397193 63.098278353211114 pid2073
58.824036665890574  1.3431791836870919 61.51039503326476 pid1f0c
59.15866407228329  2.1767548829301315 63.51217383814355 pid2018
59.28883053076337  0.8821097568380336 61.05305004443944 pid207a
59.49104258880817  0.7117568624118964 60.91455631363196 pid200c
59.63856159108415  2.404930784166766 64.44842315941769 pid1f57
59.92572244699276  0.9281369727567829 61.78199639250632 pid2096
60.184924558620146  2.513605846457921 65.212136251536 pid1fea
60.200602037784066  1.8481075937502331 63.89681722528453 pid204f
60.38907918377241  0.8952010037190538 62.17948119121052 pid1f88
60.3933450485328  1.3273434153557626 63.04803187924433 pid204d
60.899098505709695  0.8632763424419005 62.625651190593494 pid1f16
61.06380672572433  2.294517308498543 65.65284134272142 pid1f5a
61.15063361316194  0.4300576417258921 62.01074889661373 pid1fe8
61.16179753313882  0.7284842646761158 62.61876606249105 pid1f79
61.27508052780277  2.866265952582456 67.00761243296768 pid1f27
61.43206787017424  2.928138167741648 67.28834420565754 pid1fd9
61.59289994985387  2.146435860357049 65.88577167056798 pid207e
61.700977699560596  1.5487486467216751 64.79847499300395 pid1ef1
61.70207250086707  1.2655433556112907 64.23315921208965 pid1f44
61.73851508561097  1.9947480343169341 65.72801115424484 pid1efc
61.74496528700134  1.6444744643038907 65.03391421560913 pid202a
62.13105586750529  1.5868815021252134 65.30481887175571 pid1ef8
62.345837553996134  1.9936002845963294 66.3330381231888 pid1eea
62.43857283020526  2.3905055395543804 67.21958390931403 pid200d
62.7539667472164  1.0079665295243272 64.76989980626506 pid207f
62.96279150045218  2.971835867256281 68.90646323496473 pid2064
63.26577956173901  2.7761706633976826 68.81812088853438 pid1fe2
63.421012009007406  0.9970946430620998 65.41520129513161 pid1efe
64.36618997296839  1.335158645468761 67.0365072639059 pid2093
64.45491422412066  2.750175858742815 69.95526594160629 pid1f12
64.60392695026113  2.6368843833236015 69.87769571690833 pid2025
64.67566005649876  1.8690841618254015 68.41382838014955 pid1ef9
64.94988479904616  2.3880324425476256 69.72594968414141 pid2072
65.09811578098623  0.8343345024939379 66.76678478597411 pid1efb
65.18028500344846  1.9165936836867394 69.01347237082194 pid1feb
65.62651411445881  2.120200874397363 69.86691586325354 pid1f3d
65.78798988920796  0.645192472904078 67.07837483501612 pid1fbe
65.86488676960636  2.298529528257577 70.46194582612151 pid1fc6
66.51964810662277  1.738330135733388 69.99630837808954 pid2027
66.52218242679496  1.0059323688847703 68.5340471645645 pid1fbc
66.52753774834278  1.3253853438730683 69.17830843608891 pid1fd8
66.59844358668549  2.327539005952221 71.25352159858993 pid1f4e
66.7025304200786  2.3170262355118614 71.33658289110232 pid206d
66.84549635726785  0.7606915096021277 68.3668793764721 pid207c
67.61202707068476  2.5794918870237327 72.77101084473223 pid1f0f
67.64924587803598  2.735081180727252 73.11940823949048 pid1ffa
68.22382394881492  0.7929970224766839 69.80981799376829 pid2051
68.24288118672077  2.5029040141849026 73.24868921509056 pid1ff8
68.36301577867711  2.4614712100642553 73.28595819880562 pid1f2f
68.3826729951748  1.3261926479260937 71.03505829102698 pid1fa2
69.2813567372618  1.5700297394306628 72.42141621612313 pid2070
69.49268590265078  1.6972229514167205 72.88713180548422 pid1ee9
69.66552024662468  1.3750300877768158 72.41558042217831 pid1f32
69.83107578471352  0.5710624281820114 70.97320064107754 pid1ee6
70.01378471847424  1.7786611600114162 73.57110703849708 pid1f1d
70.22860396145262  1.7679225905500577 73.76444914255273 pid1f01
70.38291511878876  1.2957330702820427 72.97438125935284 pid1f26
70.67258560361937  1.3054229440266294 73.28343149167263 pid2044
70.82737084032044  1.2288003926120488 73.28497162554454 pid1f20
70.85062946520809  2.306823467952204 75.4642764011125 pid1fcf
70.98091910220205  2.5240886886345564 76.02909647947116 pid201d
71.49332538619626  1.408187832427093 74.30970105105045 pid2017
71.59809786577756  0.9758532521758685 73.5498043701293 pid1f0a
72.38559084514624  1.4570746144579982 75.29974007406224 pid1fc1
72.4850173339374  1.4111327913987268 75.30728291673486 pid203a
72.55455285673985  0.5893626652389243 73.73327818721769 pid1fa9
72.56107209046864  2.622299653559206 77.80567139758705 pid1f9a
72.6932799401363  0.8625859871110089 74.41845191435833 pid1f38
72.88340699902436  1.3704229747399552 75.62425294850426 pid2099
72.89129747433226  0.6869217472367998 74.26514096880587 pid1f89
73.02606512910133  1.8015554360057 76.62917600111273 pid2045
73.12135138707731  2.401826164130678 77.92500371533866 pid1f75
73.22211587143235  1.749922559867767 76.72196099116789 pid1eef
73.38600908738329  0.5350567941918651 74.45612267576702 pid2055
73.51578677058536  0.41336538429501596 74.34251753917539 pid1faf
73.6130196705399  1.6517439956506035 76.91650766184111 pid1f66
73.97656540835695  0.7085669246808899 75.39369925771872 pid206c
74.20038771087084  1.6897338849960732 77.57985548086299 pid1f83
74.43710434020733  2.381065237160783 79.1992348145289 pid2039
74.54680401535559  1.6633536177208699 77.87351125079734 pid1fab
74.59270624517885  1.9159276159848608 78.42456147714857 pid206b
75.1041734820942  2.459166532289567 80.02250654667333 pid203f
75.14816090183895  2.2945061453410007 79.73717319252096 pid1f36
75.42761611681647  2.266018835609067 79.9596537880346 pid1fb5
75.61038765116422  2.11531806126321 79.84102377369064 pid1f76
75.63910517472986  2.0533201081654595 79.74574539106078 pid207b
75.70436015410498  1.2789753909568504 78.26231093601868 pid1f60
76.27818947347089  2.34605054429971 80.9702905620703 pid2046
76.67447149120392  1.6997818632725656 80.07403521774904 pid1eeb
76.70378057244432  1.5250586436220548 79.75389785968842 pid1fc7
76.79762216749897  2.5010277352641546 81.79967763802728 pid1faa
76.98248996569923  1.6705477957498012 80.32358555719884 pid1ef5
77.04809807696293  0.9449713598317767 78.93804079662648 pid1f10
77.32708347588529  2.2218062912773413 81.77069605843997 pid1f77
77.84765380153206  2.26325596063249 82.37416572279704 pid2019
77.89791613317884  0.5132763265721558 78.92446878632315 pid2065
77.94828433760253  2.3246548984801967 82.59759413456293 pid205a
77.96130787077875  2.971485095323019 83.90427806142479 pid2002
78.26535230862393  1.1051740984318354 80.47570050548761 pid1f34
78.41732181779818  2.256044318867911 82.929410455534 pid1f6c
79.12704027272346  2.561253416088818 84.2495471049011 pid2082
79.49391683440984  2.8099151634313753 85.1137471612726 pid202e
79.7040690086966  0.7778273023839282 81.25972361346446 pid1ffb
80.0716433874929  2.486202161950853 85.0440477113946 pid1f84
80.16299086866513  1.620844023291823 83.40467891524878 pid1f8d
80.43148260539013  2.086698255592487 84.6048791165751 pid2094
81.28360790875493  2.867955716731977 87.01951934221889 pid1f58
81.31235952389989  2.76152058751183 86.83540069892355 pid1f33
81.50480178934959  0.8239495910230681 83.15270097139572 pid1f78
82.1132989638196  0.8707661526648482 83.8548312691493 pid2011
82.6921391942472  2.8812483828563193 88.45463595995984 pid1f25
82.99656198154453  0.9875660204734016 84.97169402249133 pid2033
83.4329317086269  1.212867572647057 85.85866685392101 pid209c
83.77489105645269  1.6804480778124287 87.13578721207755 pid2078
83.90348836173321  2.186185590327093 88.2758595423874 pid1eff
84.21045981238177  1.0595520609658966 86.32956393431357 pid1ee8
84.28181044880856  1.4023988853305513 87.08660821946965 pid1f92
84.34870763345938  0.48167316324831966 85.31205395995602 pid1f6f
84.84703262205056  1.926736203198376 88.70050502844731 pid2053
84.92423635809023  2.6721147093675515 90.26846577682532 pid1f81
85.27203761660061  0.9799058505101198 87.23184931762086 pid2052
85.62354656687808  2.301325259717551 90.22619708631318 pid1f35
85.63941755288504  2.876340950792381 91.3920994544698 pid200f
85.71953884499828  1.464829994943706 88.6491988348857 pid1fd2
85.83168065345473  0.8285952393609872 87.4888711321767 pid1f71
86.3149400356349  0.9582108365058618 88.23136170864663 pid1fe0
86.52683910167421  2.9846707084138795 92.49618051850197 pid2038
87.66559800527376  1.2877762166234743 90.24115043852072 pid1fae
87.69064667063539  1.2511299852810398 90.19290664119747 pid1f13
87.72043831264375  2.153816132622833 92.02807057788942 pid1ff9
87.8406109996291  2.1618997571845466 92.1644105139982 pid2081
88.52349825965572  0.5119965105260729 89.54749128070787 pid1f9d
88.65523475602981  1.0891974292247757 90.83362961447936 pid1f8c
89.14649439491188  1.5709918453721703 92.28847808565622 pid203e
89.18040234886543  2.8393442692760433 94.85909088741751 pid2098
89.57755981518591  1.3938316048025965 92.3652230247911 pid1f30
89.84063263805382  0.8242122162017482 91.48905707045732 pid1f7c
89.89102128835343  2.988537174480699 95.86809563731482 pid1ef6
90.5182952821628  0.6171753944001638 91.75264607096312 pid1ee7
90.60740848659773  1.186729148752309 92.98086678410235 pid1fb0
90.63507337104143  0.5096125352702735 91.65429844158197 pid1fee
91.20961810718046  2.580528292377533 96.37067469193553 pid200b
91.38304019480331  0.958710971108355 93.30046213702002 pid1f46
92.11047285153789  0.5968249224885973 93.3041226965151 pid2090
92.29834827614619  2.0689353655304203 96.43621900720703 pid1ef3
92.46381851048709  2.734732516418318 97.93328354332372 pid2066
92.86284622262518  1.8897260780349279 96.64229837869503 pid1ede
92.86489355543138  2.8590982441091928 98.58309004364976 pid1fe9
92.99537690089787  1.8516945469677584 96.69876599483338 pid1fa6
93.08562105336257  1.5786574309181547 96.24293591519888 pid1f6e
93.30068105982461  2.8840417952160937 99.0687646502568 pid1f39
93.60264602807446  1.9621952657104011 97.52703655949526 pid1fc9
93.82608177721742  2.4443170392252487 98.71471585566792 pid1ff5
94.11159827682422  2.0110887537867055 98.13377578439764 pid2063
94.41728357660557  1.7365344675992533 97.89035251180408 pid1f06
94.84754438212761  2.159689791125288 99.16692396437819 pid1f64
94.86977396437003  1.78935671569716 98.44848739576435 pid203d
94.93252021012057  1.1435797847893059 97.21967977969918 pid2035
95.1305619163149  2.873931079090923 100.87842407449675 pid1f4f
95.51554595192717  2.9708451508079303 101.45723625354303 pid2091
95.71986725590948  1.9822064580680951 99.68428017204567 pid207d
95.79874304284674  1.394994454240324 98.58873195132739 pid1fad
95.86399054449366  1.526135617576601 98.91626177964686 pid1ef0
95.9433529205614  0.5048495684128507 96.9530520573871 pid1efa
95.9986826968074  0.7988302642465885 97.59634322530059 pid1fd5
96.71679833331429  1.2310536288204519 99.1789055909552 pid1fc8
96.89425661997747  2.338755136205575 101.57176689238862 pid209d
96.90887132247691  2.6029907376031147 102.11485279768314 pid2054
97.1682820953876  1.2347027692522694 99.63768763389214 pid1eec
97.28418293927355  0.8421312771350791 98.96844549354371 pid1f0b
97.50812556571807  2.570784803273388 102.64969517226486 pid1f17
97.58318558945996  1.2509594351471642 100.08510445975429 pid1f2d
97.73510094725543  1.1764158335190784 100.08793261429359 pid1f23
97.8845303849864  2.0416734427804446 101.96787727054729 pid2040
97.99377534974836  2.4031118793236255 102.79999910839561 pid1f31
98.02008431670556  0.815921935075788 99.65192818685713 pid2085
98.2088490547308  2.4800929915379957 103.1690350378068 pid1fa0
98.48768628186173  0.41948400853289675 99.32665429892752 pid2003
99.241332271831  1.9979818556665827 103.23729598316416 pid1f19
99.40766431385177  1.5139450071811216 102.43555432821401 pid1f9e
99.69460812825251  1.980651323793741 103.65591077584 pid1edc
