4.313758870620381  3.919707996411236 12.153174863442853 pid403
6.809308589855052  4.325904240094925 15.461117070044901 pid40c
7.720731748735501  2.133216930929945 11.98716561059539 pid414
8.644690911649047  1.9214760848221446 12.487643081293335 pid3ff
20.21640086329712  2.1251501568191693 24.46670117693546 pid416
26.331056948846015  1.3177457210901697 28.966548391026354 pid3fc
27.541358856750804  2.4825303747336167 32.50641960621804 pid40f
31.796447100997412  3.9448988334565556 39.68624476791052 pid412
35.31234104168202  3.2709368659224296 41.85421477352688 pid3fd
41.16022471476982  2.707917914328801 46.57606054342742 pid418
45.59684843464657  1.1312510616435105 47.85935055793359 pid40e
47.19885326329971  2.5895950326345436 52.3780433285688 pid3ec
50.17851969190306  3.9552863535519442 58.08909239900695 pid3f6
54.385875537013604  4.360508160078808 63.10689185717122 pid415
56.59874648837651  2.5103656613566043 61.61947781108972 pid406
56.60505893515692  2.090203333833545 60.78546560282401 pid3fa
57.700189973787786  1.695796653547566 61.09178328088292 pid40a
60.16878695788476  3.451929513546736 67.07264598497824 pid3ed
61.130366477619624  3.2149443258145465 67.56025512924872 pid410
63.87300222073893  3.782088400438118 71.43717902161517 pid40d
69.13478586334088  1.7712694409527807 72.67732474524644 pid3ea
70.84321429916905  1.0238663851090566 72.89094706938717 pid413
73.22015525812222  1.05213909655295 75.32443345122812 pid3f4
73.72029080532864  2.728759779141876 79.1778103636124 pid3f1
75.95081961544092  2.5224712346434632 80.99576208472784 pid3f2
78.37333081059447  1.534618004933236 81.44256682046094 pid3e8
83.09878891203041  1.7389725474534132 86.57673400693724 pid417
97.38795922411971  4.248715798138482 105.88539082039668 pid404
97.9971750628288  1.95589754953592 101.90897016190064 pid3f3
98.14842231209381  1.2204406687306162 100.58930364955505 pid407
104.8793881463833  2.3734486240960577 109.62628539457542 pid3f7
108.41083058487736  2.3313805666502456 113.07359171817785 pid3f0
109.02651291871356  3.7022445340027836 116.43100198671914 pid3fe
115.24788067455263  4.257151259946351 123.76218319444533 pid401
115.98266907258393  1.628599559724604 119.23986819203314 pid419
119.24476789789396  3.295243849547584 125.83525559698913 pid409
124.09027903936402  2.8957811495529815 129.88184133847 pid3f5
140.37498200570462  3.0845148744636823 146.54401175463198 pid400
143.21870000699573  1.1952061333787753 145.60911227375328 pid408
146.11310640043345  3.94375267538125 154.00061175119595 pid405
155.21366981612178  3.369384606583469 161.9524390292887 pid3ee
156.76783351907588  4.2163222408724845 165.20047800082085 pid3f9
158.2143193573199  3.9428531822807344 166.10002572188137 pid3ef
158.54176358414037  4.873187165358548 168.28813791485746 pid402
159.10653517509064  3.3923727571294777 165.8912806893496 pid411
163.84239215146482  2.0292162485228333 167.90082464851048 pid3f8
174.22581791038093  1.8221857692301615 177.87018944884124 pid40b
175.1828196287568  1.9463718608049403 179.07556335036668 pid3eb
177.7000395542743  3.458355276554054 184.61675010738242 pid3e9
177.70193898811544  4.264808896262059 186.23155678063955 pid3fb
