2.4588439007586063  0.7572773973315391 82.45884390075861 pidcc3
2.4613844307626085  1.9002162410294903 82.4613844307626 pidcdc
3.2449606172226697  0.9495173462950683 83.24496061722267 pidd2b
4.281450921721697  0.9903616587433006 84.2814509217217 pidce0
4.52333998972278  1.9019261201637785 84.52333998972279 pidd09
5.594806659539558  0.6372524539856252 85.59480665953956 pidd0d
6.918585939790595  1.2586206592668856 86.91858593979059 pidd1f
7.068733488253443  1.2545174087066338 87.06873348825344 pidcb7
7.164045469692315  0.6377911526499173 87.16404546969231 pidd14
7.213230284092803  1.3953656873497555 87.2132302840928 pidce2
9.023298811985164  1.4919485638882548 89.02329881198517 pidd2f
9.947557782569932  0.7312809475495405 89.94755778256993 pidce9
10.434141972671979  1.682866993761799 90.43414197267198 pidcfb
11.836422891215964  1.104873380472125 91.83642289121596 pidcfe
12.255990744662975  1.8301111018820626 92.25599074466298 pidd45
12.325314643167628  0.7719745406607748 92.32531464316763 pidcf2
12.473788299524152  1.2774826987052945 92.47378829952416 pidcbd
14.656637053841687  1.0829480998282626 94.65663705384169 pidd03
15.14358875716314  1.5507729228202183 95.14358875716314 pidd37
15.164871387936628  1.2035805967634934 95.16487138793663 pidd36
15.226123542433795  1.773290202184563 95.2261235424338 pidcc4
15.326257030074924  0.7578608358631107 95.32625703007493 pidcec
15.526026150039613  1.636962398442367 95.52602615003961 pidcbb
16.5981575039593  1.4181566426847607 96.5981575039593 pidd29
17.1216555923842  1.9675823066544669 97.1216555923842 pidd0e
18.085028816950132  1.1541513794087679 98.08502881695013 pidccd
18.557550015759254  1.9896544683769266 98.55755001575926 pidd10
19.960870090294915  0.9187980681389407 99.96087009029492 pidcc5
20.07288724537472  0.6167626493405287 100.07288724537472 pidce1
21.864187155770047  1.5747833115846737 101.86418715577005 pidcba
22.561374053123696  1.020450037335961 102.5613740531237 pidd40
24.49837175503376  1.6797196343960596 104.49837175503376 pidce8
26.041176700066515  0.5987588322006552 106.04117670006652 pidd23
26.090157504895483  1.1975368096944552 106.09015750489549 pidcf5
26.609930637079376  1.5826751439646614 106.60993063707937 pidd0f
27.432268704343716  0.6454629994405223 107.43226870434371 pidd47
28.21985812523367  0.5056366344465706 108.21985812523367 pidcf7
29.300669552889453  1.7466327649729199 109.30066955288945 pidd04
29.72963548775632  1.1402606121023928 109.72963548775633 pidd32
30.31507149290827  0.7369908281746913 110.31507149290827 pidd41
32.28440882621931  1.1182702883331903 112.2844088262193 pidccf
32.759069574094084  1.213748568086832 112.75906957409408 pidcc7
36.461971361269775  0.6251718028783473 116.46197136126978 pidd39
37.16165165681975  0.856699942922327 117.16165165681974 pidd18
37.62323958796271  1.180927242248571 117.6232395879627 pidcea
38.51719422279535  1.1173958373000896 118.51719422279535 pidcc8
39.26144974977753  1.2504214885414893 119.26144974977754 pidcb4
40.98966376823031  1.3702148654977506 120.98966376823032 pidd12
41.631603543563344  0.7825515086475817 121.63160354356334 pidd25
41.8533179731511  1.288333498541415 121.85331797315109 pidcf6
42.31727296992906  0.5633735291336918 122.31727296992906 pidceb
42.505313891730104  1.0060481344393217 122.50531389173011 pidd00
43.688293972815565  1.288953646438951 123.68829397281556 pidcbc
44.64580746204349  0.6414630901769445 124.64580746204349 pidd22
45.080066353847634  0.7090176673744707 125.08006635384763 pidd1d
47.62062958003869  0.8966652104595009 127.6206295800387 pidd2a
48.11515761243823  1.143100748768292 128.11515761243822 pidd3b
48.631276388402675  1.110467038147776 128.63127638840268 pidd1a
49.168259086907646  0.5344477566798599 129.16825908690765 pidcf1
49.37958679572884  0.9337630634816303 129.37958679572884 pidd13
51.123909562601206  1.6717618247685286 131.1239095626012 pidcc6
52.4625977404093  1.2989898650541363 132.4625977404093 pidcd1
53.0820340930676  1.3359854777405702 133.0820340930676 pidd02
53.287338109170804  0.8816919942164808 133.2873381091708 pidcc9
56.734154181944355  1.8928920051568223 136.73415418194435 pidd44
57.257100852660656  1.2868798273188742 137.25710085266064 pidcb2
58.150173706739935  1.9490219301789575 138.15017370673993 pidd3f
58.62670935217121  1.3826987328546303 138.62670935217122 pidced
61.23837586539668  0.780664439151795 141.23837586539668 pidd07
61.30824677442311  1.3860280040959114 141.3082467744231 pidd19
61.39262024282133  1.5793534163975667 141.39262024282132 pidd17
63.0024503813073  1.5420363998573365 143.0024503813073 pidd3a
63.117598972808224  0.8742976992142586 143.11759897280822 pidcd7
64.74941922231966  1.2932598274831837 144.74941922231966 pidcb8
65.08039252476415  1.222895722893567 145.08039252476414 pidcf8
65.66996162958678  1.5498154870557155 145.6699616295868 pidd1c
65.91312433946703  0.6795321246988769 145.91312433946703 pidcc2
66.21643786098265  0.9476894384252816 146.21643786098264 pidcd8
66.50475707969571  1.0394364372647413 146.5047570796957 pidcf9
68.79882802290169  1.005828170973957 148.7988280229017 pidd08
69.67063204272085  1.4850105549133796 149.67063204272085 pidd46
69.84488537032618  1.2673683859029667 149.84488537032618 pidd27
70.67477222042162  1.1796080740118886 150.67477222042163 pidcb9
70.79607346614566  1.5950223788504534 150.79607346614566 pidd43
71.40122856150265  1.7586373419562724 151.40122856150265 pidd28
71.7517191413321  1.759674598181568 151.7517191413321 pidccb
74.519119702687  0.5578801601434156 154.519119702687 pidd05
76.07254200975127  1.6469792714015248 156.07254200975126 pidcc0
77.3557075262988  0.5512194582229422 157.3557075262988 pidcd3
79.72896463896957  1.8618666663962438 159.72896463896956 pidcfa
80.99870713242075  1.497857204721237 160.99870713242075 pidd3d
82.8087652801722  1.7942371511688782 162.8087652801722 pidd1e
84.31950013398618  1.1652430904173217 164.3195001339862 pidd30
84.3504123401324  1.0389518690665536 164.35041234013238 pidd2e
86.49211862783591  0.6956140036577325 166.4921186278359 pidd42
87.13006265852515  1.7207611848374609 167.13006265852516 pidcd5
87.54397120317218  1.942594119821902 167.5439712031722 pidcda
88.38193712784734  1.720927940509095 168.38193712784732 pidd31
88.79626925011618  1.3466215956392513 168.79626925011618 pidcdb
89.02704444991085  1.4800813269039517 169.02704444991085 pidd38
89.80376284229271  1.2028489373950986 169.8037628422927 pidcb5
91.79955903451422  1.675961894152984 171.79955903451423 pidcfd
91.80880108159006  1.524421362389205 171.80880108159005 pidd21
91.92144388730703  0.7733155020474058 171.92144388730702 pidcca
92.3583661019468  0.593460622761246 172.35836610194679 pidd0c
94.24610929698005  1.21275968192933 174.24610929698005 pidd1b
94.26249482786727  1.16145552721404 174.26249482786727 pidce6
94.27624692381589  0.9553594034862611 174.2762469238159 pidd2c
99.3321726700654  1.5260179323996579 179.3321726700654 pidd24
100.4134234330962  1.8169052607173006 180.4134234330962 pidcc1
102.00788058328418  1.3054737667407774 182.0078805832842 pidd3e
103.19378131949804  1.8806337714454937 183.19378131949804 pidcee
104.15496607057774  1.442294379761155 184.15496607057776 pidd26
104.50439645860172  0.9767645774103308 184.50439645860172 pidcdd
106.3493379421692  0.9364540727705067 186.3493379421692 pidd0a
107.55625189706818  0.7976145759458233 187.5562518970682 pidcb6
111.63379154373654  0.6742525662410652 191.63379154373655 pidcd4
112.09291682336648  0.7640361949832004 192.09291682336647 pidd20
113.5413851409148  1.150421483433438 193.5413851409148 pidcf0
115.02522759952465  1.1680855095427929 195.02522759952467 pidcfc
119.32658307700372  1.0366989839492373 199.3265830770037 pidce4
120.04899314261472  0.7559676950297405 200.04899314261473 pidcd0
120.17435019562521  1.925989512837059 200.1743501956252 pidcff
121.53300106475507  1.8967482672644487 201.53300106475507 pidcef
121.93171422366377  0.8627105365795149 201.9317142236638 pidd11
122.31209002655767  0.8485888577279379 202.31209002655766 pidd0b
123.34125837544389  0.5664092406812338 203.34125837544389 pidd06
124.6840016982133  1.0151011170027697 204.6840016982133 pidcf4
126.05268827411834  1.3341536557568312 206.05268827411834 pidd35
129.28976981730182  1.9591995400112094 209.28976981730182 pidcd6
129.39313015916264  0.8548026845502266 209.39313015916264 pidd3c
130.84060394376047  1.5425804540240426 210.84060394376047 pidcd2
131.70288310527008  1.5147167454941979 211.70288310527008 pidcb3
131.8519262915047  0.9345703689332794 211.8519262915047 pidce7
133.07466553372115  1.18786614152918 213.07466553372115 pidcce
133.51260250259236  1.9520281286350247 213.51260250259236 pidcde
133.58405619385005  0.8030096834433695 213.58405619385005 pidcd9
134.60931435549278  1.229535153077311 214.60931435549278 pidcbf
137.24701265549945  0.7117191479929679 217.24701265549945 pidccc
137.32040654856746  1.4899360900574907 217.32040654856746 pidce3
138.4921923524972  1.1425092706522884 218.4921923524972 pidcdf
139.50942539948326  1.7726066040444686 219.50942539948326 pidcbe
139.5901779552913  0.5555123094542687 219.5901779552913 pidd2d
141.42531792570242  1.536883267545666 221.42531792570242 pidce5
143.01219518378272  1.5332201982177434 223.01219518378272 pidcf3
144.779252653699  0.9954163402081353 224.779252653699 pidd15
144.83836951816025  1.022526788332119 224.83836951816025 pidd16
144.9277006473471  1.9627594019540275 224.9277006473471 pidd01
146.1114069201091  1.216320281515305 226.1114069201091 pidd34
147.56979496776214  1.510163397857677 227.56979496776214 pidd33
