0.1646001119720797  0.40657591604265264 0.977751944057385 pid4faa
0.17640585641752748  1.9852599496128427 4.146925755643213 pid5013
0.6253807707057857  2.546612172378906 5.718605115463598 pid4fb5
0.7542139701265493  2.3749109675910822 5.504035905308713 pid4f31
0.7929968859476944  2.4817440919392504 5.756485069826195 pid4f6f
0.9378384308397214  0.5715460981616615 2.0809306271630446 pid4ecd
1.0941187994877422  1.4453681126399345 3.984855024767611 pid4f39
1.8656972887197587  2.9207875109299386 7.707272310579636 pid4f5d
2.3548899978409032  1.1513834254125843 4.657656848666072 pid4f1c
2.738108220730384  1.5413261167051995 5.820760454140784 pid4f50
3.328148842307277  1.7416444376517881 6.811437717610853 pid4f8a
3.3673198528678783  1.1808010330734238 5.728921919014725 pid4f0c
3.5390327522149545  2.7121484914799265 8.963329735174808 pid4e71
4.031118512560894  1.8061512405352547 7.643420993631404 pid4e9e
4.762095667803068  0.5721297886234245 5.906355245049918 pid4f06
5.351390364885034  1.629338915682065 8.610068196249163 pid5000
5.838674458544824  0.6259319100096019 7.090538278564027 pid4eaf
6.139034335932891  2.5921312034668875 11.323296742866667 pid4ebc
6.204182286101623  1.1685950124866331 8.54137231107489 pid4ee1
6.322628979802614  0.5371097951098198 7.396848570022254 pid4ed1
6.4570329267016895  2.98761488184593 12.43226269039355 pid4fc7
6.467129909968639  1.4044514050553074 9.276032720079254 pid500a
6.704883636166514  0.5956122094943854 7.896108055155285 pid4ffd
7.121667948098032  0.7675516447267301 8.656771237551492 pid4fd3
7.399835928662924  2.8245467998796023 13.048929528422128 pid4ea2
7.419604936277457  1.1597265105092274 9.739057957295913 pid4e7f
7.60184799546797  2.0917546256850197 11.785357246838009 pid4f5a
7.870429121328604  2.773047632204821 13.416524385738246 pid4ff7
7.870853058788474  1.1094545618675329 10.08976218252354 pid4e54
7.882523362229166  2.054413296603027 11.991349955435219 pid4f05
8.170629176877696  0.8719240879657741 9.914477352809245 pid4f97
8.357703009729612  2.025341072047184 12.408385153823978 pid4f4d
8.396451903789115  0.5466356645433643 9.489723232875845 pid4f77
8.59853622876573  2.0212748896819677 12.641086008129665 pid5011
9.184157577899843  2.2350697606610153 13.654297099221873 pid4ec9
9.289684037549117  0.6494528050245478 10.588589647598212 pid4f10
9.464521427619399  2.2358688554227784 13.936259138464955 pid4e63
9.529310833787862  2.2591999881233806 14.047710810034623 pid4f8f
9.579040824116836  1.6132363482554717 12.80551352062778 pid4f24
9.919813782265818  1.8672323214388635 13.654278425143545 pid4f35
10.241179120665333  2.117329109065451 14.475837338796236 pid4e5c
10.342775264881986  1.4018022465435571 13.1463797579691 pid4ede
10.536852628926951  0.8756529855264577 12.288158599979866 pid4f2e
10.738762796640112  0.8938790183911918 12.526520833422495 pid4ea1
10.963363224707589  1.2430085841290253 13.44938039296564 pid4e90
11.666246182988772  2.60010043938969 16.866447061768152 pid4f38
11.773652138562207  1.5795793333096602 14.932810805181528 pid4eea
11.959608151955214  2.9213495979446242 17.80230734784446 pid4f60
11.990465967976293  1.5679259481002132 15.12631786417672 pid4ea6
12.164066974087383  1.4348956689410137 15.03385831196941 pid4f0d
12.356882095819465  1.4482661321127983 15.253414360045062 pid4f58
12.377859655601874  1.1024052336892773 14.582670122980428 pid4e5d
12.480532631962749  2.7597900826686246 18.000112797299998 pid4fe6
12.524756685415838  1.2525178813874538 15.029792448190745 pid4e76
12.547554327426536  2.8367834428085636 18.221121213043663 pid5009
12.56961705756895  1.8468920470918766 16.263401151752703 pid4f40
12.677965890654475  2.4547682195092286 17.587502329672933 pid4ec4
12.69518068925457  2.617748563877546 17.930677817009663 pid4f3c
12.81184590420883  1.126788019987265 15.06542194418336 pid4ec3
13.426975546752818  2.8173487704592555 19.06167308767133 pid4f30
13.570472819300338  2.517687452599723 18.605847724499785 pid4f42
14.25379496228566  0.8253048990059041 15.904404760297469 pid4ed5
14.514180639276407  2.3922756307968402 19.298731900870088 pid4faf
14.560562446630676  1.553996190327409 17.668554827285494 pid4efd
14.684302909075786  0.8897997459141453 16.463902400904075 pid4f2b
14.981036595977049  1.82218760791109 18.62541181179923 pid4ee8
15.457763118048307  1.1185140291325897 17.694791176313487 pid4fb1
15.72325317179838  0.813445738730302 17.350144649258983 pid4eb8
15.788456012868423  1.4987144341917529 18.785884881251928 pid4f08
16.542228890414158  1.8428065449415545 20.227841980297267 pid4f9c
16.62539453300117  2.9658120829501584 22.557018698901487 pid4f63
17.191510226644457  1.4807074981163453 20.152925222877148 pid4fc8
17.20821856592938  1.988273327506271 21.18476522094192 pid4e84
17.348988412177803  1.0556798803340408 19.460348172845883 pid4ea8
17.44571171573417  2.5421588696501027 22.530029455034374 pid4efa
17.906026278265685  2.445605791947242 22.79723786216017 pid4fa5
18.60443204601111  0.6498376452626992 19.90410733653651 pid4e70
18.72014035350803  0.7538562201767289 20.227852793861487 pid4fc3
18.79688609551676  2.1092786085465796 23.01544331260992 pid4f5c
19.176739021076173  1.1181470286706987 21.41303307841757 pid4e62
19.605949279401568  0.6495115918751277 20.90497246315182 pid4e6e
19.620363984901758  0.9763075068250621 21.572978998551882 pid4fd2
19.720859473608243  2.5927459673105258 24.906351408229295 pid4e69
19.723509256282302  2.330649187386079 24.38480763105446 pid4e78
19.731532928196195  2.3544748287488018 24.4404825856938 pid4fba
20.10610228072033  1.017513500661372 22.141129282043075 pid5003
21.52631143714071  2.1623004711448703 25.85091237943045 pid4f15
21.672250770666025  0.9783084810854029 23.62886773283683 pid4fa6
21.76842911784299  0.7716514241089603 23.31173196606091 pid4fc4
22.23294089588762  1.3719786871087751 24.97689827010517 pid4ed8
22.84449758668179  0.8406683535256361 24.525834293733062 pid4f68
23.02338497577845  2.4318037314473124 27.886992438673072 pid4f53
23.386362605050117  1.8159160913398056 27.018194787729726 pid4eb5
23.773480424046955  1.7041440838901432 27.181768591827243 pid4e61
23.809789194660702  0.714401691414192 25.238592577489086 pid4e8c
23.932511279615586  1.9110224023806794 27.754556084376944 pid4fbf
24.092503168599478  1.198502432785891 26.48950803417126 pid4e75
24.134001768937452  1.3242514480785874 26.782504665094628 pid4e85
24.33915641341744  2.9557297578472808 30.250615929112 pid4efe
24.566984306429497  2.778589830812701 30.124163968054898 pid4eab
24.85803472059789  2.5968832159997013 30.051801152597292 pid4f70
24.888143591146473  1.109681744314797 27.107507079776067 pid4f72
25.26811090955936  2.001593333873398 29.271297577306157 pid4ef7
25.694030255285583  2.53011425593147 30.75425876714852 pid4efb
25.77729456295559  2.6759314003036216 31.129157363562832 pid4f1b
25.806133767402518  2.7460943504671906 31.2983224683369 pid4fc6
25.977011209143186  0.49742655318317 26.971864315509524 pid4f59
26.117772057178577  0.48453539320464756 27.08684284358787 pid4ec5
26.55721328399786  2.052599107242652 30.662411498483166 pid4e64
26.8006995592842  2.9834055376663207 32.76751063461684 pid4fdd
26.96107498841259  2.077892184181198 31.116859356774988 pid4e98
27.12272807539975  2.544677379868899 32.21208283513755 pid4fbe
27.3608216603906  1.8210402629764402 31.00290218634348 pid4f3d
27.424292308700092  1.6527936190877561 30.729879546875605 pid4eae
27.47391501900176  2.8365689042584297 33.14705282751862 pid4eaa
27.552172167049815  2.8780695149144635 33.30831119687874 pid4e55
27.700267778465324  1.8844729381149135 31.469213654695153 pid4f65
27.735035839563672  0.895460311543407 29.525956462650484 pid4f7e
28.079712099137964  2.653394331808727 33.38650076275542 pid4fc2
28.14859622085688  2.494819397004728 33.13823501486634 pid4e82
28.310061071988713  1.2481805646369546 30.80642220126262 pid4f7c
28.464752303731732  2.940991920588582 34.346736144908895 pid4f5b
28.470316332292555  2.1482068985323535 32.76673012935726 pid4f4f
28.58758425688621  1.8245736640485548 32.23673158498332 pid4f6c
28.59263771431173  0.5437203147337013 29.680078343779133 pid4f9e
29.767511175022765  0.5289951891154955 30.825501553253755 pid4e6b
30.82179162710863  1.017357269273219 32.85650616565507 pid4e9f
30.877579081916483  1.0481477817320424 32.97387464538057 pid4f36
30.979972215026706  2.6491207813743824 36.27821377777547 pid4f4a
31.35106568092212  2.7255822176904627 36.80223011630304 pid4f01
31.351152671701897  0.9817916987988995 33.3147360692997 pid4fe7
31.513071966631934  1.781876373639863 35.07682471391166 pid4f64
31.671167344112238  2.0070441236590124 35.68525559143026 pid4f32
31.84970974325895  1.7482125727176951 35.34613488869434 pid4f78
31.87506164623617  2.794002127054281 37.46306590034473 pid4ec6
31.92111485784309  2.7919413367655563 37.5049975313742 pid4ed6
32.04303331878252  0.5123754690262018 33.067784256834926 pid4fa3
32.17791086905668  1.1118947382238002 34.40170034550428 pid4e99
32.29418310964618  2.2531348225416243 36.80045275472943 pid4f8d
32.631109491421704  1.5777486385445951 35.78660676851089 pid4ef3
32.88268695855881  1.043270580843408 34.969228120245624 pid4e5b
32.9697941214723  0.9870697432193045 34.94393360791091 pid4f90
33.08186447850815  0.43393874507966945 33.94974196866749 pid4fbb
33.826995993390085  2.5379030514697773 38.90280209632964 pid4eec
33.92870381979568  0.5284818918458081 34.98566760348729 pid4f8b
34.07939740719313  1.277755532114842 36.63490847142281 pid4f1e
35.290736321023616  2.319531079303399 39.92979847963041 pid4eeb
35.786785485016495  2.4502897054717825 40.68736489596006 pid4f49
35.9819824786215  2.890891494265929 41.763765467153355 pid4f3f
36.2459564104532  0.4877896223062093 37.22153565506562 pid4ed7
36.247112245198586  2.1228007113904144 40.492713667979416 pid4e8a
36.25474646846659  2.7428685181928403 41.74048350485227 pid4f8c
36.47041858633146  2.898125747199368 42.2666700807302 pid4fa8
36.66783746109164  1.0592879102590702 38.78641328160978 pid4eb0
36.971928167712896  2.8011420402269738 42.574212248166845 pid4fd7
37.22214720158882  2.46473427997276 42.15161576153434 pid4ec7
37.24026228175269  1.1750827908036703 39.590427863360034 pid4ee2
37.62512536822226  1.5929486478944845 40.811022664011226 pid4f34
37.71376363848042  2.604345305814237 42.9224542501089 pid4fa4
38.4265697192956  1.072587752408705 40.57174522411301 pid4e96
38.68548989355157  2.1132187233995596 42.91192734035069 pid4eb4
38.743578153437106  0.6242995056211819 39.99217716467947 pid4f1a
39.23608964441462  2.1481529442030096 43.53239553282064 pid4fcf
39.39444305871339  2.9111212829314064 45.21668562457621 pid4edf
39.89680348824055  0.4755553828148681 40.847914253870286 pid4f52
40.25845702438316  2.472398765252921 45.20325455488901 pid4ef1
40.54822385995788  0.9314476632447256 42.41111918644733 pid4eff
40.90116526211206  0.6151693811037076 42.131504024319476 pid4fe9
41.39146584121989  2.858786243285884 47.10903832779166 pid4fd0
41.81237145359512  1.046847594915544 43.90606664342621 pid4f9b
41.819223376339586  0.5380061898657635 42.895235756071116 pid4f22
42.11216684194269  1.2689830212243485 44.65013288439138 pid4f07
42.113129003831396  2.856733244711355 47.8265954932541 pid4fde
42.17017340282167  1.7237416460667259 45.617656694955116 pid4ff4
42.4027976312162  0.48532077877431845 43.37343918876484 pid4fd8
42.621773264908256  1.5928690411927269 45.80751134729371 pid4fa0
42.63246849703719  1.6006035127447764 45.83367552252674 pid4fed
43.67402888970475  0.9771960124331459 45.628420914571045 pid4fac
43.7603263604326  0.7661459813774403 45.29261832318748 pid4ecc
43.902949784061406  1.7147696676591915 47.33248911937979 pid4eb3
43.917705952489705  0.5459835498866581 45.00967305226302 pid4ed2
43.99415711552494  2.4605866377173253 48.915330390959596 pid4ea3
44.017464086857885  1.840617214078736 47.69869851501536 pid4f00
44.36355119653273  0.5630464675586471 45.489644131650024 pid4ea4
44.92102093490359  1.5634756947914505 48.04797232448649 pid5008
44.97364102393182  0.6686994593790171 46.31103994268985 pid4f51
45.02712997712127  0.50136357174361 46.02985712060849 pid4e65
45.33677981569597  1.4300347253653611 48.19684926642669 pid4ff2
45.52152605659677  2.339361657304639 50.20024937120605 pid4eac
45.95815395388184  2.5535294023135435 51.06521275850893 pid4f27
46.13310944824419  0.6798995324613769 47.492908513166945 pid4fc1
46.3217821449981  0.7798788729997067 47.881539890997516 pid4e59
46.428309821541994  2.71456611164254 51.857442044827074 pid4e60
46.431157907638806  0.9779780209912613 48.38711394962133 pid4f3e
46.434182559581  2.4123317202938055 51.25884600016861 pid4ffb
46.64839927229956  2.561392021311205 51.77118331492197 pid4fcb
47.16397634770164  2.269380666590974 51.70273768088359 pid4f71
47.58018708648779  2.4983713712556432 52.57692982899908 pid4f21
47.76812895158382  2.9208790931815916 53.609887137947 pid4e52
48.17734729470984  2.5065182592549218 53.19038381321968 pid4eee
48.478069043407366  1.598977841225921 51.67602472585921 pid4e5f
48.49286671705762  2.7914338824435463 54.075734481944714 pid4eed
48.76961095836075  2.0403714843331566 52.850353927027065 pid4e68
48.79925910466479  1.7146954046335035 52.2286499139318 pid4f92
49.01002484630636  2.219516299596176 53.44905744549871 pid4fdb
49.070995812864545  2.30117066668334 53.673337146231226 pid4ee9
49.117175470787025  1.4387176928808847 51.994610856548796 pid4fb8
49.16469744650234  1.2854326859949807 51.7355628184923 pid4ebf
49.40264133939334  1.98622558754642 53.375092514486184 pid500b
49.58136031628225  2.9247291242958755 55.430818564874 pid4fb7
50.43596957879035  2.800224771218662 56.036419121227674 pid5006
50.444667837043575  1.6843082555684634 53.8132843481805 pid4feb
50.478082971037644  1.6319216356531756 53.74192624234399 pid4f56
50.549016250698884  2.583433354511034 55.71588295972095 pid4f3a
50.62154689493789  2.3400578364319373 55.30166256780177 pid4e67
50.686034087477985  0.4330945049058811 51.55222309728975 pid4fcc
50.731624707222466  1.9267851672183949 54.585195041659254 pid4ebe
50.82542888630957  0.6932798434924461 52.21198857329446 pid4f6a
50.83183031896689  1.25494285608629 53.34171603113947 pid4f12
50.88629022095561  2.9523462418422115 56.79098270464003 pid4e95
50.891330203310794  0.5799923496552787 52.05131490262135 pid4f26
50.90457164452488  1.4501640888769964 53.80489982227887 pid4edd
50.91825714952035  1.2643626949635967 53.446982539447546 pid4f11
51.42952611514065  1.4987366674047387 54.42699944995013 pid4fb0
51.61070071765309  0.696700294318991 53.00410130629107 pid4ffe
51.88898174266665  1.818084618243022 55.5251509791527 pid4e94
52.18387100290126  1.0081853275402717 54.200241657981806 pid4fb2
52.26160435235219  2.339357082842822 56.94031851803783 pid4fea
52.70024364322193  1.7025719290842263 56.10538750139038 pid4f6b
52.97037112835717  2.567360987263742 58.10509310288466 pid4fd6
53.19780245331813  0.6603368106343881 54.51847607458691 pid4f7a
53.382120190750534  1.6145862181918464 56.611292627134226 pid4eb6
53.4026388482955  1.7096853707590594 56.82200958981362 pid4e80
53.454839351695526  2.7532022722057112 58.96124389610695 pid4f80
53.718700322001126  0.8905413144414702 55.49978295088407 pid4f98
53.8627960762866  0.9119455618256833 55.686687199937964 pid500f
54.15044392649262  1.5835439696394538 57.31753186577153 pid4f74
54.365210086030345  0.9185781954672699 56.20236647696488 pid4f99
54.626393874101474  2.3555846305001125 59.337563135101696 pid4e72
54.65022528712132  1.1093716843620767 56.86896865584548 pid4fa2
54.84650570599106  1.9474467602914771 58.74139922657402 pid4eda
54.98453877925865  1.11860110216487 57.22174098358839 pid4ed4
54.99034026281422  2.5846720899596316 60.159684442733486 pid4f81
55.62965829082589  1.1299400855086819 57.88953846184325 pid4fca
56.30243165728659  0.5298842885099909 57.36220023430657 pid4f89
56.75773877851098  2.427831664105899 61.61340210672278 pid4e6a
57.50668936263455  0.9280343501948028 59.36275806302416 pid4fe1
57.59109406685494  1.1256085612869282 59.8423111894288 pid4e73
57.64488555229518  2.305325728607565 62.255537009510306 pid5005
57.64711375144136  0.9491454485144818 59.545404648470324 pid4e7b
57.693310230187286  2.5482788530005784 62.78986793618844 pid4ec8
57.7571793390539  1.6094238153074087 60.976026969668716 pid4f16
57.78835173034326  2.116951618552537 62.02225496744833 pid4f0e
58.15440387757275  2.4117699658309846 62.977943809234716 pid4f4e
58.17938209727619  2.4693984754492417 63.118179048174675 pid5010
58.313325186861896  1.6450613555170692 61.60344789789603 pid4eef
58.36550756009509  2.749628004236755 63.8647635685686 pid4ff3
58.59665465756741  2.945244532802816 64.48714372317305 pid4f04
58.61828397807071  2.258504870113412 63.13529371829753 pid4e9c
58.845228868838106  2.27287329520417 63.39097545924645 pid4f9d
59.0897374107769  0.8399531536271014 60.7696437180311 pid500e
59.11038039451013  0.6894696617848435 60.48931971807982 pid4fb6
59.416662582497295  2.859587840289829 65.13583826307695 pid4f5f
59.492254452877305  0.7110577412412475 60.9143699353598 pid4ecf
59.605692371453614  2.1726191500814034 63.95093067161642 pid4f09
59.93307634373072  1.4720494334546483 62.87717521064002 pid4f95
60.56673104024346  0.7947357877967328 62.156202615836925 pid4f75
60.66530958911588  1.302824715367843 63.27095901985157 pid4fda
60.91942399925401  2.2965895071909292 65.51260301363587 pid4e86
61.02593651203121  0.497539353326593 62.0210152186844 pid4e97
61.28575601615614  1.5499667949137232 64.38568960598359 pid4eca
61.3096673441546  2.0921509983471034 65.4939693408488 pid4fc9
61.384207363800215  0.8695235282341502 63.123254420268516 pid4ffa
61.60231743672827  1.1834139908774657 63.9691454184832 pid4f76
61.89703055552549  1.933995897417177 65.76502235035984 pid4f0a
62.128782066780765  1.1285668416043464 64.38591574998946 pid4f82
62.250807947583354  2.7991765901204086 67.84916112782417 pid4ead
62.43099340257074  1.1008642064486507 64.63272181546805 pid4fdc
62.613627268516616  2.7182018467595257 68.05003096203566 pid4ea0
62.705537633241136  2.595780005099386 67.8970976434399 pid4ec1
62.7671652986197  1.050843357689933 64.86885201399957 pid4edb
63.025693316371864  0.9237840184825088 64.87326135333689 pid4e7e
63.115913562822676  0.8731485081683353 64.86221057915935 pid4fa1
63.33895055133711  1.930339585845549 67.19962972302821 pid4fad
63.34437233214173  0.5784042339692801 64.50118080008029 pid5007
63.449246350864584  1.942645195254988 67.33453674137456 pid4e66
63.47535765907295  0.5723160674482922 64.61998979396954 pid4f57
63.78871578700175  1.7430831156410997 67.27488201828395 pid4eb1
63.88011467676809  1.411755360249249 66.70362539726659 pid4e81
63.91372199907283  1.065812162752719 66.04534632457826 pid4e77
63.932051354865585  1.3242887162331356 66.58062878733186 pid4f67
64.15842333939118  2.5237836979470627 69.2059907352853 pid4e6f
64.47017587306182  2.220316627277029 68.91080912761588 pid4f23
64.62305589952393  0.4275961871773014 65.47824827387853 pid4e6d
65.33783246891448  1.2284902098358006 67.79481288858608 pid4eb9
65.55307407635318  0.6358083956468782 66.82469086764694 pid4ea7
65.64109915325922  1.7507196883619498 69.14253852998311 pid4e79
66.00215245660044  1.682316018260364 69.36678449312117 pid4f7b
66.29627198705826  0.5022511004127125 67.30077418788369 pid4ea5
66.31908648754586  1.70973569558157 69.738557878709 pid4f6e
66.43294169854867  2.6904219253207 71.81378554919007 pid4ff0
66.53811183767392  2.5643438738434488 71.66679958536082 pid4e9d
66.99033496594932  0.7504252731352545 68.49118551221983 pid4e7a
67.11993607056193  2.878996018946324 72.87792810845458 pid4ee4
67.30259696082965  1.0857441734509314 69.47408530773151 pid5004
67.31064607981038  2.2956244579028837 71.90189499561615 pid4ecb
68.15817598814759  2.8297276546599512 73.8176312974675 pid4f18
68.40165836615331  2.1438479327960653 72.68935423174544 pid4f3b
68.47935432565502  2.593228044502633 73.66581041466029 pid4fc5
68.66331421568492  1.0433590469662217 70.75003230961737 pid4f7d
68.9829162817985  0.4326334394210976 69.84818316064069 pid4ef5
69.10872353491644  2.2700603622357853 73.648844259388 pid4f2a
69.37929810405033  1.1295422506978479 71.63838260544603 pid4f1f
69.66973347467467  1.968684882085697 73.60710323884607 pid4f83
70.04427469491  2.5748878694287325 75.19405043376747 pid4e6c
70.58135236386622  0.6035825873175864 71.7885175385014 pid4ef9
71.06345196777791  0.7768964571620198 72.61724488210194 pid4e87
71.52904431020627  2.3326124872089555 76.19426928462418 pid4e7d
71.59611445308569  1.0411352633446715 73.67838497977503 pid4ec2
71.7895928522726  2.4632026353179386 76.71599812290849 pid4fe0
72.91882592369751  0.6492384187474607 74.21730276119243 pid4e83
73.18062414111925  2.492163305422952 78.16495075196515 pid4f79
73.2230787887471  1.9081799842036498 77.0394387571544 pid4ee5
73.26442772114954  2.34383750680683 77.9521027347632 pid4f69
73.6251944735402  1.0064867586658748 75.63816799087195 pid4fd9
73.63232994135815  2.8147067616258843 79.26174346460992 pid4f13
73.76535534874556  1.288265787881561 76.34188692450869 pid4f66
73.78031690180792  1.6042124655959373 76.98874183299979 pid4f14
74.37662003417785  2.692452627351486 79.76152528888082 pid4f2d
74.38055169652375  2.8606853538141155 80.10192240415198 pid4f03
75.06961093022265  1.9851525692842236 79.0399160687911 pid4f85
75.12950054888115  2.3107752475222303 79.75105104392561 pid4ff5
75.47074014713056  2.9577396560516913 81.38621945923394 pid4fd5
75.68762844004098  1.2289625612695845 78.14555356258015 pid4ff1
76.11732951832838  2.7896677974225903 81.69666511317355 pid4fe2
76.44295289686964  0.7769778678009855 77.99690863247162 pid4eba
76.4981553895084  1.6462191693377322 79.79059372818386 pid4fab
76.54238541277863  2.823523853573964 82.18943311992656 pid4ef8
76.63718690532458  1.1048666849086888 78.84692027514195 pid4f25
76.76257828995146  2.4082935244988115 81.57916533894908 pid4ff8
77.98652517073543  1.8810264863156312 81.7485781433667 pid4e74
77.99238804178702  2.7033926867973177 83.39917341538165 pid4fe4
77.99705071713662  2.9602782482898977 83.91760721371641 pid4f2c
78.22936463482206  0.931172000846103 80.09170863651427 pid4f43
78.24399052860281  2.405989169909653 83.05596886842211 pid4f0f
78.29382219825686  0.4142410346305937 79.12230426751805 pid4ece
78.37475142027756  2.554046869646607 83.48284515957077 pid4e56
78.68213361344378  2.1399985645597672 82.96213074256332 pid4fa7
78.95870907932748  1.3689063833515491 81.69652184603058 pid4f28
79.043891051137  0.6869859086184131 80.41786286837382 pid4f87
79.08019176254697  0.5933176458114482 80.26682705416987 pid4fe5
79.39403647790037  2.2527839146362747 83.89960430717292 pid5001
79.58098267580948  1.9599747722380103 83.5009322202855 pid4fcd
79.72672588425274  0.6491511506465037 81.02502818554575 pid4f44
80.2716862779248  1.575891694165532 83.42346966625587 pid4f96
80.28051832658575  0.46551906533789594 81.21155645726154 pid4f8e
80.41240835344003  0.49535457376955827 81.40311750097915 pid4ee3
80.59508938237953  2.8907366347552834 86.3765626518901 pid4fe3
80.65855359779721  2.290100393803758 85.23875438540472 pid4e9b
80.75491052156319  2.8461182725684253 86.44714706670004 pid4f2f
80.83924537511463  2.1742386777639813 85.18772273064259 pid4ea9
81.13947541033613  1.9937479668028235 85.12697134394178 pid4fee
81.22677884977631  0.7497994932653429 82.726377836307 pid4f48
81.35926021726048  2.3472325742932276 86.05372536584694 pid4f61
82.00364305673598  1.4730765455426216 84.94979614782122 pid4f86
82.09803299462783  1.2207169030292895 84.53946680068641 pid4e8b
82.15843126102112  1.7178709552979008 85.59417317161692 pid4efc
82.61438602588942  2.1334410817919744 86.88126818947336 pid4ef0
82.83980255883115  2.793617910556691 88.42703837994453 pid4e5a
82.8956945121392  1.198544272663498 85.2927830574662 pid4edc
83.33479297226496  1.1945795496574894 85.72395207157994 pid4f7f
83.33771539623812  1.1667165561572896 85.6711485085527 pid4f46
83.65245507302252  1.0286385058962526 85.70973208481503 pid4f62
83.91942353080391  1.5089695780225774 86.93736268684907 pid4f0b
84.26840824210973  2.3255317393592523 88.91947172082823 pid4fb4
84.54016226130955  1.7262354823527404 87.99263322601503 pid4e57
84.55641850553367  1.5721269716594244 87.70067244885252 pid4ff6
84.68175692040208  1.0666173145381275 86.81499154947834 pid4eb7
84.73560622715442  2.0564849489417822 88.84857612503798 pid4e8d
84.81351506895652  2.1953827519872835 89.20428057293108 pid4f9a
84.91863610196755  2.021447520860333 88.96153114368822 pid4f54
84.92532500221832  1.4501672282191365 87.82565945865659 pid5002
85.06135555072925  2.470155363157377 90.001666277044 pid4f94
85.10761999439404  2.4306090761884347 89.9688381467709 pid4f17
85.4999448973587  0.4778899742237205 86.45572484580615 pid4ebb
85.86232991676287  2.9388735003766184 91.7400769175161 pid4e92
85.93802521133559  1.317751262464752 88.57352773626509 pid4fe8
85.9920037866374  0.4161615214963653 86.82432682963012 pid4e58
86.46208956688852  2.8057449764711464 92.07357951983082 pid4fef
86.59574114248272  0.5624331575290115 87.72060745754075 pid4e7c
86.92690705673087  0.6372930123833513 88.20149308149757 pid4f4c
87.07549298531318  1.9718581274727582 91.01920924025869 pid500c
87.10034344068238  2.1358881495166098 91.3721197397156 pid4e93
87.25402379188428  2.5211265108558165 92.29627681359591 pid4f73
87.37519640547869  1.3499968494141652 90.07519010430703 pid4fb3
87.52920573110796  2.994783874262995 93.51877347963395 pid4e89
87.92390649999817  0.5978242521205238 89.11955500423922 pid4f45
88.07899399552164  2.6850867723879945 93.44916754029764 pid4f20
88.29725209039702  1.7098291608245875 91.7169104120462 pid4f02
88.55869352645065  1.0357108243446065 90.63011517513986 pid4f37
88.8397845765407  2.2651524903120035 93.3700895571647 pid4e91
88.85134023951296  0.6928723820209509 90.23708500355487 pid4fec
89.01247127701978  2.85269526300748 94.71786180303475 pid4fc0
89.13382123690344  2.015727544161301 93.16527632522605 pid4e5e
89.22856543441242  0.43205065097555756 90.09266673636353 pid4ec0
89.57472517856914  1.4092833303304055 92.39329183922995 pid4ee7
89.78306450843333  2.9762973591260655 95.73565922668546 pid4f19
89.85409111926927  1.5762810137633338 93.00665314679594 pid4e53
90.20298600383964  1.598775414448078 93.4005368327358 pid4ff9
90.48484745994973  1.6428745179137447 93.77059649577723 pid4fae
90.52083740394723  1.9022365810733146 94.32531056609386 pid4ef4
90.77341428291325  2.3113307909144516 95.39607586474216 pid4f4b
90.88985571702989  1.8035055255336783 94.49686676809725 pid4fd4
91.26172845358973  1.0155040652131802 93.29273658401608 pid4fd1
91.31405534594651  2.2296186860751965 95.77329271809691 pid4e8f
91.32823715554045  1.4384882158329764 94.2052135872064 pid4f33
91.37611394277101  0.43317805230937484 92.24247004738976 pid4fa9
91.42604282983704  1.9874290928004812 95.40090101543801 pid4ef6
91.49532371595232  0.49090001317614895 92.47712374230463 pid4fdf
91.60388230767795  2.6259209799015397 96.85572426748102 pid4f9f
91.90750817832702  1.1851334008225964 94.27777497997221 pid4f55
91.92680718373279  1.5213854753789842 94.96957813449076 pid4e8e
92.08338501077571  0.44390372261081795 92.97119245599735 pid4fbc
92.3323946340165  2.2647995548054114 96.86199374362732 pid4eb2
92.55802513800792  2.346425982731224 97.25087710347037 pid4fff
93.02535034517382  2.211343185876162 97.44803671692614 pid4ee0
93.20553563125074  1.8792763681686653 96.96408836758808 pid4f88
93.68785638743525  2.25740134902442 98.20265908548409 pid4ed9
93.76149530032575  0.8217627829157487 95.40502086615724 pid4f6d
93.92162729971255  0.471339109017356 94.86430551774727 pid4f1d
94.01362351133493  2.5365709779280423 99.08676546719101 pid4e88
94.91778550403535  2.2158536776639153 99.34949285936318 pid4f91
95.1490414724969  2.9698630986083354 101.08876766971358 pid4ef2
95.82618535885985  1.4033887389761368 98.63296283681211 pid4ee6
95.85015045440784  1.2592569582880846 98.368664370984 pid4f84
96.62670803454446  1.6324150738574268 99.89153818225932 pid4ed3
97.57010463434051  2.1835855839776053 101.93727580229572 pid4ebd
98.11806138995411  0.7819268765791811 99.68191514311246 pid4f29
98.19976188273391  1.4295922723600767 101.05894642745406 pid4fce
98.65760103912336  0.9190041871882754 100.49560941349992 pid500d
98.83581513768931  2.361406624137185 103.55862838596369 pid5012
98.9925030595613  1.7610390756617247 102.51458121088476 pid4fbd
99.26816871065394  1.493213846773675 102.2545964042013 pid4f41
99.39612877487384  0.7436563270492846 100.88344142897242 pid4f5e
99.41295970448115  1.7376961899853036 102.88835208445175 pid4e9a
99.4130856870772  1.6329416970450996 102.6789690811674 pid4f93
99.4836793297199  0.9390369930787837 101.36175331587748 pid4f47
99.6149932969  2.117975187409463 103.85094367171892 pid4ffc
99.72739613830007  2.2512299905602653 104.22985611942059 pid4fb9
99.98732314564474  1.4801676267696484 102.94765839918404 pid4ed0
