0.030566910080387366  2.214727208133979 4.460021326348345 pid36bb
0.37439071152566283  1.6987638626872839 3.7719184369002305 pid36f9
0.6412547803118063  2.338204029832584 5.3176628399769745 pid3718
1.118904388852282  0.996987333449676 3.112879055751634 pid3756
1.2144014549856919  2.063721712881884 5.341844880749459 pid36db
1.4825156298558295  1.5694227865855508 4.621361203026931 pid3693
1.4853125009390067  0.43742232424771715 2.360157149434441 pid3620
1.7156128231566314  2.116696593952992 5.949006011062615 pid363f
2.016688632168573  1.034713485291783 4.086115602752139 pid3713
2.3580023503574243  0.9456323608138467 4.249267071985118 pid36c9
2.4126161502344035  0.45985691054327127 3.332329971320946 pid3716
2.437896353788882  2.331851842518261 7.101600038825404 pid3747
2.446624093943617  2.8897135915580447 8.226051277059707 pid369a
2.7708605248960794  2.111546958596003 6.993954442088086 pid3676
2.8103945707268374  2.0904450342119305 6.991284639150699 pid36f6
3.0215256145773695  2.654344180501233 8.330213975579836 pid3748
3.0366226565226695  2.9735819340253946 8.983786524573459 pid35dc
3.4684887494860983  1.9394855164840412 7.34745978245418 pid36e5
3.8006870629983647  0.6670467067258998 5.134780476450164 pid35f5
4.506955136965985  2.0297727325044805 8.566500601974946 pid366a
4.695038153324049  0.93570048674829 6.566439126820629 pid3626
4.788474117353491  1.0488151914638901 6.886104500281272 pid35ec
4.791581652986066  2.964075207665262 10.71973206831659 pid376c
5.397414098645214  0.5885156864278693 6.574445471500953 pid374d
5.672641848716231  2.936885528387906 11.546412905492044 pid3671
5.888802538878979  0.7997459096821664 7.488294358243312 pid367f
5.968871680154042  2.5542214058791144 11.07731449191227 pid373f
6.048658826711462  0.7045123924306677 7.457683611572797 pid3686
6.076682302697334  2.44478999257131 10.966262287839953 pid36e6
6.186210762366661  0.7001393893055559 7.586489540977773 pid3633
6.317947197006912  0.48939993993306513 7.296747076873043 pid365d
6.780557834478107  1.288590844756349 9.357739523990805 pid35ed
7.003143352436303  0.8090521184080177 8.621247589252338 pid371c
7.223133275942084  2.628125697809945 12.479384671561974 pid3694
8.057002576250316  0.7518851094188395 9.560772795087995 pid35b8
8.292968193014993  2.578397505484837 13.449763203984666 pid374f
8.52266674891201  1.8324737010729848 12.18761415105798 pid3605
9.152814193710102  2.9259637286019395 15.004741650913981 pid35d3
9.161455538435813  1.798642350908 12.758740240251814 pid36f4
9.247807405007647  1.9054398989323857 13.058687202872418 pid3685
9.284847186041546  0.5276806747881485 10.340208535617842 pid35d7
9.30851524934193  2.543771874451589 14.396058998245108 pid3722
10.161432102355706  2.216674333357078 14.594780769069862 pid364d
10.170694816539461  2.0890820263018535 14.348858869143168 pid35d0
10.337559765964667  2.0922737654233363 14.522107296811338 pid369c
10.425059511886058  2.38834474879214 15.201749009470337 pid3634
10.600023599464038  2.336751051197209 15.273525701858457 pid36b5
10.668451415746173  2.1754120876529597 15.019275591052093 pid371b
10.899374370053106  0.7410406692800722 12.38145570861325 pid3665
10.972263607220057  0.6184954898407876 12.209254586901633 pid360b
11.33863566295561  1.5641076354172774 14.466850933790166 pid35bd
11.461554349735259  0.9820417244124766 13.425637798560212 pid370f
11.47883243901886  1.7649806666673116 15.008793772353481 pid3723
11.708306226768894  2.285916372629974 16.28013897202884 pid36bc
11.724490480388383  0.9258724695525421 13.576235419493466 pid3622
12.186763630576847  2.5207422162676183 17.228248063112083 pid36ca
12.19834815067088  1.7063199702761382 15.610988091223156 pid35c0
12.227837436916511  2.789785352292618 17.807408141501746 pid3687
12.845476441511083  2.530908731947987 17.90729390540706 pid3704
13.179748149176074  0.5207840384330987 14.221316226042271 pid35f6
13.50288931449285  2.691043452652202 18.884976219797252 pid3678
13.518719509279176  2.8505943922840875 19.21990829384735 pid3628
13.778052371597493  2.2511433269877315 18.280339025572957 pid3677
13.872407023632471  2.850223620482258 19.572854264596987 pid3700
13.96340102276693  1.915422827944699 17.79424667865633 pid3663
14.0871290847008  2.1738420892153614 18.434813263131524 pid370b
14.210576943698594  1.07924004832595 16.369057040350494 pid367e
14.476921640530282  2.7917387429327234 20.06039912639573 pid3768
14.638482559842835  1.8252119707366727 18.28890650131618 pid362d
14.885453325805898  2.5986216275970455 20.08269658099999 pid365a
14.886283280703305  2.5277853511359054 19.941853982975115 pid367d
15.022972818516022  2.594538635306195 20.21205008912841 pid372b
15.396353758083158  1.54690628707904 18.490166332241238 pid35e6
15.659737586169797  0.5245227103677946 16.708783006905385 pid3767
16.00689950261942  1.8930712333698079 19.793041969359034 pid3648
16.069959941351797  0.5144935407160315 17.09894702278386 pid3743
16.522887322579074  1.421691770472782 19.366270863524637 pid360f
16.526856284426316  0.6375726578490881 17.80200160012449 pid3653
16.802519769318714  1.8041572448903125 20.41083425909934 pid3729
16.835902678671978  0.6279206526183573 18.091743983908692 pid376e
17.147437732418847  0.8627072688879394 18.872852270194727 pid3688
17.317098619215475  2.748590735798039 22.814280090811554 pid36e3
17.32185471860105  1.3719355625297087 20.065725843660466 pid3684
17.400432815023326  1.807017946220851 21.014468707465028 pid36ee
17.504863622652277  2.353983551020974 22.212830724694225 pid35f2
17.708294577535543  2.592105679714519 22.892505936964582 pid3668
17.796338259935563  0.6585936889953172 19.113525637926198 pid36c8
17.98208899736511  0.6263847413247486 19.23485848001461 pid35d4
18.015598875593852  2.406777512561693 22.829153900717237 pid35e1
18.694126876347596  1.617764463515706 21.929655803379006 pid3612
18.841874769473144  2.1111267629459305 23.064128295365006 pid360e
18.902937194532143  0.7267484323245326 20.356434059181208 pid36f3
19.142242538181176  2.6007869751283255 24.343816488437827 pid364b
19.516426991648352  1.9269343167801538 23.37029562520866 pid3695
19.91655355802723  1.0174053920971389 21.951364342221506 pid36a0
19.987301301052586  1.3547945580245333 22.696890417101653 pid3765
20.36771118490146  2.5766529524520227 25.521017089805504 pid35c9
20.479974530633438  1.6151826100296875 23.710339750692814 pid362e
20.483624735580896  2.9222655688494448 26.328155873279787 pid3667
20.667708536250196  2.711749005775914 26.091206547802024 pid3766
21.11163877864476  1.1610842187260304 23.43380721609682 pid35db
21.17202528367902  2.258582127485532 25.689189538650083 pid366f
21.28527832512026  1.491936799711321 24.269151924542903 pid36f7
21.471938526946143  2.713105827207716 26.898150181361576 pid3611
21.50339983044799  2.938940939991618 27.381281710431224 pid35bc
21.705064120176175  2.5325789271342765 26.770221974444727 pid370e
21.982145009392628  1.0535454450483863 24.089235899489402 pid35bb
22.115040004819765  1.8318795198626767 25.778799044545117 pid3604
22.20715529233772  1.5629860040516732 25.333127300441067 pid36ff
22.616959815416593  2.3036922835553755 27.22434438252734 pid3651
22.754652244322227  0.9026705263355169 24.55999329699326 pid361f
23.13208455154786  2.046811580988777 27.225707713525413 pid3707
23.227556612673773  1.0528424856726297 25.33324158401903 pid35bf
23.322000552653776  2.74460960004727 28.811219752748315 pid372f
23.413254640612923  2.5319413157273845 28.477137272067694 pid36c3
24.05255972837996  2.8559522575690823 29.764464243518127 pid35dd
24.111935055877765  1.3681081739185643 26.848151403714894 pid3737
24.140032626484686  2.749076847618956 29.6381863217226 pid363e
24.292873553385984  1.2005508554809041 26.69397526434779 pid376f
24.356478230241564  1.9529470845393182 28.2623723993202 pid35c2
24.38732018750346  1.234693118402061 26.856706424307582 pid361a
24.44079978207181  2.079437328607527 28.599674439286865 pid3709
24.443809752546166  1.6665645067571093 27.776938766060383 pid367c
24.479866813170624  2.249783813329709 28.97943443983004 pid371e
24.624055209191155  1.6789936908230985 27.982042590837352 pid3754
24.925988491951422  0.79068786533532 26.507364222622062 pid36ae
24.940047361666227  0.5140700234987303 25.968187408663688 pid3645
24.96130055643254  0.5149742404274539 25.99124903728745 pid36f0
25.085372414187823  2.6842097789531896 30.4537919720942 pid35de
25.240063602747842  0.4001762379448833 26.04041607863761 pid36a4
25.449235363178346  1.2663777487715873 27.98199086072152 pid3660
25.503778890374484  2.1948135297084708 29.893405949791426 pid3615
25.874473649848685  1.0677290854650887 28.009931820778863 pid36fe
25.900055591199134  0.6965042275419693 27.29306404628307 pid35c1
26.30299588197047  1.0562335224482482 28.41546292686697 pid372c
26.515921268137344  2.763167340479839 32.042255949097026 pid375d
26.68930824100235  1.968189662843753 30.625687566689855 pid36b3
26.740492962956907  1.4276413640226044 29.595775691002117 pid35e2
27.389393047810838  1.9625913876112193 31.314575823033277 pid36e8
27.402536286238842  2.7388818312559398 32.88029994875072 pid36c5
27.432238267124177  1.9643911952989397 31.361020657722058 pid3735
28.17762243307452  2.1683553840523495 32.51433320117922 pid36b7
28.76484098115385  2.8585108936853887 34.48186276852463 pid373c
29.488683233687574  1.686007621973519 32.860698477634614 pid3776
29.994698311876157  2.81271843779829 35.620135187472734 pid3656
30.092705020689024  0.8096137330753264 31.71193248683968 pid3742
30.27721834908984  2.7760368530828057 35.82929205525545 pid36d9
30.287121103097626  2.346907483303023 34.980936069703674 pid360d
30.432570371737455  2.4103693979084295 35.25330916755431 pid3670
30.697337970857387  1.4491492287431305 33.595636428343646 pid365b
31.02608573521546  2.7720456463241225 36.57017702786371 pid3775
31.50749523854136  1.311596278829499 34.130687796200355 pid3627
31.57177404053193  2.1602795053816877 35.89233305129531 pid36ef
31.641287662537977  1.1491581935038486 33.93960404954567 pid373d
31.643495351787475  1.9256246887124133 35.4947447292123 pid36b2
31.72666050328301  1.0260523293287518 33.77876516194051 pid3623
32.217432266126266  1.2593452886114203 34.73612284334911 pid3607
32.21978950187838  1.64047961592542 35.500748733729225 pid3632
32.45380099768974  1.3080984322343108 35.06999786215836 pid361b
32.53541843456226  1.9050475991514406 36.34551363286514 pid36f1
32.81021600186048  2.237284123622451 37.284784249105385 pid368b
33.05651543992833  0.724340120629871 34.50519568118808 pid3603
33.60935657889088  1.3607483682672363 36.33085331542536 pid35d5
33.650181160903244  2.615058901641018 38.88029896418528 pid3617
33.95052509998684  1.828539541462666 37.60760418291217 pid3753
34.383437791728625  0.40097742719290486 35.18539264611444 pid36d7
35.094872051963456  2.1642945288751205 39.4234611097137 pid375c
35.53774440630614  2.058438033254116 39.65462047281437 pid36d3
35.69285758614221  0.6531396175177069 36.99913682117762 pid3705
35.71982198357138  1.465815503615464 38.651452990802305 pid363d
35.815800753992974  0.5193804151291578 36.85456158425129 pid364c
35.97049578707466  2.844151889754726 41.658799566584115 pid35fe
35.97682700080791  2.229895795586153 40.43661859198021 pid3738
36.33453012789415  1.2411686994182773 38.816867526730704 pid366c
36.42290286008618  2.6313217194450984 41.68554629897638 pid36fb
36.638630788097046  0.5660370638955657 37.770704915888174 pid35f1
37.00694497460697  1.1231009601108108 39.25314689482859 pid35d6
37.561957798081366  1.350688938563096 40.26333567520756 pid36e2
37.84324710750242  2.6035662009693956 43.050379509441214 pid3641
37.98047493890236  2.669487013953376 43.31944896680911 pid3644
38.05664772115406  0.9424995966710235 39.941646914496104 pid372e
38.38332758816559  2.1112970453893394 42.60592167894427 pid3657
38.686092584357404  1.376277038441947 41.4386466612413 pid36ea
38.987037186215225  1.8178966915975483 42.622830569410326 pid371a
39.4533685041137  1.4353299879926467 42.32402848009899 pid361c
39.5233859462307  2.3712480623536973 44.26588207093809 pid3630
39.631822053016776  2.4488641897837997 44.52955043258437 pid36d5
39.700673761390036  2.6485471162165926 44.99776799382322 pid3600
39.783069529323825  1.42551045142491 42.63409043217364 pid3744
39.83701453237902  2.7494023995856716 45.33581933155037 pid374c
40.10728868476274  1.460702969227309 43.02869462321736 pid360a
40.35378954229621  2.176337546252189 44.70646463480059 pid36c7
40.40256402658964  2.2842322363372523 44.97102849926414 pid36e7
40.45235694623718  1.6510837059095085 43.7545243580562 pid374e
40.643284204049635  1.540451781476826 43.724187767003286 pid3772
40.76316505571299  2.294742274557338 45.35264960482766 pid3769
41.14401999136981  0.9500785435439936 43.0441770784578 pid35d1
41.64691228262459  0.6106667155328622 42.868245713690314 pid36b4
42.27762670057403  2.1233568508858762 46.524340402345786 pid3642
42.46174575742974  0.9741730427770574 44.41009184298385 pid362a
42.61571089430858  1.1646242185136746 44.94495933133592 pid36a8
42.75802875175588  2.7275481978262257 48.213125147408334 pid3658
42.770588716993466  2.6192027375026137 48.008994191998696 pid36a3
42.804963845090995  1.593040141568005 45.991044128227 pid3691
42.89638378677335  2.2722869111357817 47.440957609044915 pid3760
43.344770535699084  1.572994919092598 46.49076037388428 pid366b
43.489665020463995  2.808865550395983 49.10739612125596 pid3602
43.666373714286465  2.679389445444544 49.02515260517555 pid36cf
45.64266088097254  2.4188969667408684 50.480454814454276 pid3773
45.86935704137627  2.1072885556574614 50.08393415269119 pid3638
46.03809757229666  2.7513654112635937 51.54082839482385 pid3715
46.372143671660716  1.2334728217885784 48.83908931523787 pid363b
46.56833568111385  2.9585197096421396 52.48537510039813 pid369e
46.608357826566085  1.1681003063220459 48.94455843921018 pid36f2
47.02333232066397  1.9398330396696863 50.90299840000334 pid35e0
47.05364963566253  2.132987793448807 51.31962522256015 pid3613
47.5554941039661  2.7646184236071796 53.084730951180454 pid375f
47.74403083261928  2.900031742041707 53.5440943167027 pid370a
47.88443668955974  2.8306705900210174 53.54577786960178 pid36b9
48.09765597579165  2.672575683954268 53.44280734370019 pid35ea
48.34649805395813  0.9432666122990454 50.23303127855622 pid3771
48.59303323192522  1.6896372750458664 51.972307782016955 pid3646
48.60975856269935  0.8914298208355707 50.39261820437049 pid366d
48.92593843884418  0.553309479219764 50.0325573972837 pid36eb
48.98636467820443  2.2243683481126215 53.43510137442968 pid363c
49.23683124569268  1.3015129734589543 51.83985719261059 pid3732
49.44465318918222  0.43998841227280616 50.324630013727834 pid36d8
50.37854998465583  1.931694301309729 54.241938587275285 pid35d2
50.600943461748486  2.414110831063876 55.42916512387624 pid36be
50.75816575192682  2.11147028608765 54.981106324102115 pid3717
50.783274894047246  2.918751360056492 56.62077761416023 pid367a
51.84467522007138  1.314421535054696 54.47351829018077 pid35f7
51.896701244508904  1.0983753107713103 54.093451866051524 pid35c4
51.99004841050885  2.985871830132358 57.96179207077356 pid36ab
52.40858224493393  0.870518538458104 54.14961932185014 pid3661
52.83608782127915  2.019205859042455 56.87449953936406 pid3647
53.427687389315416  2.1195658823300305 57.666819153975474 pid35be
53.479074649793525  2.9099762447409283 59.29902713927538 pid35eb
53.62358850381571  1.3725559649532548 56.36870043372222 pid3711
53.695280403737456  1.938970694916427 57.57322179357031 pid3655
53.83657314737932  2.7472918263822272 59.33115680014377 pid366e
54.19588059326046  2.0278592995450166 58.2515991923505 pid35d9
54.42656746489758  1.9634497664934454 58.35346699788447 pid36fc
54.91932346436644  2.2569079509168706 59.43313936620018 pid375e
54.966742560925255  1.1388652643956925 57.24447308971664 pid3712
55.066381880188885  0.9760094989015656 57.018400877992015 pid3680
55.37706645172026  1.58013903473871 58.53734452119768 pid367b
55.39652489159527  2.885669261267136 61.16786341412954 pid35ce
55.582451145697284  2.1612063165391007 59.904863778775486 pid3703
55.7895845814124  0.5472861222559617 56.88415682592432 pid36de
55.81843989398288  1.9190264422182914 59.65649277841946 pid36fa
55.861222408302346  1.6343208848785529 59.12986417805945 pid3762
55.9932058462146  2.6116840776054735 61.21657400142555 pid370c
56.19096237670522  0.9482403715885189 58.08744311988226 pid36d2
56.247151072813715  2.289330635663686 60.825812344141085 pid372d
56.43696071820686  1.1932809435979932 58.82352260540285 pid35e4
56.85733253377149  1.4391534088741027 59.735639351519694 pid35d8
57.00973419186172  0.7232026727481202 58.456139537357956 pid3616
57.11599851613131  2.1720238490560364 61.460046214243384 pid369d
57.26118547300017  1.422399263359765 60.1059839997197 pid35ba
57.58679956407421  0.7634668035743677 59.11373317122295 pid3690
57.604077734552774  0.866408883668465 59.33689550188971 pid3635
57.62240765372445  0.7565672818835967 59.13554221749165 pid3672
57.875449645082035  1.6528285402732483 61.18110672562853 pid376d
57.89300557298168  2.169159177249369 62.23132392748042 pid3750
58.78925422427247  1.5528292657986804 61.89491275586983 pid368d
58.827051430245525  2.6850543827422544 64.19716019573004 pid3699
59.12624163027994  2.9914518667076417 65.10914536369522 pid36d4
59.18244919120793  1.6203683293569813 62.42318584992189 pid35cf
59.25190686315164  2.802429927489619 64.85676671813087 pid36c2
59.28556081624636  2.658816257096681 64.60319333043972 pid3774
59.59400621454568  2.97780739624403 65.54962100703374 pid35cd
59.65628308145236  2.8459129586525713 65.3481089987575 pid3746
59.81087226935734  2.9414666152373816 65.69380549983211 pid3740
59.94204477610947  1.5274618819045056 62.996968539918484 pid35cc
59.95984981608349  2.1419952619174594 64.2438403399184 pid36b8
60.02711448364345  1.2922409520704785 62.61159638778441 pid3730
60.09248974999299  0.8751881514761235 61.84286605294524 pid3733
60.1177897661476  0.5983449666344098 61.314479699416424 pid3640
60.68769159824274  0.666408037589034 62.02050767342081 pid35b6
60.83784538104814  2.1615537023927898 65.16095278583371 pid3764
61.11612647270721  2.8248550260417162 66.76583652479064 pid3751
61.48520672863265  0.7281605801674915 62.94152788896763 pid3606
61.69657248043096  1.7510737598184911 65.19872000006794 pid3696
62.26524134342847  0.8273203056678806 63.919881954764236 pid361d
63.169362330959636  2.5010924869823024 68.17154730492425 pid35f0
63.37809540161257  2.2842601533561786 67.94661570832493 pid371f
63.476408037506296  0.4682117807632711 64.41283159903284 pid36ba
63.82196363578612  1.0963955769534717 66.01475478969306 pid3609
63.91687778232521  2.859754556447563 69.63638689522034 pid3625
64.28197492532753  2.32154588300038 68.9250666913283 pid3734
64.34385909669122  1.8962970662578464 68.13645322920691 pid36d1
64.34851868562234  1.2172833052461323 66.7830852961146 pid35ee
64.43120798793171  2.36204544128729 69.1552988705063 pid365c
64.52996472991904  1.4908787408310467 67.51172221158114 pid3736
64.53617273567586  1.4094247687625745 67.35502227320102 pid36cb
64.60262523908266  1.105877339286729 66.81437991765611 pid3697
64.75485176168459  1.944415339175567 68.64368244003572 pid370d
64.7935069932583  0.8498010362628063 66.49310906578391 pid3649
65.29841682210275  2.1569704758401116 69.61235777378297 pid36e4
65.79090868104707  1.8847187325629884 69.56034614617305 pid36a1
66.1219552966675  1.465528132540149 69.0530115617478 pid369b
66.14157266635591  1.421873558284663 68.98531978292525 pid3702
66.48477105411527  1.289910397246313 69.0645918486079 pid373a
66.55063264236634  1.9484550330260033 70.44754270841834 pid364a
66.99560121776148  1.8799565516457406 70.75551432105296 pid36ac
67.16809031551398  2.6614691754175723 72.49102866634912 pid35e8
67.19432663071464  0.764697994194503 68.72372261910365 pid3721
67.64367625381523  2.0136459545028584 71.67096816282094 pid3758
67.86949009617568  2.2414894179606653 72.35246893209701 pid368e
68.12177851258856  2.238050679180459 72.59787987094948 pid36f5
68.18165651146319  1.8214279036260854 71.82451231871536 pid3727
68.35871806051352  0.703985470684817 69.76668900188317 pid376b
68.43713496212892  1.562364647617755 71.56186425736443 pid374b
68.54147263684456  0.6766705853399739 69.89481380752451 pid35ef
68.55779341987456  0.4950298198216194 69.54785305951779 pid35e7
69.57074130656272  1.9288777047741603 73.42849671611104 pid3631
69.93267155220425  2.5926569030435247 75.1179853582913 pid36c0
70.16165813041555  1.0288262274590751 72.2193105853337 pid35ca
70.70265839856886  2.350989179734595 75.40463675803805 pid35f9
70.83295556461083  2.5652068838089126 75.96336933222865 pid3683
70.90875652331275  0.5181874992346669 71.94513152178207 pid36c1
71.16955933780106  2.4776592958807853 76.12487792956263 pid3692
71.58104939602843  0.41479042765346374 72.41063025133536 pid36f8
71.5985262522025  2.7900880011011577 77.17870225440483 pid35e3
71.72958270940364  2.8254615914006296 77.38050589220491 pid371d
71.98797620391791  2.6019044120296573 77.19178502797722 pid35f8
72.19421408303067  2.515388985772231 77.22499205457514 pid369f
72.52796880055686  1.3247053637655735 75.17737952808801 pid374a
72.54062108678689  2.4620398332543063 77.4647007532955 pid3770
72.71122348257668  0.9582353800330164 74.62769424264272 pid36b1
72.98755192140855  1.603283324496489 76.19411857040153 pid36c4
73.77253492671363  2.031536276197925 77.83560747910948 pid3629
73.81915902701357  1.7497068229251513 77.31857267286387 pid3643
73.83872899313536  1.579961849931713 76.99865269299879 pid3763
73.9366907159244  1.278201143604241 76.49309300313288 pid35c3
74.16993233150514  0.4586454096080782 75.0872231507213 pid36a9
74.20877688875426  2.5566222280518023 79.32202134485786 pid35fc
74.8837639856536  1.0881567909881378 77.06007756762988 pid35ff
74.96877267143456  0.6759437237256671 76.3206601188859 pid36a7
75.02057898454866  0.8296634912851177 76.6799059671189 pid3749
75.11414296535392  2.0281360594889506 79.17041508433182 pid365f
75.86106377568281  2.738154346159583 81.33737246800197 pid3608
76.33937807307643  1.0167848967149409 78.37294786650631 pid36b6
76.36779134683945  2.567645186543542 81.50308171992654 pid35c7
76.7239328836163  1.8994395493235081 80.52281198226332 pid3741
76.78180223471006  2.7190664149575476 82.21993506462515 pid3601
76.94207324466859  2.861789055283242 82.66565135523507 pid36a6
77.10452348963848  1.900970263342305 80.90646401632308 pid36d0
77.53754270083003  2.182715340764171 81.90297338235837 pid364f
77.70432892690518  1.2606646255443277 80.22565817799384 pid3675
78.03268772512105  0.6067753810551234 79.2462384872313 pid3637
78.72152083273592  1.9838604649144913 82.6892417625649 pid35df
78.91400059533788  1.140587953881011 81.1951765030999 pid3752
79.13256799168323  1.2058395273543732 81.54424704639197 pid35fb
79.3266039495498  2.470643109289756 84.26789016812931 pid362b
79.48078874887949  0.9315002950919883 81.34378933906346 pid3674
80.00410886653505  1.3324816141862188 82.66907209490749 pid3714
80.26205051632999  2.105503430648262 84.47305737762652 pid3669
80.5028496302606  2.009351386974887 84.52155240421037 pid3759
80.73904466409246  1.8887049416619766 84.51645454741642 pid373e
80.73942905897988  1.9934023866753474 84.72623383233058 pid3745
80.81965609240306  1.71307692634905 84.24580994510117 pid3701
81.07617922786457  2.0333877093867123 85.142954646638 pid3731
81.38490812906774  1.5574764971929 84.49986112345354 pid375b
82.18271337825944  2.293688513579326 86.77009040541809 pid36ad
82.20767524244175  2.265668732335423 86.7390127071126 pid36e1
82.73679381950146  2.5080819862126673 87.75295779192679 pid3708
82.8513653106738  1.849202242941265 86.54976979655633 pid373b
82.94732701991158  2.3841670633186287 87.71566114654884 pid35cb
83.02606285500788  0.6362841493681076 84.2986311537441 pid36bf
83.65421778885016  1.6041410060746513 86.86249980099946 pid3689
83.67111200718517  1.7793875280928924 87.22988706337095 pid376a
84.30625554765493  2.83558007971378 89.97741570708249 pid362c
84.36704240766257  1.0492929352524325 86.46562827816743 pid35fd
84.37109990210931  2.2347978371685415 88.8406955764464 pid35c5
84.4658022061157  2.6022456272153103 89.67029346054632 pid35c8
84.76606613049331  1.302228406583395 87.3705229436601 pid3650
84.81254384863716  0.4805553493312203 85.7736545472996 pid3664
85.02035914270046  0.44544152873681886 85.9112422001741 pid3706
85.31888566012695  0.6177052800720293 86.55429622027101 pid3662
85.40331675426398  2.525950279483297 90.45521731323058 pid3636
85.6072741369823  0.5656843330337346 86.73864280304977 pid3621
85.66250839602156  0.6808483233426174 87.0242050427068 pid35f3
85.74110439213439  2.3616517013959544 90.4644077949263 pid36e9
86.02298435650916  1.2539865207203347 88.53095739794982 pid3639
86.06391262937012  1.0374884588938822 88.13888954715789 pid3755
86.63235109505273  1.1841318158948657 89.00061472684246 pid3725
87.44730080090639  2.0962688802907317 91.63983856148785 pid3728
87.6439655879634  2.9926892054676473 93.62934399889869 pid368c
87.7739424152587  2.494319104776106 92.76258062481091 pid3673
87.90443993648314  2.668578633348766 93.24159720318067 pid36da
87.9697811050978  0.8486962109836297 89.66717352706506 pid3619
88.0209917728682  1.789681645580365 91.60035506402893 pid36aa
88.13504227162399  1.1314510757368945 90.39794442309778 pid361e
88.30877090708493  1.2406220020630827 90.7900149112111 pid3698
88.5749353504286  1.8525389755155532 92.2800133014597 pid36cd
89.41476479772982  2.4414694616043415 94.2977037209385 pid3681
89.46009503122308  1.6568595245662765 92.77381408035563 pid35b9
89.54698785721516  2.76804452356186 95.08307690433888 pid3654
89.58638681340183  1.1540306641101887 91.8944481416222 pid3618
89.86934098337446  0.7560430768682903 91.38142713711103 pid360c
89.93129999415041  0.994639473611389 91.92057894137318 pid36ec
90.31708553450306  2.142417943011327 94.60192142052571 pid375a
91.20904333490547  1.0474439665801527 93.30393126806578 pid36a5
91.36955009724755  2.0900701591363844 95.54969041552032 pid3614
91.54937788804669  0.8666752513629539 93.2827283907726 pid3659
91.6777141168856  0.6698772136738016 93.0174685442332 pid36ed
91.97097249672687  1.049509794998185 94.06999208672325 pid35e5
92.0593773914552  2.542880642146849 97.1451386757489 pid36dc
92.26123013002979  2.0617221155728367 96.38467436117546 pid35f4
92.68051396611791  1.1271595510772388 94.9348330682724 pid365e
92.73589958708085  2.279505112182671 97.29490981144619 pid36cc
92.87995995117952  2.7331384459015786 98.34623684298268 pid3652
92.95632543076789  1.2807712349909126 95.51786790074972 pid3719
93.21484658890863  1.302603120645802 95.82005283020023 pid3720
93.28762661583276  2.4136690668546965 98.11496474954215 pid36af
93.39674827985878  1.5864699519371133 96.569688183733 pid36dd
93.46575335563966  0.5631176753052074 94.59198870625008 pid36b0
93.49461467793425  2.1072645146236186 97.70914370718148 pid36d6
93.52244557310206  2.009636803674351 97.54171918045077 pid3679
93.77763120282391  1.8517334452704342 97.48109809336478 pid36fd
93.84610432705627  2.4572562158585654 98.7606167587734 pid36df
94.07903269210448  1.884006376547792 97.84704544520007 pid372a
94.11473862911079  2.359384433068199 98.83350749524719 pid35fa
94.18772680670521  2.326469545126087 98.84066589695739 pid364e
94.18872092677478  1.7271838134411985 97.64308855365718 pid3610
94.28665744321259  1.0763053717793727 96.43926818677133 pid3666
94.44521623297967  2.47063928917624 99.38649481133216 pid36c6
94.77658396010499  2.681799428742225 100.14018281758943 pid35c6
94.83213359011108  0.7313541244594038 96.29484183902989 pid368a
95.36834833333242  1.4270808391309981 98.22251001159442 pid3761
95.75041052992495  1.6375169811554495 99.02544449223585 pid3726
95.88137701995873  1.0553968619903138 97.99217074393937 pid368f
95.95816503590132  2.874000384723299 101.70616580534792 pid363a
95.98023773127157  1.653246384309556 99.28673049989068 pid3682
96.03849357419855  1.8849995598111544 99.80849269382087 pid35e9
96.15771352996356  1.3073895774569868 98.77249268487753 pid3624
96.38446549503938  1.4365178004560883 99.25750109595155 pid362f
96.54237180493291  0.5456304221267152 97.63363264918634 pid3710
97.01314761281002  2.7593886789879805 102.53192497078598 pid35da
97.07419468533351  0.6659471690212138 98.40608902337594 pid35b7
97.71623751255298  1.8649241485847727 101.44608580972252 pid3757
97.86527367733169  1.044976665606045 99.95522700854377 pid3724
98.62553626560054  2.9557854203765515 104.53710710635364 pid3777
98.839770068378  1.5645377936445621 101.96884565566712 pid3739
99.18776172571431  0.6307577767667396 100.4492772792478 pid36bd
99.46710979017669  1.3505484417885159 102.16820667375373 pid36ce
99.6582517442857  1.372031642591251 102.40231502946821 pid36e0
99.98081694132334  0.4585004751573134 100.89781789163797 pid36a2
