3.666819410883242  2.892334219304067 9.451487849491375 pideb8
3.688151510530422  2.0638734733748003 7.8158984572800225 pidec5
5.290928909189572  3.8411531401013144 12.9732351893922 pideb7
5.417283163987894  2.319163029476065 10.055609222940024 pidf03
5.993408917077292  1.8882881333423671 9.769985183762026 pided1
8.954794524521121  1.8251892870865785 12.605173098694278 pidef8
10.168254871997334  4.865036834887781 19.898328541772898 pided8
10.646267135045504  1.7321132088770526 14.110493552799609 pide91
10.771232966335022  4.909565894646493 20.59036475562801 pidee9
12.828826086756546  3.290786176629504 19.410398440015555 pideff
13.790851569142575  1.8611208740848637 17.513093317312304 pided4
14.137187497478932  2.0699997036506392 18.27718690478021 pide74
14.876785035570224  2.5706151240409394 20.018015283652105 pide9d
15.919601870055587  4.2501105831346955 24.419823036324978 pidef0
17.642559668768957  4.543569763908924 26.729699196586807 pide80
18.91252602694316  3.04938185784988 25.01128974264292 pidefd
19.597415819608813  2.924328140145797 25.446072099900405 pide95
20.302741257478345  4.020029458840595 28.342800175159535 pideee
22.781968789613313  3.9685642210110488 30.71909723163541 pidefc
23.19182330989661  3.0634372441878237 29.318697798272257 pideb3
23.253748111915893  4.987125261452713 33.22799863482132 pide8b
25.53218993563536  2.0517102548397923 29.635610445314942 pidea4
26.829144897181557  1.0005108495720179 28.830166596325594 pide7b
26.981886969713177  4.2530415620497415 35.48797009381266 pide9e
30.91551202596468  3.3409285794693964 37.59736918490347 pide99
31.067476667770084  4.09928810493013 39.266052877630344 pided9
31.62927542713767  1.7396087945173742 35.10849301617242 pidec0
31.91676338736442  2.5652925235773774 37.04734843451917 pided5
34.260609524628535  1.3230633832674763 36.90673629116349 pidedd
34.345001921244226  3.419208709356158 41.183419339956544 pidf04
34.688953754878284  2.0349531245020187 38.75886000388232 pide8d
35.2802905185815  1.1004830182322567 37.481256555046016 pide7e
35.3773158883536  3.697791248720299 42.7728983857942 pide81
35.41467401910356  4.348702773255527 44.11207956561461 pidee1
36.505051523731524  2.5307397615485097 41.566531046828544 pidea3
38.314742110977576  3.5243736013216065 45.36348931362079 pide75
39.05638407464516  4.932567987684731 48.92152005001462 pidee2
39.95294434470108  1.6081481718113957 43.169240688323875 pide84
40.16926880179946  3.995296870567047 48.15986254293355 pideef
40.64842923994342  2.2035387123712447 45.05550666468591 pidec6
42.79276646736558  2.735484914346973 48.26373629605953 pided7
43.35557756279341  1.14772553568731 45.65102863416803 pidec9
45.81160177588124  1.5222255331512642 48.85605284218377 pidec4
47.10672633275605  2.3291916016743754 51.765109536104795 pidef5
47.56261779287979  2.7056912794862407 52.974000351852276 pidee4
49.36062512379481  2.465315964265559 54.29125705232593 pided3
49.4937075600664  1.8814896171535596 53.256686794373515 pidf05
51.151494907255525  1.799354353867611 54.750203614990745 pidf06
51.165361144902505  2.222863008768399 55.611087162439304 pideaf
54.962493882115616  2.919208246728982 60.80091037557358 pideae
56.515177715595634  4.514770530075563 65.54471877574676 pide8a
60.490132011947715  4.851931213015192 70.19399443797809 pidecc
61.778168490912385  3.307177306631913 68.3925231041762 pidec3
62.97694611884261  3.293953512955206 69.56485314475303 pide8f
63.67118078101891  1.7145475350735917 67.10027585116609 pidee0
63.81864213060439  2.784779534229084 69.38820119906255 pideb5
64.5348313353196  3.684252873409115 71.90333708213782 pide79
66.35801639087644  2.1637113938649533 70.68543917860634 pidf07
69.39294750147104  1.6702372821650004 72.73342206580104 pidec7
69.50043740269324  4.500144350164614 78.50072610302246 pideb4
73.53576356991363  4.783749076609086 83.1032617231318 pidea0
74.3257984030754  4.931198468299405 84.18819533967421 pidef7
74.73393689897661  2.222126154190297 79.1781892073572 pidedc
75.4392125916153  3.0869038040233567 81.61302019966202 pide7d
76.59948701201472  4.839782851282784 86.27905271458029 pide9a
79.59696905196532  2.560728307705004 84.71842566737533 pidef6
81.13278462719683  2.8512671937348197 86.83531901466647 pidea5
83.34241142223598  4.603787643779235 92.54998670979445 pide90
86.57702298345647  4.881332450533735 96.33968788452394 pideb9
87.6426546238594  1.801867491637743 91.24638960713489 pidec8
87.77482312723386  4.463614584185635 96.70205229560513 pide9b
88.61463008674929  2.88628266237234 94.38719541149396 pide85
89.29722628836721  1.099308371919328 91.49584303220587 pide8e
89.52924637182136  1.0199212379448679 91.5690888477111 pidee5
90.1387039197907  4.591987358606796 99.32267863700429 pidecd
91.95441030734818  4.261312605533673 100.47703551841553 pideea
94.61925346807801  3.7253382925291882 102.06993005313639 pidea6
96.15408252015604  4.187088670338524 104.52825986083309 pideb1
96.62079902871692  2.8915693494173818 102.40393772755168 pideac
97.78849429171788  3.357848538935508 104.5041913695889 pide86
97.98134098946318  4.243371876654867 106.46808474277292 pidecf
99.42801707366029  1.5841677701939911 102.59635261404827 pided6
100.57689480610036  3.8736265952798656 108.32414799666009 pide83
101.13525865614855  2.396541512266578 105.92834168068171 pidf01
101.18690873419571  2.841051223108344 106.8690111804124 pideeb
102.04481116337526  1.2073549661323404 104.45952109563994 pidef1
102.73063093989171  2.9660555956378256 108.66274213116736 pidea9
102.96073187360207  4.188611826754673 111.33795552711142 pidee3
103.79348479281506  4.82246691167909 113.43841861617324 pideb0
104.4834040918995  3.2400365037320036 110.9634770993635 pidf02
105.6690499744616  3.546832354094013 112.76271468264963 pidefb
106.84824352516114  1.7700848485360847 110.38841322223331 pidedb
107.02297496700416  2.669108574372902 112.36119211574996 pidebb
108.46062044392816  1.6320573968985617 111.72473523772528 pidead
112.3653489122601  2.5499114169017867 117.46517174606367 pideba
114.39880521407503  4.622656542636422 123.64411829934787 pidec2
114.58109055507306  2.6183135524031425 119.81771765987935 pidebe
115.35511987869782  3.0955731043467853 121.54626608739139 pidebd
116.96249284208157  2.5858486719225904 122.13419018592676 pidf08
117.43912871644085  1.155978560497756 119.75108583743636 pide76
119.68461756823203  3.480351919170858 126.64532140657374 pide78
121.37972735335012  2.5193650136828993 126.41845738071592 pide7f
123.87268695123235  1.9623451698875467 127.79737729100745 pideec
126.37404004210545  4.651665075356611 135.67737019281867 pide89
127.4869726496563  3.0757364932716116 133.63844563619952 pideb6
131.7684860084425  1.3566197139499527 134.4817254363424 pidea2
131.9982299201395  2.7060213709951375 137.41027266212976 pideaa
132.03778756170868  2.9282913252930833 137.89437021229486 pidee6
132.3537614559778  4.077240613350284 140.50824268267837 pidefe
133.1197701502339  3.6274425276362035 140.37465520550631 pidf00
133.35333737571813  3.1537926180893803 139.6609226118969 pide98
133.60707423822836  4.766633046363603 143.14034033095558 pidef3
136.41719813999148  1.3963526973136138 139.20990353461872 pidf09
138.70215683485796  2.7844724787694384 144.27110179239685 pide88
139.4130724824404  4.912747903657822 149.23856828975605 pidece
139.50193792839428  2.4989413965188536 144.499820721432 pidedf
140.15378002706925  3.4156822509542635 146.98514452897777 pide92
141.41892732716005  4.100492239013208 149.61991180518646 pide77
144.89744952884593  1.4579163716107777 147.81328227206748 pidec1
145.27769951451054  2.8406831621993507 150.95906583890925 pidecb
145.98951053361702  1.2862869045275946 148.56208434267222 pideca
146.39179118267845  1.747438944787305 149.88666907225306 pideb2
148.51818270859468  1.9587826060470621 152.4357479206888 pidea7
149.47976697164276  2.374204981661422 154.2281769349656 pide8c
150.44514575271415  3.94439809490856 158.33394194253128 pidef4
150.99630618086053  4.501591967276111 159.99949011541275 pide9c
153.97278407267146  3.289729703469669 160.5522434796108 pideab
154.55921213940633  4.2577368973385905 163.0746859340835 pidee8
154.58061183605167  3.0821365717578844 160.74488497956744 pide7c
157.53972320499963  1.1580040106234244 159.8557312262465 pidef9
160.47185411380255  4.381831224309886 169.23551656242233 pidefa
164.18568619991683  4.477850362340909 173.14138692459863 pidee7
164.80913157856142  2.1846507174359724 169.17843301343336 pided2
168.2443997335957  1.6365961729404277 171.51759207947657 pidea1
169.53174694627987  1.1573374981773625 171.8464219426346 pidebc
169.64419160274196  3.839403602058153 177.32299880685827 pided0
169.75772546258378  4.791229416297111 179.340184295178 pidef2
171.04751472340703  2.929065957391937 176.90564663819092 pide82
171.06362828359465  1.9372971765856937 174.93822263676603 pideda
171.84990095430445  4.518672575750077 180.8872461058046 pide9f
173.2479061619047  2.877908867418907 179.0037238967425 pideed
173.50089218429574  1.4437743027145813 176.3884407897249 pide97
174.10431693615695  1.125962529177321 176.35624199451158 pidea8
174.3617855143587  3.85885443121318 182.07949437678505 pidebf
174.4565426454381  1.1440617371382826 176.74466611971468 pide7a
174.5889899243363  4.533259709570634 183.65550934347755 pide96
175.46428354024675  3.761725755891711 182.9877350520302 pide93
175.72795310421586  3.985468778123831 183.69889066046352 pide87
177.78672559396242  3.28569322554605 184.35811204505453 pidede
179.98643173331556  4.625544200092291 189.23752013350014 pide94
