0.14098933646778722  2.4854187580486675 5.111826852565122 pid481b
0.2778950057648366  2.6862816353742853 5.650458276513407 pid4835
0.5442767515687486  4.719177759338255 9.982632270245258 pid48b7
0.9860133341804245  4.347186644326124 9.680386622832671 pid48b6
1.4852607571628584  1.1030623458962663 3.691385448955391 pid4887
1.6266125293408495  3.0666250068582235 7.759862543057297 pid48dd
2.1794117225593523  4.025069944595344 10.229551611750042 pid480b
3.1032348329876602  2.1585588089828813 7.420352450953423 pid47f3
3.2918261098965673  2.170936715885122 7.633699541666811 pid4786
4.287911527925987  1.0702079084698122 6.428327344865611 pid4875
4.444019058884468  1.5835549208466664 7.611128900577801 pid4821
6.803372567269619  4.050237788860399 14.903848144990418 pid47cb
7.557767359814198  1.4066814055348713 10.37113017088394 pid47d9
7.7273866336675034  2.5884221986243636 12.90423103091623 pid48f8
9.321284193828083  2.713291017389464 14.74786622860701 pid4766
9.449063593104155  1.573929877502383 12.59692334810892 pid4845
9.912416814064311  4.958738721161664 19.82989425638764 pid47da
10.000410473985227  3.666476014156411 17.333362502298048 pid484b
10.18237771541884  2.521182559667738 15.224742834754316 pid489d
10.345751821860533  2.741683892382978 15.829119606626488 pid48bb
10.42668533497121  2.049370331182761 14.525425997336733 pid47f1
10.600817402988653  4.59773620845715 19.796289819902952 pid484d
11.110470351731545  3.4586691794296924 18.02780871059093 pid4881
11.472171558049562  4.644880854680586 20.761933267410733 pid4820
12.024323203764506  1.6186324711593358 15.261588146083177 pid47cd
12.495631444559423  1.3228923965773784 15.14141623771418 pid47fe
13.862983818906468  1.9897441049877935 17.842472028882057 pid483b
14.156024301037176  2.3394804521606245 18.834985205358425 pid486d
14.162294281659992  3.0117858646257805 20.185866010911553 pid48ce
14.193949261785612  2.069176662101531 18.332302585988675 pid4888
14.36078496288798  3.894310188675658 22.149405340239298 pid47d3
14.44155677678246  4.6407853031982516 23.723127383178962 pid48e0
15.781421550020438  4.701729853223085 25.18488125646661 pid48bc
15.950819781233452  2.2709737970177457 20.492767375268944 pid478e
16.270557676952173  3.185483208886628 22.64152409472543 pid47ba
16.8716747102315  1.7344622159732324 20.340599142177965 pid48bf
17.00283204526352  4.222922900877079 25.448677847017677 pid47f8
17.129536676597766  2.1534529344146454 21.436442545427056 pid4809
17.154343694881764  4.622646968128032 26.39963763113783 pid490b
17.230901321432057  2.801063226853839 22.833027775139733 pid48fa
17.60522268406721  4.631817018131129 26.868856720329468 pid488a
17.750061406374943  1.7335779288749333 21.21721726412481 pid486e
18.14367482506578  2.3601692831191694 22.86401339130412 pid481e
18.441465309020423  4.68204593529328 27.805557179606982 pid489b
18.451135274073536  2.2282948760604886 22.907725026194512 pid4894
18.55156149185372  3.561462610783805 25.67448671342133 pid4843
18.644263351011116  4.474561264508923 27.59338588002896 pid4819
19.171008693475514  1.133148112289116 21.437304918053748 pid47e3
19.34588554839359  4.262141120932824 27.870167790259238 pid4787
19.407249659674974  3.0100811824205653 25.427412024516105 pid48cd
19.952750004671103  3.091951889661393 26.13665378399389 pid47a1
20.019471358713595  2.567571739088083 25.15461483688976 pid48cf
20.342353482899064  3.5009338533565377 27.34422118961214 pid47d8
20.808927452459777  2.721365050410407 26.25165755328059 pid4770
21.308098584368814  2.1977582844789962 25.70361515332681 pid47ac
21.741246561485532  1.1173985795323862 23.976043720550305 pid4807
22.007510962980973  1.6126228929005144 25.232756748782002 pid48c0
22.55649348602349  2.8480697710847753 28.252633028193042 pid486f
23.001636920574505  1.2861358241838228 25.57390856894215 pid4892
23.056026484843425  1.2011871687951396 25.458400822433703 pid480e
23.292746729138194  4.4437997549975226 32.18034623913324 pid4846
23.603047498904182  2.3915049658344434 28.386057430573068 pid48e1
23.81244588504185  3.2211672839475467 30.25478045293694 pid4851
23.91901051150463  1.2562094191787012 26.431429349862032 pid4859
23.986790681265365  2.768878151753569 29.524546984772503 pid47d4
24.75414910112962  4.8690286546163835 34.492206410362385 pid485a
26.063142368623232  1.519322061805147 29.101786492233526 pid47f4
26.126887008594547  2.0493251019636496 30.225537212521846 pid489f
26.378089537478598  4.039474712738908 34.45703896295642 pid4752
26.64553875016052  2.6018821844362234 31.849303119032967 pid47a5
27.236626947075706  1.0634985190563788 29.363623985188465 pid4789
27.498804814751793  2.956844502223338 33.41249381919847 pid4842
27.727023196925792  2.61024994440634 32.947523085738474 pid4829
27.743126184972986  3.926285473041922 35.59569713105683 pid482e
28.213743307070093  2.7035988274046674 33.62094096187943 pid474d
28.435567786733042  1.6787645856149092 31.79309695796286 pid48e3
28.442995087213966  1.4449738073327039 31.332942701879375 pid4751
28.772729079275134  4.037471465380388 36.84767201003591 pid47a4
29.027246215745105  1.979636732787386 32.986519681319876 pid4800
29.323988482995592  2.383331085963702 34.090650654922996 pid4813
29.545791685566314  2.5786827566543162 34.70315719887495 pid476c
30.49111640840315  4.2259721836183095 38.94306077563977 pid47aa
31.514841498754937  1.020724809169884 33.5562911170947 pid4791
31.75031821063325  3.4793047212840436 38.708927653201336 pid487e
33.06304178479418  2.2876957171227144 37.63843321903961 pid476d
34.38123334283785  2.0609568686094444 38.50314708005674 pid48ae
34.52150515556807  2.782711712688093 40.08692858094426 pid483e
35.241128678117335  1.3390107027076432 37.91915008353262 pid477b
35.54100784531266  2.7454294029782886 41.03186665126924 pid47c9
36.20006727313131  4.226325656043118 44.65271858521754 pid48b9
36.29882079704784  1.0613387794279352 38.42149835590371 pid476a
36.975799966905186  3.157886379433177 43.29157272577154 pid47f6
37.16047129458452  3.965369594519803 45.091210483624124 pid47df
37.84690099808618  4.256579681538626 46.36006036116343 pid4783
38.22779978185977  2.650468807474399 43.52873739680857 pid475e
38.88045965581413  3.9529976591991383 46.786454974212404 pid4756
39.64716425735586  1.2841429307963708 42.2154501189486 pid4856
39.79865894475589  3.3496856274676654 46.49803019969122 pid4866
39.911916036966815  1.661503500760055 43.234923038486926 pid47f7
40.851764432275175  4.548659849817898 49.94908413191097 pid4799
40.86554680606142  3.165692174672509 47.19693115540643 pid4899
41.72191199570274  1.71355663826012 45.14902527222298 pid4870
41.84472795688558  1.6936421994054225 45.232012355696426 pid47b1
41.86562028048366  4.995488106064496 51.85659649261265 pid47b5
41.9033036133625  1.304233795362641 44.511771204087786 pid479f
43.213406937532376  3.422627910225686 50.05866275798375 pid4884
43.28497623128636  3.726857384975069 50.7386910012365 pid48cb
43.729193296090344  3.653945229668985 51.03708375542831 pid4775
43.95598870080997  3.8763749384006827 51.708738577611335 pid47b0
44.0030366447269  1.5725627943952403 47.148162233517375 pid48f7
44.087707897049754  3.156060173416908 50.39982824388357 pid4840
44.67109652687522  1.8384706963175375 48.34803791951029 pid4761
44.755294879756704  1.2664299111818962 47.288154702120494 pid489a
44.99555857632482  2.0368523252574042 49.069263226839624 pid4826
45.65030109962997  1.7108676320484686 49.07203636372691 pid4841
46.72737693402805  2.4871250202271367 51.70162697448232 pid48d0
46.89772284392829  1.0756437338156357 49.04901031155956 pid4810
47.238125590824055  4.855369003244074 56.948863597312204 pid4772
47.36123865592285  1.4839192965598929 50.32907724904263 pid48d3
47.66918309760134  3.495611100930238 54.660405299461814 pid484f
48.05610895494906  4.610860014581602 57.27782898411226 pid488f
48.06142741468315  3.7244950706437345 55.51041755597062 pid48a4
48.966976080869955  1.4828442393983279 51.93266455966661 pid48f1
49.37364170892519  2.825065511651454 55.023772732228096 pid47fa
50.34910019969705  3.6666115407539728 57.682323281204994 pid476b
50.440788366370256  4.477098494046633 59.39498535446352 pid481a
50.5419241598482  2.175176076318511 54.89227631248522 pid4802
51.06081087822264  2.3034862390985835 55.667783356419804 pid480f
51.21709907773992  4.603047791886851 60.42319466151362 pid48d8
51.34801949579262  4.448259344636735 60.24453818506609 pid484e
51.40877548523248  1.3151802712253344 54.03913602768315 pid4847
51.90007524355834  2.4695324304966957 56.83914010455173 pid48cc
52.00591428319086  3.5975562598685706 59.201026802928006 pid48bd
52.13665650321312  2.736746815418107 57.610150134049334 pid4834
52.22899427358291  4.122727289753135 60.474448853089186 pid4773
52.460692826829195  2.1937698077964574 56.84823244242211 pid48e5
52.685503568066274  1.5816169398460689 55.84873744775841 pid4905
52.71899035971398  3.0661937605411795 58.851377880796335 pid481f
53.53130389476097  3.0893746018511594 59.710053098463284 pid486c
54.19006799492642  2.3598119636892805 58.90969192230499 pid474f
54.25328086522121  2.948682398277566 60.15064566177634 pid482d
54.298425689645335  3.3332617736052157 60.964949236855766 pid485d
54.33179819120049  4.18674567206184 62.70528953532417 pid4833
55.391074806982196  4.082358264957341 63.555791336896874 pid48b2
55.587052734922445  1.4411110702320955 58.46927487538664 pid4771
55.98081280900072  4.934557981254457 65.84992877150964 pid4805
56.39427632188334  2.3067426791904224 61.00776168026418 pid4759
56.640993818548935  3.476661062661488 63.59431594387191 pid47ee
57.18590256413456  2.434166064721072 62.0542346935767 pid48a7
58.28245494232995  2.9891915757422787 64.2608380938145 pid47e7
58.536104283372744  1.3215089962524469 61.17912227587764 pid4848
58.631979765005916  4.354420521289931 67.34082080758577 pid47be
59.18912014774658  2.8252106384206903 64.83954142458796 pid482a
59.49712233346848  1.2771803536132542 62.05148304069499 pid47f5
59.610658854312874  1.9475595392843044 63.505777932881486 pid47c5
60.898186241014805  2.0059294708927977 64.9100451828004 pid47c7
61.32785873883639  1.4462626800249483 64.22038409888629 pid48a2
61.404388246035616  4.871152209041462 71.14669266411855 pid4797
61.81923784393006  2.101031757247158 66.02130135842438 pid48f6
62.51698424263456  1.9577060996629259 66.4323964419604 pid47f0
62.51856549446245  1.6828251685117004 65.88421583148585 pid47d1
62.709492241858605  3.9751854098892836 70.65986306163717 pid4776
63.57096897748486  3.918625906836043 71.40822079115695 pid48e2
63.813533472777436  2.9562811034352516 69.72609567964794 pid485e
64.2861820973653  3.1385824160772464 70.5633469295198 pid478d
65.11702152401935  4.798570928309027 74.7141633806374 pid48c9
66.78040219862922  2.7601029816134073 72.30060816185603 pid482f
67.38925155410911  2.292885707956455 71.97502297002202 pid48ca
67.80492124593923  2.9842205520797447 73.77336235009872 pid48ad
67.83529727375169  2.2738594384120265 72.38301615057574 pid48da
68.2716861201688  2.8738814425400743 74.01944900524894 pid4837
68.93661157791091  3.5986657451989474 76.13394306830881 pid4827
69.34337490575876  2.126630909319735 73.59663672439824 pid4788
69.43616518360103  3.783543679055438 77.00325254171192 pid4908
70.42467964086228  4.884461930880024 80.19360350262232 pid47dd
70.94670108372529  4.821471423019791 80.58964392976486 pid47bf
71.13514737564454  4.719087942245448 80.57332326013542 pid48a8
71.27640899836737  3.270942462755634 77.81829392387864 pid4836
72.17022976029165  1.049068526097935 74.26836681248751 pid483c
72.17027984241969  3.0540597193723653 78.27839928116443 pid4898
72.97817724870997  4.641804853257852 82.26178695522567 pid48c6
74.05533314344905  4.709852782834695 83.47503870911844 pid47e6
74.37026066019995  3.893418061628513 82.15709678345698 pid4804
74.4529636862  1.3856358429567797 77.22423537211355 pid4785
75.44317923031836  2.7694667397863957 80.98211270989115 pid47e8
76.14888037538505  2.99816681997695 82.14521401533895 pid4814
76.20987697492627  1.593079205500704 79.39603538592769 pid4872
76.27308094438453  3.772464647525549 83.81801023943564 pid48db
77.09436380210924  4.793496902754322 86.68135760761788 pid48ee
77.10805293538084  2.322073976534586 81.75220088845 pid47dc
78.15325578473085  3.7300330284762535 85.61332184168336 pid479e
78.35131834831031  2.0197699949614307 82.39085833823317 pid48c5
78.58641712096681  3.192317812578601 84.97105274612402 pid48c2
78.94128983526892  1.6613710622284557 82.26403195972583 pid48ab
79.19122912475483  4.157685412061987 87.5065999488788 pid48af
80.74217305073948  4.441034890864577 89.62424283246864 pid478f
80.76805730518325  1.461467656762661 83.69099261870858 pid4874
81.77145455194963  3.1072972042856266 87.98604896052089 pid4768
81.81323142444607  1.4819528443605074 84.77713711316709 pid479c
82.17016957683734  1.868514695734342 85.90719896830602 pid47d0
82.82405908011796  4.848498113913966 92.52105530794589 pid4801
83.61376044140655  3.029807539471954 89.67337552035046 pid4765
83.71524726157544  3.4095218981237347 90.53429105782291 pid4758
83.99330400575185  1.9668690413307206 87.92704208841329 pid484c
83.99957435567424  3.09960781332881 90.19878998233186 pid4831
84.80070083796855  1.4730248659067882 87.74675056978212 pid4868
86.1946165956416  3.914328719310457 94.02327403426251 pid48b0
86.92526312174363  3.1521522198531366 93.2295675614499 pid47f2
86.94545027008213  3.6261515647061935 94.19775339949452 pid48f9
87.05158134294108  4.2380807343130105 95.5277428115671 pid48e7
87.13403076630965  4.695699424891087 96.52542961609183 pid4762
87.16954339707246  2.540476905770906 92.25049720861428 pid47b8
88.03292817475625  1.936531483689902 91.90599114213606 pid48b5
88.38130744684715  2.4817132782315334 93.34473400331021 pid4873
88.46250230143016  1.9449426101585825 92.35238752174733 pid47ae
90.99824120841188  4.247953352026101 99.49414791246409 pid4855
91.05189702969729  3.2443638483186827 97.54062472633466 pid48de
91.40913819241523  2.0280700729626906 95.46527833834061 pid4803
92.04663868727039  2.4264427299938798 96.89952414725815 pid481d
92.08029550811702  3.5563581369060384 99.1930117819291 pid482b
92.13854132353244  3.3796449925717233 98.89783130867588 pid4793
92.66361875029014  4.699641805585831 102.0629023614618 pid48b1
93.61842457487828  4.574513877543454 102.76745232996518 pid483a
94.08215506909417  3.4060424068924826 100.89423988287913 pid4876
94.20872175449693  2.0023422768518464 98.21340630820063 pid488c
94.73327903699597  2.820554461838494 100.37438796067295 pid4877
94.74645447113822  4.827672928979515 104.40180032909726 pid477f
94.81835912642401  1.9713832975168146 98.76112572145765 pid48c4
94.99099632492423  2.1591986626770474 99.30939365027832 pid483f
95.0172299303115  4.2680380939317795 103.55330611817506 pid4882
95.29579796962953  4.7958727915761585 104.88754355278185 pid4794
95.43395530686713  1.88388522217234 99.20172575121181 pid4769
95.62145354659833  4.650037296154052 104.92152813890644 pid4763
95.68824628617313  4.56333076232168 104.81490781081649 pid4753
95.85382570427242  3.788155489090387 103.4301366824532 pid4900
96.32966074372591  2.6388043834989183 101.60726951072374 pid4839
96.55824700267337  1.2027597275577597 98.96376645778889 pid48a0
97.5589724286675  1.389629682735511 100.33823179413852 pid4906
97.65598649766895  1.457955702036823 100.57189790174259 pid48ba
97.73458710476659  3.0645732066410245 103.86373351804863 pid48ec
97.81051386161428  4.525766037460848 106.86204593653598 pid4880
97.92134716285108  1.091463181208757 100.1042735252686 pid478b
98.65226785303884  2.0381596733888574 102.72858719981654 pid47ca
98.69760159822113  2.269406934400554 103.23641546702224 pid4869
98.96477221119058  3.614024259622745 106.19282073043607 pid476e
99.45698004132268  3.3900613442293377 106.23710272978136 pid4907
99.60901562285743  2.068860086377502 103.74673579561244 pid47a9
99.71045837671348  4.176911232466345 108.06428084164617 pid4897
99.75467730025079  4.924621901435314 109.60392110312142 pid4895
100.15298228687338  4.006564835514604 108.16611195790259 pid47ab
100.21139747017199  2.369215757751967 104.94982898567592 pid48fd
101.78787659102437  3.541651346201319 108.87117928342701 pid4817
102.48453405227366  1.6243616641504701 105.7332573805746 pid48ed
105.26994625591851  4.709999948846402 114.68994615361132 pid4854
105.30517576399443  2.9390826913546486 111.18334114670373 pid488d
105.35598949809854  3.951212001009784 113.25841350011811 pid479d
105.97233102546656  4.277233608925158 114.52679824331688 pid4828
108.18347430092561  1.9210481292318486 112.02557055938931 pid4865
108.23355757277113  1.3078758233538386 110.84930921947881 pid489e
109.7292047773852  2.5303967368248697 114.78999825103494 pid47d5
109.82563171482181  1.5055299933602009 112.83669170154221 pid47b6
110.28373591464359  1.680060051356794 113.64385601735718 pid4798
110.36453611598404  1.5742088172931905 113.51295375057042 pid48fb
110.86538209117816  2.5688552933345137 116.00309267784719 pid48e6
110.88976832213162  2.0798341503783275 115.04943662288827 pid47fc
111.10561900326641  1.067231247551507 113.24008149836942 pid486b
111.17666616226177  4.064252081157338 119.30517032457644 pid47a3
111.9230986812901  2.4040345018134137 116.73116768491693 pid4878
112.04799718103092  1.1495323023669242 114.34706178576477 pid4808
112.13658866548819  1.1295188648633272 114.39562639521485 pid480a
112.5629307827102  1.4209276449449488 115.40478607260009 pid487b
112.69460831142489  3.8779013416744545 120.45041099477379 pid475c
112.71111852056006  2.659741692241932 118.03060190504392 pid48d7
112.92070472622275  4.842376259851614 122.60545724592598 pid4815
113.01602465395003  2.4389402232094284 117.89390510036888 pid4849
113.36514269846279  1.0662301278453072 115.49760295415341 pid48b4
113.61961719183503  4.330745985328455 122.28110916249194 pid4767
113.73880294865438  4.093927600272822 121.92665814920002 pid48f0
114.22963876049032  1.2644281453364248 116.75849505116317 pid4850
114.68724914815024  1.0438766481638764 116.77500244447799 pid488e
114.8810478574966  3.553856590828493 121.98876103915359 pid4864
114.94899042419941  2.021435985573325 118.99186239534606 pid48f4
115.00225658179986  2.978827090350893 120.95991076250164 pid4852
115.29757378625303  3.74365534680026 122.78488447985355 pid4792
115.42746080487198  2.526263255936868 120.47998731674572 pid47cc
115.56900151287238  1.1978257173443345 117.96465294756105 pid484a
115.6600412100779  3.4286109375989224 122.51726308527576 pid48c8
115.75684504830916  4.565218124671311 124.88728129765178 pid48fc
116.01977032735081  4.730194705565101 125.480159738481 pid47d6
116.62781630107635  3.862728897721836 124.35327409652002 pid48f3
116.6456598075683  4.812128150077057 126.26991610772241 pid47c2
117.60838971600438  1.3328001199897996 120.27398995598398 pid482c
118.72804263095635  3.8056350845052873 126.33931279996693 pid4886
118.99476274157796  1.50713063163272 122.0090240048434 pid47c6
119.14171564153744  1.4810668222752117 122.10384928608786 pid48c1
119.51809427448302  4.660128864103226 128.83835200268948 pid488b
120.26502675466065  4.4312297343183005 129.12748622329724 pid47af
120.44113155542432  1.2177562361178484 122.87664402766002 pid489c
120.60019274945225  2.1055955242029487 124.81138379785814 pid48d6
121.10921619789924  2.26860700727197 125.64643021244318 pid4838
121.68386272872824  4.785900854688445 131.25566443810513 pid4902
121.68979258618397  1.030741926247725 123.75127643867943 pid475d
122.62809460043269  4.854526200938823 132.33714700231033 pid477e
123.138811975622  3.2328505506928775 129.60451307700777 pid477a
123.5392659726012  2.5736273675389394 128.68652070767908 pid475f
123.58030184449035  4.197994423715434 131.9762906919212 pid4890
123.65185461979516  2.153620874359864 127.95909636851489 pid474e
123.67110956313992  4.177797578571106 132.02670472028214 pid48fe
124.08147889268275  4.795150717460379 133.6717803276035 pid48ac
124.73161616175081  3.2329407136526025 131.197497589056 pid47e5
124.87311381763318  4.466300634935733 133.80571508750464 pid47c4
125.03614522537099  3.8639489902539923 132.76404320587898 pid48a1
126.31345420532251  2.420678679654394 131.1548115646313 pid47ea
126.53059756751708  4.077164267942857 134.6849261034028 pid4818
126.74216297715517  3.7033670438980897 134.14889706495134 pid48b8
126.77095413120462  3.408037168689076 133.58702846858276 pid4903
126.89005681454606  1.6634183193672358 130.21689345328053 pid4889
127.13312203396434  4.49427074841203 136.1216635307884 pid476f
127.29020521549943  1.07718471443399 129.4445746443674 pid48eb
127.9610872694092  1.8807538013836562 131.72259487217653 pid48be
128.18055624932046  3.320283388568784 134.82112302645803 pid47c0
128.84047900558505  3.1180243878719143 135.07652778132888 pid47ef
128.95035283109004  3.508638769305253 135.96763036970054 pid47ec
129.3464204217366  3.594618785499647 136.5356579927359 pid474a
129.37079571480672  1.9539116226541267 133.27861896011498 pid47d7
129.79795249328953  2.657868659812564 135.11368981291466 pid4853
130.04090073460134  3.378408346875413 136.79771742835217 pid475a
130.20130955928857  4.950545891152364 140.1024013415933 pid4754
130.2312056547592  2.6154852684315673 135.46217619162235 pid4822
130.37301279047483  4.6673273501705825 139.707667490816 pid47a2
130.46096715328295  4.001569954484653 138.46410706225225 pid47ce
130.87572139077145  3.868512197419594 138.61274578561063 pid4862
131.50842396855725  3.129160005663548 137.76674397988435 pid4784
133.17208848551442  4.753007006090245 142.6781024976949 pid48a5
133.86965331851513  2.9351328965907957 139.73991911169674 pid47a8
134.25787788761193  4.749866960554986 143.7576118087219 pid48ef
134.35325084062853  4.064240185250087 142.4817312111287 pid4893
134.49358654495686  3.7782691825049115 142.05012490996668 pid4764
134.55337326640426  1.5150809405911874 137.58353514758664 pid490a
134.92194538973143  1.5316868800351946 137.98531914980182 pid487d
135.17956323210808  4.5085694796253994 144.19670219135887 pid47a7
135.64571150989806  3.4772904661847672 142.6002924422676 pid47e0
135.66356260480217  2.3294009828603466 140.32236457052286 pid487a
135.80034495989634  1.2147342938716568 138.22981354763965 pid47ff
136.17690390418778  2.763858265441447 141.70462043507067 pid47ad
136.29735696303263  1.7294522927486087 139.75626154852984 pid4782
136.40688626821697  4.974625362834805 146.35613699388657 pid48d4
136.73807024332496  3.726237636011734 144.19054551534842 pid4909
137.09931532009762  1.447672066473498 139.99465945304462 pid48e9
138.0683194920639  4.109076700967833 146.28647289399956 pid475b
138.5455437725951  4.992632945533677 148.53080966366244 pid487c
139.55953247603733  2.3848481038351523 144.32922868370764 pid47e4
140.81997262836146  1.4315350674371872 143.68304276323582 pid47a0
140.91752505194987  2.636014221084722 146.1895534941193 pid4796
141.39857648466187  1.9493379649244162 145.2972524145107 pid48dc
141.52543450265176  1.3184137202545743 144.1622619431609 pid47b3
143.4631950405941  2.4255008889955 148.3141968185851 pid47eb
143.96907445854083  2.9432471394889688 149.85556873751878 pid4812
144.03822003579737  4.842420008425168 153.7230600526477 pid4778
144.04582542442537  4.725326458279049 153.49647834098346 pid48e8
144.44448694752018  4.452980548655308 153.35044804483078 pid48f5
144.4623611722303  3.3494439951307724 151.16124916249183 pid4780
144.68699842660956  1.5849984628427265 147.85699535229503 pid4750
144.75300484132984  3.5341041880273525 151.82121321738455 pid47b4
144.86137509821643  1.9570005767421752 148.77537625170078 pid4830
144.9674997970841  3.205130475518817 151.37776074812172 pid47db
145.20113518705534  2.9482018224963316 151.097538832048 pid4867
145.39923495652624  3.08994914647859 151.57913324948342 pid47e2
145.45717565103388  1.7509217540930813 148.95901915922005 pid47b7
145.6059769382915  1.7699892942764208 149.14595552684432 pid48c7
146.20365176158788  4.274180918448493 154.75201359848487 pid4781
146.42698863826718  3.8548094570799063 154.136607552427 pid4832
146.9485951439731  2.0076677474737425 150.9639306389206 pid478a
147.23480848256798  4.7916428994361855 156.81809428144035 pid48a3
147.3268302820582  1.7531301264183 150.8330905348948 pid4885
147.95440286912174  3.864827280595577 155.6840574303129 pid47c8
148.68283715085522  4.094517062772473 156.87187127640016 pid48ff
149.39358995910538  2.8610931327847586 155.1157762246749 pid47fb
149.81006403709458  2.4127328616619628 154.6355297604185 pid479b
149.85697937961157  1.5773807085242533 153.0117407966601 pid4901
151.14869050603622  2.6415191122480643 156.43172873053234 pid4823
152.88316927170965  3.533385720272609 159.94994071225486 pid474b
152.995869396965  4.727570853157438 162.45101110327988 pid4790
153.75304786159973  2.0917581253176762 157.9365641122351 pid487f
154.02500831404964  3.603660141484431 161.2323285970185 pid4774
154.03292244031584  4.817509162459704 163.66794076523524 pid4811
154.64319810520308  1.527232268017587 157.69766264123825 pid48d9
154.7379072718065  1.230523800334609 157.19895487247572 pid47ed
154.78745560674142  1.1003464205549212 156.98814844785127 pid4891
155.04080297929264  4.681321228196241 164.40344543568511 pid48e4
155.0684830116607  1.515109615873397 158.0987022434075 pid483d
155.83479839575284  4.547496110186592 164.929790616126 pid480c
155.88170073786569  3.8665989539736016 163.6148986458129 pid4896
156.2097159760824  4.794657190185526 165.79903035645347 pid474c
157.01722810336548  1.6895672242518311 160.39636255186915 pid47b9
157.47249787910465  2.324660992875218 162.1218198648551 pid480d
157.82481750288548  4.95937962546347 167.74357675381242 pid4861
158.25349330969703  2.250682294520209 162.75485789873744 pid4779
158.3141109554709  3.4127859353066854 165.13968282608428 pid47de
158.5466155435153  4.375731539439217 167.29807862239372 pid48df
158.62303775219712  4.251689086383475 167.12641592496408 pid48a6
159.5788265954236  3.2828662201305767 166.14455903568475 pid478c
159.78591791967793  3.3611835444454936 166.50828500856892 pid48c3
160.23166745127702  4.287903261665824 168.80747397460865 pid485b
160.40581866492337  2.845823298847338 166.09746526261804 pid4871
160.5447546195943  2.3202037334281216 165.18516208645053 pid4825
161.07850218446384  4.566898571448895 170.21229932736162 pid48d2
161.31472892321779  1.2455506958239995 163.80583031486577 pid47e9
161.40866046339323  2.7100324180549853 166.8287252995032 pid48d5
161.49387547224757  4.156976851211425 169.80782917467042 pid4879
161.53786863302912  3.401021733894981 168.33991210081908 pid485f
161.68446769939496  2.462898924983014 166.61026554936097 pid4816
162.8703730002758  3.8925530577627736 170.65547911580134 pid47c1
163.20941343614197  3.4873593939300207 170.184132224002 pid4844
163.8677153451492  3.5984953441653067 171.0647060334798 pid477d
165.99510277747368  3.464938944002567 172.9249806654788 pid4883
166.09131422464702  4.102886849363259 174.29708792337354 pid4760
166.11792201255017  3.804621200840573 173.7271644142313 pid47bd
166.5662798167115  3.1866904915932976 172.9396607998981 pid4860
166.7539424466057  1.2396270956734852 169.23319663795266 pid48a9
167.07366577043135  3.5034412341880756 174.0805482388075 pid4904
169.45470023813533  3.9093152374944484 177.27333071312424 pid4863
170.23505877158652  3.346041463070273 176.92714169772708 pid48aa
171.11700342324926  3.887826297450065 178.89265601814938 pid477c
171.5758371715312  2.7423668548626523 177.0605708812565 pid47b2
171.69333355583655  2.185126284924849 176.06358612568624 pid48ea
171.76802987312797  4.038608499208673 179.84524687154533 pid4757
171.8270346263044  1.6742921551036658 175.17561893651174 pid4857
171.8859955285119  4.802663947894663 181.4913234243012 pid47f9
172.05665194212068  4.794676861096534 181.64600566431375 pid4795
172.6032259445446  4.483091134129387 181.56940821280335 pid47bb
173.25690643707094  3.3484180837057873 179.9537426044825 pid4824
174.22273077684946  1.6573571641040812 177.53744510505763 pid48b3
174.26957833263242  2.4964294129741824 179.26243715858078 pid485c
174.39474189833032  4.3416342886543315 183.078010475639 pid4806
174.98391129189847  3.4013029808782362 181.78651725365495 pid47cf
175.02970339834425  3.0919766140375113 181.21365662641927 pid486a
175.05174048957159  2.891383387572426 180.83450726471645 pid47bc
175.06404956626292  2.071749496879687 179.2075485600223 pid48d1
176.05785468512153  1.988006916902517 180.03386851892657 pid47a6
176.07600418450593  2.0106998941989254 180.09740397290378 pid48f2
176.35122362630506  1.9614284328582294 180.2740804920215 pid4858
176.56157191930686  4.695326783318014 185.95222548594288 pid481c
176.75452770392846  4.654704795985149 186.06393729589877 pid479a
176.96174655042435  2.7780352134967314 182.51781697741782 pid4755
177.48028799822342  3.0514829751347734 183.58325394849297 pid47fd
177.54449152073138  2.052388798892771 181.64926911851694 pid47e1
177.76144724273317  3.4947935192020947 184.75103428113735 pid4777
179.32245225783652  3.7772330838580355 186.8769184255526 pid47c3
179.77908860373972  3.450327408660466 186.67974342106066 pid47d2
