0.1920775028924515  2.4555366931031353 5.103150889098722 pid192d
2.312338157937377  1.7787628663771624 5.869863890691702 pid1988
2.486686300482588  2.610946386346124 7.708579073174836 pid1902
2.92677492821799  2.6657080799546065 8.258191088127203 pid1900
2.947428877524938  0.6391654946983165 4.225759866921571 pid192a
4.024592925073545  1.1350567681421082 6.2947064613577615 pid1916
4.083617108833948  2.3223507219694435 8.728318552772835 pid1915
5.218269398460807  1.7719059772491343 8.762081352959076 pid195d
5.772441427409925  0.9805417382824112 7.733524903974748 pid197e
5.82589176786662  1.6342774664882613 9.094446700843143 pid1905
6.026681037313231  2.9891808136410263 12.005042664595283 pid196f
6.388193879585313  2.032389510475925 10.452972900537162 pid194f
7.1099441237934435  0.5475182363263439 8.20498059644613 pid1965
7.110718028089014  2.9984941432565297 13.107706314602073 pid1907
9.322817352341751  1.4269211109357052 12.176659574213161 pid191a
9.719550950206045  2.652768630353671 15.025088210913388 pid1967
11.190800660584255  1.7582611195251823 14.707322899634619 pid197f
11.709549130273778  2.102205363385568 15.913959857044915 pid193c
11.747589077701171  0.7705962668799642 13.2887816114611 pid193d
12.008420598460201  0.9614084583741318 13.931237515208466 pid196b
12.09526742835666  2.2071329544374505 16.50953333723156 pid191f
12.638121361402321  1.531169024565798 15.700459410533917 pid190d
16.37528885817693  1.2028575925459055 18.78100404326874 pid190c
16.888993955582045  1.9293289194106982 20.747651794403442 pid1992
17.261333715083538  1.820719177063268 20.902772069210073 pid1966
17.795133780376382  2.8500331950097832 23.495200170395947 pid1943
18.95604234403696  1.2234938299346498 21.40303000390626 pid1987
19.184134305728172  0.98515914025569 21.15445258623955 pid1947
20.56006141233303  1.419063061501873 23.398187535336778 pid190f
20.96834657265082  0.4914795689909727 21.951305710632766 pid197c
21.138520965443817  1.8054381423153925 24.7493972500746 pid1995
21.247212306748033  1.213222330629606 23.673656968007244 pid197b
21.571678696438635  1.4746475314197829 24.5209737592782 pid1975
22.49100186269156  1.9259415893195242 26.34288504133061 pid1984
22.823566947545725  0.9430228352498751 24.709612618045476 pid1939
23.349327368016183  1.9368642989594815 27.223055965935146 pid1908
23.545290574399623  1.6914048691860408 26.928100312771704 pid1918
24.278442303138437  0.9778129073474998 26.234068117833438 pid1977
25.403893880117433  0.4816729386818864 26.367239757481205 pid1924
25.538864712783482  1.9253415622126298 29.38954783720874 pid1914
26.886587854469358  0.43719929897672316 27.760986452422806 pid196e
29.806019924708473  1.4204681140038495 32.64695615271617 pid1904
30.072493989630722  1.6422705385711027 33.35703506677293 pid1991
30.900353835243255  2.020651861425673 34.941657558094604 pid191b
31.25434043176828  1.4583848596604212 34.171110151089124 pid193a
31.55887213059775  0.8579108201451137 33.27469377088798 pid194c
31.653913785517084  1.90934994041432 35.47261366634572 pid1963
32.00893156995779  2.593477648063597 37.19588686608498 pid190b
32.150850741077306  1.8718047793020722 35.89446029968145 pid1985
33.91220291189835  1.0716074962986573 36.05541790449566 pid1906
33.968948287655664  0.45799267810941896 34.884933643874504 pid198f
34.05161980071632  2.7880629464689477 39.62774569365421 pid1928
35.021259290885034  2.4542714937323646 39.92980227834976 pid1952
36.646518906811785  2.2592037477564273 41.16492640232464 pid1957
37.30684200592076  1.6001348323716287 40.50711167066402 pid1910
37.50031357520853  1.0777821738719653 39.65587792295246 pid1932
37.513082350128535  2.4404945245322676 42.394071399193066 pid1925
37.885254687823114  0.9660676544497965 39.81738999672271 pid1960
37.987717811187096  1.317641643433059 40.623001098053216 pid1968
38.34655347044927  2.9161195222318015 44.17879251491288 pid1970
38.34688808977238  1.1903345435900903 40.72755717695256 pid1944
40.581011731154106  1.2356919692728427 43.05239566969979 pid1964
41.30185503861957  2.0783155873222814 45.45848621326414 pid1986
41.910912050576954  2.951166626604271 47.81324530378549 pid1926
45.2814205241419  2.7563330260752026 50.79408657629231 pid1942
46.077516703261644  0.8791690922559283 47.8358548877735 pid194a
46.39264716429289  1.8177445938517507 50.02813635199639 pid191d
47.67884228685596  0.6409785098662025 48.96079930658836 pid191c
47.81954829753525  0.7753619358520908 49.37027216923943 pid1917
49.78499310208768  1.8807380063870753 53.546469114861836 pid1949
49.94003455005731  1.4016821989828516 52.743398948023014 pid1946
50.104836064691646  2.3810565897866702 54.86694924426499 pid1903
51.5669038909637  1.3454284466259456 54.25776078421559 pid197d
52.34139579222498  2.6458267137899574 57.633049219804896 pid192e
52.541336197722934  1.8875082499522535 56.316352697627444 pid193f
52.63677543859223  2.032742115577094 56.70225966974642 pid192c
53.58306606393929  2.9270741329566117 59.437214329852516 pid196a
54.74807151515604  1.7691520794242264 58.286375674004496 pid1959
55.398010473367684  2.087711457054492 59.57343338747667 pid190e
57.68522339121254  1.068805662259249 59.822834715731034 pid197a
58.86759891446394  1.6591454833522103 62.185889881168364 pid195e
59.0139494740341  2.704647104185225 64.42324368240455 pid1978
60.3716867725961  0.8231038949834011 62.0178945625629 pid1940
61.590048817892686  2.605988127635434 66.80202507316355 pid1950
61.62326435733417  2.129402052346922 65.88206846202802 pid1953
63.04639238662835  1.0175745634825593 65.08154151359346 pid1936
63.46803168270332  1.8105710660809877 67.08917381486529 pid1921
63.94351878810313  2.202520251636085 68.3485592913753 pid1945
64.32528445579675  1.8196633560388835 67.96461116787451 pid1913
64.6165056404875  2.0540400947846678 68.72458583005684 pid1920
64.90698473529282  1.0177721371680584 66.94252900962894 pid1973
65.61140852926705  1.3840618121709307 68.37953215360892 pid198e
67.31903184026713  1.964211266619576 71.24745437350629 pid1974
67.58573325775276  1.625525621501469 70.8367845007557 pid1980
67.63584639300645  0.7364514459510576 69.10874928490855 pid1935
67.74992347731475  2.498448839559686 72.74682115643412 pid1941
68.28633048078238  1.941526149574432 72.16938277993124 pid191e
68.49272800098363  0.675918781200331 69.8445655633843 pid198b
69.81038708839633  1.0955377452674706 72.00146257893127 pid1956
69.86267919539652  1.1751098576282988 72.21289891065312 pid1930
70.21969048240494  1.233327336039121 72.68634515448318 pid1919
70.46931167595393  0.6074926842081194 71.68429704437017 pid195f
70.92898236784536  0.44108153308408016 71.81114543401353 pid193b
71.9835776357163  1.5933292270879704 75.17023608989224 pid1972
73.54492676992396  1.5764435985535146 76.697813967031 pid196c
73.6936765394408  1.685554400946923 77.06478534133464 pid1912
73.72655266877783  1.2628659155928563 76.25228449996354 pid1937
73.73713939336504  1.9357280872891947 77.60859556794342 pid1931
74.19696849979626  0.9746989082211844 76.14636631623863 pid1909
74.36859712128104  1.0843503894971804 76.5372979002754 pid1982
74.4846978792874  0.4598370217467345 75.40437192278087 pid1929
74.63596248407107  2.0781581532887405 78.79227879064855 pid1954
75.82808999441137  0.7013510991806461 77.23079219277267 pid1962
75.89235183231115  2.800715895707565 81.49378362372627 pid196d
76.16537803893145  1.086898358014752 78.33917475496095 pid192b
76.66068040268672  1.0172879916764388 78.6952563860396 pid195a
77.03049360826324  0.5808591524978894 78.19221191325902 pid190a
78.54704273970839  2.0156595250616447 82.57836178983167 pid194d
78.57816417872198  0.48709896385983437 79.55236210644165 pid1933
78.74779192803993  1.7346374538728813 82.21706683578569 pid1958
80.31750360592555  1.3291931880478418 82.97588998202123 pid1961
81.53789483009425  2.6564053982389746 86.85070562657219 pid1990
81.9578600555688  1.0832166370950755 84.12429332975896 pid1976
82.52399475383932  1.0932967672471399 84.7105882883336 pid194b
83.06920885659642  1.8468225026958818 86.76285386198818 pid1983
83.60625569604517  1.7409466648906018 87.08814902582637 pid1948
83.84325819310394  0.5944404549189758 85.03213910294188 pid198c
83.89362117881315  0.8689624698703564 85.63154611855386 pid1951
84.37233373964392  1.97916981986023 88.33067337936438 pid1938
84.59848033933291  1.6665195010945437 87.93151934152199 pid195c
85.02998950999864  2.233263739476138 89.49651698895092 pid1934
86.73241792553544  1.1234212363646217 88.97926039826469 pid1993
87.29266437485865  1.992692006845831 91.2780483885503 pid1994
87.57900936098453  1.5119777334474938 90.60296482787952 pid194e
88.54616433942543  1.5370180808187541 91.62020050106294 pid1971
88.76103651654016  1.4523141626509615 91.66566484184209 pid1955
89.70412511977631  2.450185926183453 94.60449697214321 pid1911
91.31732176956601  2.4124871065622857 96.14229598269058 pid1922
92.02723738635285  2.5598823443010414 97.14700207495494 pid1979
92.09280245376246  0.440525090518746 92.97385263479995 pid1981
92.27303564611633  1.5494387532528857 95.3719131526221 pid1989
92.46934858043281  2.6830993274033705 97.83554723523955 pid198d
92.74242012400885  1.1149603203915328 94.97234076479191 pid1901
93.03557361803871  1.4420084510618008 95.91959052016232 pid1969
93.44901076593473  0.8857374746383491 95.22048571521142 pid1927
93.5712541879546  2.429697857532988 98.43064990302057 pid1923
93.99478819605474  1.8260891018461352 97.64696639974701 pid198a
96.58696809915567  0.49292217713397646 97.57281245342362 pid192f
99.2293567560882  2.0103786146411635 103.25011398537052 pid195b
99.65835539113347  1.0918973693073122 101.84215012974809 pid193e
