1.2120549410142345  1.417927488807521 81.21205494101423 pida24
1.2484018188415824  1.984367499601827 81.24840181884159 pida41
1.9970757035028763  1.8639101423275413 81.99707570350287 pida32
2.080690955545983  1.6522432935975289 82.08069095554599 pida16
3.6627215846362358  1.8461204433209233 83.66272158463623 pida39
3.871935055828563  1.1528360494241234 83.87193505582856 pida1f
3.876349340352708  1.017476630004222 83.8763493403527 pid9d3
4.083075265087349  0.9888125711493114 84.08307526508734 pid9ea
6.060173377306411  1.9700357412782914 86.06017337730641 pida30
8.797716390472054  1.0814830895584688 88.79771639047206 pid9cc
8.819783446887936  1.7834350625382749 88.81978344688794 pida0e
9.198165915131124  1.02985032326227 89.19816591513113 pida59
9.209662945859288  0.8621156279877349 89.2096629458593 pida08
11.42200437258072  1.2305156995129096 91.42200437258072 pida06
12.507163920264864  1.731086163311388 92.50716392026486 pida10
12.706063877862222  1.6361336538660527 92.70606387786222 pid9f4
14.060099122690506  0.5432176649662939 94.0600991226905 pid9ff
15.016627330008225  1.5759495192343975 95.01662733000822 pida00
15.348539798331712  0.6410244723131528 95.34853979833171 pid9d5
15.364548825937863  0.7200470562640751 95.36454882593786 pida02
16.4721358187661  1.9582937130931508 96.4721358187661 pida47
16.77632746027595  1.8826561324523674 96.77632746027595 pid9c6
16.97600942418355  1.9136660284453337 96.97600942418356 pid9c5
17.416828629428228  1.5775141689940795 97.41682862942822 pida09
18.143454098207073  1.4798884757243067 98.14345409820707 pida2c
18.302942953029355  0.836297954976114 98.30294295302936 pida20
20.781202105718027  1.09241487832847 100.78120210571802 pid9fb
22.66484161354675  1.0292371249755257 102.66484161354674 pid9cb
22.733020634975524  0.9468625603257668 102.73302063497553 pida37
24.52038455458792  1.6315833321065267 104.52038455458792 pid9ec
25.078097038753906  1.805554233166898 105.07809703875391 pida55
25.752406190373545  1.2682285882677076 105.75240619037355 pid9ef
26.051806876085916  1.6981699369041345 106.05180687608592 pida33
26.23229974754379  0.6241345063185126 106.23229974754379 pid9f7
26.84560616829037  1.725714202339104 106.84560616829037 pida3a
30.069920253849585  0.868435167472928 110.06992025384959 pida28
30.075195897240945  0.6669885857016311 110.07519589724095 pid9e4
30.34520317461772  1.6356793319441345 110.34520317461772 pida1e
30.728129329757103  0.9758777544107058 110.72812932975711 pid9d0
32.628680897455475  1.604991938028507 112.62868089745547 pida36
33.933770051117435  0.9364345988644371 113.93377005111743 pid9e0
34.53589994258361  1.69488704813142 114.53589994258361 pida46
36.33313172964809  0.6062702305837069 116.33313172964809 pida17
37.005723094523866  1.1620230228841364 117.00572309452386 pida4c
38.33429797372002  0.6568663033957507 118.33429797372003 pida12
39.94723666307625  1.695765317038881 119.94723666307624 pid9d7
40.99134542832828  0.7970914193506522 120.99134542832829 pida0f
44.65051165839087  1.3359101706481515 124.65051165839087 pida0c
48.422659725089254  1.296728664989443 128.42265972508926 pid9f9
51.2357228126298  1.037116101511383 131.2357228126298 pid9e9
52.0441013474836  1.575093138495744 132.0441013474836 pid9f3
53.58015880496419  0.9202719187005781 133.58015880496419 pid9e6
54.38592353171426  1.844555699032421 134.38592353171427 pida13
54.78390901256823  0.5893876540901111 134.78390901256824 pida53
55.626267493179114  1.2753506196086635 135.6262674931791 pida3b
56.18835898981024  1.5301738175601378 136.18835898981024 pid9f2
56.33247115078449  1.6702376307895825 136.3324711507845 pida3e
56.45403446574371  1.8905410930657403 136.45403446574372 pida48
56.87087770831178  1.032953123239035 136.87087770831178 pida58
57.82901397935909  1.7089417652794572 137.8290139793591 pida3d
58.958868306737266  0.8686532921100366 138.95886830673726 pida1b
60.22876370619279  0.87187631274524 140.22876370619278 pida03
61.16774912459215  1.0942556749210655 141.16774912459215 pid9e2
61.323417445106344  1.6433592955087073 141.32341744510634 pid9fc
63.416127848349426  0.8295264791735808 143.41612784834942 pid9d8
64.02076882964283  0.620487361544708 144.02076882964283 pida0b
64.81667868789552  1.5724370565239756 144.81667868789552 pid9ee
66.06168166867215  1.839721609801551 146.06168166867215 pida1d
68.41997027089513  0.5149553897197978 148.41997027089513 pida51
68.95947807719723  1.1802751160901885 148.95947807719722 pid9d4
69.77012582590237  1.2458791343777242 149.77012582590237 pida18
70.59638021465187  1.7556989653845958 150.59638021465187 pid9df
70.63417711328621  0.5017437983910868 150.63417711328623 pida45
71.03426683569698  1.015155623839149 151.034266835697 pida15
71.0777745551478  1.8301118159258718 151.0777745551478 pida2b
71.18569717858587  1.1412828363635437 151.18569717858588 pid9e3
71.3077524574409  1.2112885331305905 151.3077524574409 pida3f
71.49935600676093  1.0626320990389895 151.49935600676093 pid9f1
72.30779428137033  0.5431182126622522 152.30779428137032 pid9fe
74.54791033682747  0.828032728835119 154.54791033682747 pid9dc
75.81425279400862  1.2956236085474244 155.8142527940086 pida4d
77.22742548200914  0.834958420957584 157.22742548200915 pida42
77.80644542268752  1.5590923420366598 157.80644542268752 pida52
79.89509383276621  1.2390239786479782 159.8950938327662 pid9e1
81.01979491938357  1.9440630487575346 161.01979491938357 pida40
82.08011046225478  0.8833151081308066 162.08011046225477 pida2a
82.1109157351954  0.601063604325329 162.11091573519542 pid9d9
83.97206130417872  1.125131542490601 163.97206130417874 pida3c
84.60576337097834  0.8637697033862238 164.60576337097834 pida04
85.03874647330449  1.5629676847150353 165.03874647330449 pida2e
85.33662345204364  1.9470142264450905 165.33662345204363 pid9ca
86.51960719621414  1.4260498399267125 166.51960719621414 pid9c8
89.14769798063803  0.7694904859333541 169.14769798063804 pid9c7
89.79080544823825  0.9511998587707999 169.79080544823825 pida27
91.38955937320257  1.6374669364623589 171.3895593732026 pida14
93.55102915329529  0.6002436633754192 173.5510291532953 pida4e
94.31106200098954  1.9803343237552977 174.31106200098952 pida05
95.39876303378824  0.7332417729181239 175.39876303378824 pida21
95.8545944169399  1.3023333961224381 175.8545944169399 pida44
96.99935262191704  1.008160324504227 176.99935262191704 pid9fd
97.23377705629842  0.5094412906325394 177.23377705629844 pida29
98.71543373529981  1.7903621309518172 178.71543373529983 pid9e8
99.84055245474961  1.7469321706572196 179.84055245474963 pida2f
100.21284351645913  1.5660803753506167 180.21284351645915 pida26
100.61149920412828  1.9240581730564268 180.61149920412828 pida07
102.81022677036724  0.9963270620513272 182.81022677036725 pida50
105.47687440137953  0.7290805614705329 185.47687440137952 pid9d6
105.70052505320774  0.5438240907714662 185.70052505320774 pida11
106.20359974067372  1.515329322135621 186.20359974067372 pida4b
106.78009313334579  0.8979326165383745 186.7800931333458 pida54
107.41265332124125  1.209665239325596 187.41265332124124 pid9c9
110.50180203630597  0.8977850319898784 190.50180203630597 pida0d
112.29568039339247  0.8097939854153692 192.29568039339247 pida22
112.44242018270698  1.6127108930529674 192.442420182707 pid9f8
112.82796538408952  1.1168358734688413 192.8279653840895 pid9cd
114.51505013538348  1.9638307735573848 194.5150501353835 pid9cf
115.73457038482144  0.5307270468152079 195.73457038482144 pid9d2
116.90078076762417  1.003928479219024 196.90078076762416 pid9de
117.20813370024595  1.477232055320036 197.20813370024595 pida1c
121.66859734992765  1.5245591812993498 201.66859734992767 pid9e5
123.59336126611682  0.7719821949960097 203.5933612661168 pida57
126.20407857912909  0.8108759537536439 206.2040785791291 pida43
127.54609569837622  0.67396205749449 207.54609569837623 pid9ce
128.04837171946832  1.246253017281586 208.04837171946832 pid9ed
130.9693380304797  1.5871008830972388 210.9693380304797 pida19
131.3853407583035  1.096314789838847 211.3853407583035 pid9da
132.28910355761687  1.6248236848576363 212.28910355761687 pid9c4
133.0495722054828  0.5014320478220755 213.0495722054828 pida25
133.2249695776748  1.2619600124485704 213.2249695776748 pida35
133.42812801003393  1.2199527042852272 213.42812801003393 pid9fa
134.8060352744857  1.4548576342981776 214.8060352744857 pida0a
135.44781384464616  0.8392226701640044 215.44781384464616 pid9e7
136.26891328676933  1.3038679609220476 216.26891328676933 pid9d1
136.94491263710964  0.8756065493509637 216.94491263710964 pida34
137.25373527121025  1.6499756208189589 217.25373527121025 pida01
138.42094657322627  1.097559514936723 218.42094657322627 pida2d
138.91494566030812  0.5301755654519877 218.91494566030812 pida4f
140.07072693672262  1.80739634680226 220.07072693672262 pida31
142.44041589299513  1.1803414712375404 222.44041589299513 pid9eb
142.60739141044553  1.466404947070517 222.60739141044553 pid9dd
142.7297977831002  1.6055732866788535 222.7297977831002 pida1a
142.86484415745326  0.8916925897054087 222.86484415745326 pida23
146.36307762280651  0.5990634266234358 226.36307762280651 pida4a
147.29718498462842  1.6560940291454658 227.29718498462842 pid9db
147.8010252002506  1.8617195099606318 227.8010252002506 pida38
147.95881274984131  0.7523803934263207 227.95881274984131 pid9f6
148.40419398955308  0.6326647238155982 228.40419398955308 pida49
148.45713817423328  1.2078786362961305 228.45713817423328 pid9f0
148.90493082101506  1.138114750669783 228.90493082101506 pida56
149.1961802354184  1.3338209844802884 229.1961802354184 pid9f5
