5.479123518779028  1.9191412929881322 9.317406104755293 pid5c4
5.621825681917159  2.737983260273455 11.097792202464069 pid5d0
8.733857818067769  2.8592837766221737 14.452425371312117 pid5b0
11.055696249013625  2.7623471818065823 16.58039061262679 pid5b5
11.191670821855194  2.362746592192876 15.917164006240945 pid5af
11.849075177597989  1.5298626897907086 14.908800557179406 pid5ca
14.116785344828731  2.045878006620881 18.20854135807049 pid5aa
15.67761029344874  1.8826265879088435 19.442863469266428 pid5ba
16.98121167928097  2.8825398983605504 22.74629147600207 pid5ae
18.98906952053876  1.7244390215511145 22.43794756364099 pid5c3
19.4317158252288  2.6022045268644476 24.636124878957695 pid5d9
19.856194666217387  0.763221873970146 21.38263841415768 pid5c5
23.154588721017422  0.7105242124697007 24.575637145956822 pid5c0
31.989693282426344  0.8805796642106017 33.750852610847545 pid5b3
34.693488515272044  2.726569143939874 40.14662680315179 pid5d7
37.17516974757006  2.7713950059953487 42.717959759560756 pid5b6
42.748340481056445  2.0201185591924276 46.7885775994413 pid5c9
43.83965012825679  2.6809490125998763 49.20154815345654 pid5d8
44.510635062394634  1.183562078048852 46.877759218492336 pid5b7
45.75168816769421  1.4661519411395836 48.68399204997338 pid5b8
51.88802073135128  1.764209153228836 55.416439037808956 pid5db
52.06932365818751  2.2193449813697708 56.508013620927045 pid5d4
53.0711835278363  2.2317537677436117 57.53469106332352 pid5bd
53.523357278558045  2.3774583213485725 58.27827392125519 pid5b4
55.020564276602876  0.4923010685310327 56.00516641366494 pid5d1
55.36989812860422  2.818962895077938 61.007823918760096 pid5ce
63.237809804630785  2.6397390295198138 68.51728786367042 pid5da
64.24957220184456  2.0157017520833613 68.28097570601128 pid5b9
66.16968324255988  1.7611907466522307 69.69206473586435 pid5ad
66.58535672007079  0.7989512555255016 68.1832592311218 pid5be
67.94079543684609  2.652567952076999 73.24593134100009 pid5cc
68.21829897686128  1.4559096913935008 71.13011835964828 pid5c8
69.33622029333529  1.5853846697024774 72.50698963274024 pid5d2
69.62397858779138  2.267672453657501 74.15932349510639 pid5cd
71.39258142726602  1.4227764558966767 74.23813433905937 pid5bb
74.51296206041663  0.6868767875471142 75.88671563551085 pid5ab
74.67018443285082  2.67479260281417 80.01976963847916 pid5cb
75.8680091483156  2.6211006270892896 81.11021040249418 pid5ac
76.18443001648356  2.3281995715148374 80.84082915951323 pid5bf
76.19720586155827  0.7425686937851925 77.68234324912866 pid5b1
77.19272176273621  1.7498136284884538 80.69234901971312 pid5bc
77.59080093234736  2.254846832522047 82.10049459739146 pid5d3
78.38327591132105  2.205613141962603 82.79450219524625 pid5d5
79.1424335019322  1.166226707626076 81.47488691718435 pid5d6
86.19958016973314  1.7445495655503551 89.68867930083385 pid5c2
87.57652009222599  2.760739932393419 93.09799995701283 pid5c7
91.90297397750629  2.8781459507649307 97.65926587903616 pid5b2
92.3538664528363  1.8931708226687394 96.14020809817377 pid5c6
97.10931118301639  2.359872960920608 101.82905710485761 pid5cf
98.96016060348248  2.5738707256179665 104.10790205471841 pid5c1
