2.035046842049831  0.9873367800474346 82.03504684204984 pid69c
3.154389528591178  0.5079305540912206 83.15438952859118 pid699
3.7114953025565667  0.8683566792844349 83.71149530255657 pid680
4.857976725945617  0.9595023635496951 84.85797672594562 pid689
6.872944034006973  1.1285085962869992 86.87294403400698 pid698
7.638720923975195  1.902754962888562 87.6387209239752 pid676
10.757704478946422  1.1123211111861202 90.75770447894642 pid679
14.303075107043844  1.1578206529726511 94.30307510704384 pid697
16.82922554402418  0.9644849087470082 96.82922554402418 pid68f
17.34084581056073  1.6072087275997144 97.34084581056072 pid688
18.1633611297751  0.5386743258103917 98.1633611297751 pid67d
22.318068751066  1.4333846605663951 102.318068751066 pid6a2
22.85238494951967  0.7399404051750174 102.85238494951967 pid6a0
26.084248455943538  0.8088481803240686 106.08424845594354 pid682
27.80298037479626  0.7378832946744006 107.80298037479626 pid695
35.80449536069534  0.6603450636090638 115.80449536069534 pid69d
36.85614660717738  1.908935398829692 116.85614660717738 pid67a
38.7303436713652  1.7180913857164497 118.7303436713652 pid68d
43.36546383692029  1.0871274977969971 123.3654638369203 pid672
48.44316834711238  0.8549642984486893 128.4431683471124 pid685
51.80649908035137  1.4898871965531852 131.8064990803514 pid68b
56.816852040461214  1.4106419169017461 136.8168520404612 pid691
59.02642690468474  1.4943291397184175 139.02642690468474 pid674
74.82744688413385  0.789973221794078 154.82744688413385 pid693
78.5181740189154  0.6332338086661775 158.5181740189154 pid69b
80.61819054989668  1.1567588728007627 160.61819054989667 pid687
87.93128490969693  0.7624704562798419 167.93128490969693 pid67f
88.39973368700664  0.7785502859954386 168.39973368700663 pid694
89.7877222283957  1.2331686722636284 169.7877222283957 pid68a
94.70199638186145  0.956855810955231 174.70199638186145 pid67b
95.40255870145808  0.8924304401817784 175.40255870145808 pid6a3
96.13696981047609  1.2534195208441359 176.1369698104761 pid692
100.38930603547325  1.524173620895377 180.38930603547325 pid6a1
100.628095054244  1.6259120313889486 180.628095054244 pid683
100.96875918937994  1.7453803793083276 180.96875918937994 pid684
103.48873994807836  1.7446817492814657 183.48873994807838 pid673
104.1663526236582  1.256119779651383 184.1663526236582 pid67c
108.86048927331558  1.284797173023406 188.86048927331558 pid678
118.53534881431527  1.6490303152552126 198.53534881431528 pid69a
122.50485337213311  1.306389762230538 202.5048533721331 pid675
124.80217321099802  1.259947193861401 204.80217321099803 pid67e
126.18257037385642  1.958672962508707 206.18257037385644 pid68e
129.91903391885484  1.5754958678396347 209.91903391885484 pid69e
129.96668613486867  0.5825097796472385 209.96668613486867 pid690
130.18397355563286  0.6008663292543556 210.18397355563286 pid68c
135.43232433708178  1.174828176526571 215.43232433708178 pid681
138.39855541981325  1.0357091620840029 218.39855541981325 pid69f
139.20203145382283  1.3486974872471431 219.20203145382283 pid677
149.36492967593665  1.743131549347095 229.36492967593665 pid686
149.5185799654126  0.9834547535477941 229.5185799654126 pid696
