0.08644676747534552  1.4329704804360488 80.08644676747535 pid11c2
0.17585532328363018  0.9602000584751791 80.17585532328363 pid1175
0.7262398916971669  1.7853327841666304 80.72623989169716 pid1192
1.1268624013632378  1.6369926562641623 81.12686240136324 pid11c9
1.2206375811070758  1.4362472136100408 81.22063758110707 pid11da
1.2982512276186353  1.3104066930478528 81.29825122761864 pid11b6
3.342300326425307  1.5440607000826816 83.3423003264253 pid118d
3.629147860699228  0.5221771790986152 83.62914786069923 pid116a
3.7749197284573377  0.6755995045558114 83.77491972845733 pid11c1
4.335898783224851  0.8300369877652772 84.33589878322485 pid1183
4.860287936264612  0.8618911604294706 84.86028793626461 pid11a4
7.700012781301502  1.6156379289502487 87.7000127813015 pid11df
8.688866714407457  0.9372453022221756 88.68886671440745 pid11b4
10.757618157675076  0.6902829228845344 90.75761815767507 pid11ab
12.409356634892028  0.9365659922773508 92.40935663489202 pid11b9
14.021869207983384  1.862578632544162 94.02186920798339 pid11d2
14.800886033943083  1.7563894397006976 94.80088603394309 pid1195
16.31348153755214  1.4827902624993097 96.31348153755214 pid11eb
17.48506942081775  1.692713472955123 97.48506942081775 pid1165
17.50066227120608  1.5008018307379434 97.50066227120608 pid11aa
18.651568470571515  0.8951192204881958 98.65156847057152 pid11cb
19.614590924791948  1.086337898977619 99.61459092479194 pid11e5
20.908535408776647  0.5237606722200264 100.90853540877664 pid11e3
22.6912118971052  1.9492187349181413 102.6912118971052 pid11cd
22.692561651521853  1.519215433256777 102.69256165152186 pid11be
24.39811414862703  0.9989875579043173 104.39811414862703 pid119d
24.410396884841965  1.9378789929863665 104.41039688484196 pid11e8
26.466578166724688  1.3549694957404834 106.46657816672469 pid11d5
28.45647563838841  1.6298643663522736 108.45647563838841 pid1198
29.863695661917866  0.644635274277555 109.86369566191786 pid11f4
31.3131468230506  1.431014620088488 111.3131468230506 pid117a
31.97202234642355  1.5430216571330821 111.97202234642356 pid117e
32.63848742844486  1.224344804968902 112.63848742844486 pid11d8
33.30851659824235  1.0213120649862883 113.30851659824235 pid11e0
33.56770004925404  0.9082853238594348 113.56770004925404 pid11a6
34.740714646552725  1.286476408545913 114.74071464655273 pid119a
34.82714977717748  0.696614513077749 114.82714977717748 pid11cf
35.969429873659095  1.332409981573168 115.9694298736591 pid11dc
36.114860373232304  1.062401930404893 116.1148603732323 pid11f2
36.29101870096132  0.5103735136980558 116.29101870096132 pid117b
40.25613603463437  0.5955183276202792 120.25613603463438 pid11e7
41.50709598074824  0.6735941997603407 121.50709598074823 pid11ee
42.66518429858552  1.9964289249564442 122.66518429858553 pid11ae
44.05654148920671  0.6065176374926255 124.05654148920671 pid11ed
45.23762818448399  1.2544288256989162 125.23762818448398 pid11d9
45.66195537894067  0.5386890274511229 125.66195537894066 pid11ef
45.9739913786835  1.2824203751337835 125.97399137868351 pid11c6
46.56390887458  0.8756269080400341 126.56390887458 pid11ca
46.722497402076776  0.9871408852512815 126.72249740207678 pid1194
46.908121586704155  0.868287802672192 126.90812158670415 pid11b1
48.19408605961398  1.7871709608162556 128.194086059614 pid11bb
48.6960283955057  1.3104499046609155 128.6960283955057 pid11d0
49.00979838585264  0.9177739755173377 129.00979838585263 pid11e6
49.16057146346894  1.5882020541600654 129.16057146346895 pid118c
49.54445734453496  1.4761647872131418 129.54445734453498 pid11bc
52.92752839011714  0.9392566225190011 132.92752839011715 pid11a3
53.43853680494832  1.2998398942628022 133.4385368049483 pid11e4
54.541419812604744  0.9157295703090109 134.54141981260474 pid1181
55.962449270573956  1.4369017033582263 135.96244927057396 pid116b
56.287749118614386  1.8049511921508206 136.28774911861439 pid116d
56.62461283692459  1.6913441210927727 136.6246128369246 pid11a2
58.27501814528592  0.8152321321671263 138.2750181452859 pid1196
58.678182303127414  0.5995898127990982 138.67818230312741 pid11c0
61.96521937348668  0.9334863161427214 141.9652193734867 pid11a1
62.58383471949831  0.9533239615108371 142.58383471949833 pid11ad
62.61265510590099  1.5866708770997633 142.61265510590098 pid1169
64.97780166228759  0.5978750676031082 144.9778016622876 pid11f5
71.56346392936362  0.5026337786121953 151.56346392936362 pid119e
71.81228941125161  1.213314122434906 151.8122894112516 pid11af
73.34264085801752  1.1169071085610804 153.34264085801752 pid1168
73.46394615139582  1.7655900704892753 153.46394615139582 pid11a0
73.70015297622636  0.948190981818761 153.70015297622638 pid11dd
76.06978366524359  1.482743002229121 156.0697836652436 pid118e
78.80022149772557  1.046020672080159 158.80022149772557 pid11b5
79.04505544266898  0.8995360916490822 159.04505544266897 pid11d3
80.38024440931375  1.9026143111098146 160.38024440931375 pid118a
81.0483101051768  1.930090949910423 161.0483101051768 pid116e
81.55957107426423  0.9860221824233186 161.55957107426423 pid1177
82.46974507522998  1.3125310875989535 162.46974507522998 pid119c
84.46080949414561  0.9004111617998738 164.46080949414562 pid1170
84.68394016007967  1.6834286424567024 164.68394016007966 pid11ce
85.00460212505756  0.6030342476978793 165.00460212505754 pid1184
86.48089786797603  0.6038953742079964 166.480897867976 pid1174
86.77183160816034  1.5332881470224762 166.77183160816034 pid1191
87.57620965769848  1.2866829360167071 167.57620965769848 pid1182
88.56019742045012  0.7401143547605762 168.56019742045012 pid118f
90.27432401242586  1.1830801797887949 170.27432401242586 pid11d1
90.93002237483493  1.7420266478855693 170.93002237483495 pid11e2
90.95792970532244  1.2239611970008684 170.95792970532244 pid119b
91.01944437053291  1.7393243005947479 171.0194443705329 pid11a7
91.6213466864636  0.7102886444351887 171.6213466864636 pid11f3
92.31770715099593  1.3053615701276304 172.31770715099594 pid11c5
92.59206150691966  1.563855870542471 172.59206150691966 pid11cc
92.89938218314641  0.8126128549564139 172.89938218314643 pid11b3
93.20205312421085  0.9390688415249286 173.20205312421086 pid11c4
93.66510605966542  1.5290122150986487 173.66510605966542 pid1172
96.23676650554752  1.8669134599821644 176.2367665055475 pid1176
97.28295793504519  1.6303901891901758 177.2829579350452 pid11c8
97.29584626358384  1.4869489155949764 177.29584626358383 pid11e1
98.1530396992346  1.0433121901222908 178.1530396992346 pid1179
101.02942243821565  0.9649016554032802 181.02942243821565 pid1190
101.79312981541234  1.9517115822420028 181.79312981541233 pid1164
102.4583657552967  1.9973373091972317 182.4583657552967 pid1188
103.25772224941484  1.2805214434716259 183.25772224941483 pid1193
105.15917108839119  1.1565479838149408 185.1591710883912 pid11b2
105.24576281230095  0.8763995808035226 185.24576281230094 pid1167
105.37970423708119  1.1201657341926365 185.37970423708117 pid117d
105.96416879420036  1.8570643772776345 185.96416879420036 pid11ea
109.51361895238972  1.9298482247397124 189.51361895238972 pid11de
110.0217477819082  0.8565323691810691 190.0217477819082 pid11bd
111.83556445868759  1.0619984547586718 191.8355644586876 pid11a9
113.63159962641703  0.6246594489311339 193.63159962641703 pid1185
114.23808070995955  1.5638942501886213 194.23808070995955 pid1178
114.67646484548054  0.8509970256483577 194.67646484548055 pid11c3
115.180619406748  0.8434333236496256 195.180619406748 pid1197
115.55775962536671  1.428614582379102 195.5577596253667 pid11e9
118.14722316432405  1.748480713691691 198.14722316432403 pid11b7
118.76164882508722  1.6694193387259193 198.7616488250872 pid1163
119.29966666529788  1.791603083365099 199.29966666529788 pid11f6
120.97753923852277  1.736469594929241 200.97753923852275 pid11bf
123.07475874760199  1.2459363275519915 203.074758747602 pid1189
123.13848803352036  0.5828981065685885 203.13848803352036 pid1186
124.05629794216864  0.6057939384692037 204.05629794216864 pid11f1
124.2066590536907  1.215765727732157 204.20665905369071 pid11a8
128.25977656651185  1.6260138203705947 208.25977656651185 pid11b0
129.06992843961046  1.5745470187112862 209.06992843961046 pid1187
129.32599756376337  1.5044208173426012 209.32599756376337 pid1199
129.75716259612145  1.6813649731855027 209.75716259612145 pid11b8
130.57141123251245  1.227511107525401 210.57141123251245 pid11ac
131.22879439880955  1.8859815312364159 211.22879439880955 pid1171
131.6224085735543  0.5178703044445827 211.6224085735543 pid11f7
131.8717329736092  1.5916411488208646 211.8717329736092 pid1162
132.76674998699977  1.0662143954695071 212.76674998699977 pid11c7
133.2615568612407  0.6747210641147734 213.2615568612407 pid117c
133.69309326972353  1.9811218700601394 213.69309326972353 pid11d6
135.60780018079018  1.0483754590731151 215.60780018079018 pid1180
136.29431998858587  1.8957538314252451 216.29431998858587 pid11d4
138.7231349078031  1.449785677807447 218.7231349078031 pid1173
140.29948691673167  0.7751901823313353 220.29948691673167 pid117f
141.64365500803507  1.593391288521596 221.64365500803507 pid1166
141.8393934553323  1.130215054960737 221.8393934553323 pid118b
142.02689573892923  1.655308547941694 222.02689573892923 pid11db
142.41152788235416  0.8092359537954179 222.41152788235416 pid11ec
142.87315925625998  0.6448097633725094 222.87315925625998 pid11a5
145.15918758658108  1.7313839720413808 225.15918758658108 pid116c
146.33191730999542  0.5763513200299264 226.33191730999542 pid11f0
146.76048647365081  1.52158557656317 226.76048647365081 pid119f
147.4318114736454  0.6413219835420014 227.4318114736454 pid11d7
149.70224187041444  1.9597383937535628 229.70224187041444 pid11ba
149.95742800511016  0.878628551756553 229.95742800511016 pid116f
