1.028992593811744  1.7248774690790567 4.478747531969857 pidc25
1.435114767383785  1.173477143252184 3.782069053888153 pidc8a
3.9367154677011107  3.0761680796546518 10.089051627010415 pidcae
4.4118638810105875  3.1485649948990915 10.70899387080877 pidc70
5.893712314191289  2.9207517649946055 11.7352158441805 pidc75
5.9176894418015635  2.1021831408886267 10.122055723578818 pidc46
6.783987714757835  2.743469342852584 12.270926400463003 pidc93
9.258222491437833  4.657789060122244 18.573800611682323 pidc1f
9.466185376408887  1.2799968802879507 12.026179136984789 pidcb0
12.288164337436445  2.1994837033837835 16.687131744204013 pidc6c
12.493313340528033  3.075279297173214 18.64387193487446 pidc3e
14.317517172973815  3.6275446099651862 21.572606392904188 pidc8f
15.496112805866566  3.5131517135539294 22.522416232974425 pidc5b
16.38949077960117  3.429120542741455 23.24773186508408 pidcb1
16.702105810763378  3.894716858524823 24.491539527813025 pidc63
19.476278480060966  4.957190833520422 29.390660147101812 pidc32
19.848963976087425  3.4272124857166415 26.703388947520708 pidca3
20.309378984703294  2.3757353347827728 25.06084965426884 pidca0
20.84344113332684  4.6582949603736665 30.160031054074175 pidc5a
22.20912794203466  2.822128667564349 27.853385277163355 pidc2c
23.272902547900937  2.307516351573807 27.887935251048553 pidca8
23.801852380997556  4.816350209132745 33.434552799263045 pidc48
25.658796020399382  3.9524032157113176 33.56360245182202 pidc88
27.025620375995583  1.1180480569256193 29.261716489846822 pidc8b
27.2984450210116  2.361473087633486 32.02139119627857 pidc87
27.985801294683906  4.95717825981861 37.900157814321126 pidc85
29.19047229526646  2.570560866649402 34.33159402856526 pidc22
30.55762159654648  2.0755960800437077 34.708813756633894 pidc78
32.461001895866175  1.8508076149856922 36.162617125837556 pidc3d
34.08192709997174  4.899467275937482 43.88086165184671 pidc7f
34.717757765816835  3.7619224949759285 42.24160275576869 pidc9b
35.82376238729515  2.6997322903241963 41.22322696794354 pidc4f
36.98247175699652  1.8221193266809235 40.62671041035836 pidc24
37.267421532951126  1.6818745076451886 40.6311705482415 pidc49
42.39889123288485  2.1350864091173043 46.669064051119456 pidc58
44.96807187652914  4.669690683819775 54.307453244168684 pidc8c
45.799370222412584  4.572216746103068 54.943803714618724 pidc7c
45.892901244467964  3.7881741531330477 53.46924955073406 pidc91
49.7708187797637  2.5396938118062615 54.85020640337623 pidc27
50.736809866551326  4.966581188346007 60.669972243243336 pidc66
52.0087306376573  1.1818265860871597 54.37238380983162 pidc68
53.087844499957306  4.871564722424832 62.83097394480697 pidc5c
53.11291610789853  4.769279373002387 62.6514748539033 pidc62
53.40250920447651  3.885833184486521 61.17417557344955 pidc5d
53.71172671287463  1.8705321960050272 57.45279110488468 pidc47
54.626932985127645  3.8331289672659286 62.2931909196595 pidca1
57.87650522627188  2.3101305900424394 62.49676640635676 pidc71
58.928358969246744  2.278054481896409 63.48446793303956 pidcac
59.199663415882185  2.909845465387747 65.01935434665768 pidc53
59.715823104873195  3.9116434179278006 67.53910994072879 pidc21
60.625678718003066  4.898509896476124 70.42269851095531 pidc82
63.38902607024295  3.5446489555932152 70.47832398142938 pidcad
64.07571610091243  4.536088308148588 73.1478927172096 pidc8e
64.80015456591413  3.322083174984834 71.4443209158838 pidc65
64.90284278641518  4.176330914795048 73.25550461600527 pidc3a
64.97248251196719  2.6372336424171556 70.2469497968015 pidc96
65.49816112036449  2.0665114604582877 69.63118404128106 pidc54
65.98570803358747  4.560055331965988 75.10581869751945 pidc84
67.14656239581737  3.4515152275928944 74.04959285100315 pidc52
68.44885511151752  2.645629347194657 73.74011380590683 pidc7d
70.42797868550875  3.661543559993171 77.75106580549509 pidc26
71.59666986887818  2.3176896932306974 76.23204925533958 pidc3f
72.55917755360807  1.2855839228096562 75.13034539922738 pidc95
72.57538529694834  4.456482247954914 81.48834979285817 pidc7e
77.23562938593551  2.8726026763231696 82.98083473858185 pidc3c
77.50875770456882  1.9482664213120624 81.40529054719295 pidc28
77.63679093798231  3.2392504202520294 84.11529177848637 pidc42
77.6869784063514  3.9731468436352237 85.63327209362185 pidc36
80.81118528085122  3.4282209660678213 87.66762721298686 pidc29
80.95415548987766  3.817410360253255 88.58897621038417 pidc56
90.33479500243355  2.575774357149615 95.48634371673278 pidc37
93.22684518876797  1.1004189693736914 95.42768312751535 pidc44
94.0468724676041  1.0313873792946775 96.10964722619346 pidc64
94.47476714468903  3.430182626249929 101.33513239718889 pidc8d
95.1257380365951  1.3290224897047174 97.78378301600453 pidc73
95.3320297352589  4.855349165568855 105.0427280663966 pidc76
97.12694554110857  2.2363268499455655 101.5995992409997 pidc50
98.91152609285591  3.454061016149598 105.8196481251551 pidc55
100.02782121297527  1.574155187735916 103.1761315884471 pidc90
100.73083097022558  1.560172293536171 103.85117555729792 pidc59
101.46445734337969  4.557690405505353 110.5798381543904 pidc61
102.82939423759672  1.3735195544028969 105.57643334640251 pidc30
104.4505522354073  3.032477838382486 110.51550791217227 pidc23
107.88682813986189  2.340333371060653 112.5674948819832 pidc43
108.3668923028478  4.337381731070397 117.04165576498859 pidc7a
109.67691043664406  2.3163999865026415 114.30971040964934 pidcaa
110.58414770439495  1.4666724603138617 113.51749262502267 pidc6a
112.11175487692482  1.062974511096491 114.2377038991178 pidcaf
113.06992881995562  1.7363063809334833 116.54254158182259 pidc9d
115.36812333432479  2.667265718454759 120.70265477123431 pidc4d
116.26979634490883  1.571126537377285 119.41204941966339 pidc5e
117.06565281551337  3.8299815683353744 124.72561595218413 pidc9f
117.33377861293657  2.6196695309726112 122.57311767488179 pidc38
118.1644891455775  1.0071773707712404 120.17884388711998 pidc81
118.2479063999802  3.483113246886701 125.2141328937536 pidc5f
119.00995080578696  1.4208026933750002 121.85155619253696 pidc83
119.16334650044132  3.0077523188553528 125.17885113815203 pidc9e
120.13320782348825  2.723313133458349 125.57983409040494 pidc6e
120.27138867685719  2.134142624984885 124.53967392682695 pidc41
120.49985119325484  3.3875570856073836 127.27496536446961 pidca4
121.04547376643909  2.6372612496689576 126.31999626577701 pidc72
124.47929249285377  4.9660004285602914 134.41129334997436 pidc6b
125.06534873019443  3.606361380918101 132.27807149203062 pidc57
127.66382047854366  2.0502008670080003 131.76422221255964 pidc1e
128.10194101457753  2.649532380440523 133.40100577545857 pidc7b
128.3390262003842  2.1142395069810553 132.5675052143463 pidc3b
129.03367669386952  4.4990121322409085 138.03170095835134 pidcab
132.25152360649722  3.790015447076974 139.83155450065115 pidc31
134.83293403462233  1.846978778863288 138.5268915923489 pidc4a
134.91713976754895  4.0484889655723855 143.01411769869372 pidc77
135.9552395287396  4.549794462205406 145.05482845315044 pidc1c
138.2122875066677  1.6944524277366226 141.60119236214095 pidc1d
138.63301815563918  4.0172930072979405 146.66760417023505 pidc2b
138.7578051976768  3.13466502198129 145.02713524163937 pidc33
141.0867662704898  2.2117126080762 145.51019148664219 pidc97
141.82504745160998  4.616197258287668 151.05744196818532 pidc40
141.99369410144587  3.671936662099465 149.3375674256448 pidca7
142.03598666569982  1.6357285864504956 145.30744383860082 pidc4e
142.1735123585212  3.9463740203353685 150.06626039919195 pidc74
144.19448059043526  3.6913868205040434 151.57725423144336 pidc2e
146.71466661896636  1.8813545928494446 150.47737580466526 pidc4b
147.34493855232358  4.725132588219058 156.7952037287617 pidc34
150.4622019250026  4.398718177846881 159.25963828069638 pidc6d
151.9074921148941  4.584772036184535 161.07703618726316 pidc51
151.93117685030006  3.738095089416435 159.40736702913293 pidca2
152.8002350373762  3.8987442798580236 160.59772359709225 pidc99
153.00488926227806  3.4609104597076668 159.92671018169338 pidc67
153.0921388954505  1.06598190266291 155.2241027007763 pidc69
154.77827853148986  2.9186226795455013 160.61552389058087 pidc35
156.57968881641182  4.275345122194896 165.1303790608016 pidc2d
157.26873610406435  1.3107654437545473 159.89026699157344 pidca9
158.7926937524404  4.672177833848499 168.1370494201374 pidc94
158.79591984211402  2.369929903099544 163.5357796483131 pidc2a
160.1302095106008  3.837623740353678 167.80545699130815 pidc89
161.95164540941173  4.626175134305939 171.2039956780236 pidc86
166.2311491233814  4.707742334862051 175.6466337931055 pidc4c
168.4163571937839  2.440277541001452 173.2969122757868 pidc45
170.2569710868659  3.469145596134869 177.19526227913562 pidc98
170.95589675892458  2.8413187059818426 176.63853417088828 pidca6
171.2333817837812  1.344702990578059 173.9227877649373 pidc9a
171.4928059169155  1.2237066007514286 173.94021911841836 pidca5
174.4763493548262  4.923311442474269 184.32297223977474 pidc92
174.9085388776262  2.054700753168125 179.01794038396244 pidc80
175.33425216690054  3.339661298792363 182.01357476448527 pidc79
176.5341504899875  1.1496400439870875 178.83343057796168 pidc2f
177.41476856167867  4.724948324891127 186.86466521146093 pidc9c
177.45211225090452  2.040379450971178 181.53287115284687 pidc39
178.02689432080763  4.334783240400496 186.69646080160862 pidc60
178.2988161981495  4.5396361357384745 187.37808846962645 pidc20
178.38810749168567  2.446135914166891 183.28037932001945 pidc6f
