0.003735026853142198  2.1093312983661456 4.222397623585433 pidfbc
2.9991706415478347  4.126037895004407 11.251246431556648 pidfef
3.567159457074811  4.377093876108598 12.321347209292007 pidff9
3.7996085860602946  2.6242432708751102 9.048095127810516 pid101f
4.585802768788884  4.721533310666249 14.028869390121383 pidff2
5.194366011401062  1.9408530914896853 9.076072194380433 pid1033
6.418075626355037  1.9864685150043098 10.391012656363657 pidfbd
7.05580905016284  2.914268386021562 12.884345822205965 pidfd2
8.365480844395725  2.9681756750235824 14.30183219444289 pidfb4
8.661578164446983  1.810505930929387 12.282590026305757 pid100d
9.656855962838517  2.6007082517581503 14.858272466354817 pidfcf
10.211989354055609  4.1306364287629505 18.47326221158151 pid100f
11.299900207977561  2.563508703299319 16.426917614576197 pidff4
11.565677416857573  3.6835931587125406 18.932863734282655 pidfb5
13.919895087217943  3.8007108203751736 21.52131672796829 pid1025
16.00900158844382  1.681939305263334 19.37288019897049 pidff5
18.061229107828705  2.420745317727424 22.902719743283555 pidfec
20.96761907254252  3.255455043830705 27.478529160203927 pidfa0
21.128251591391844  3.013991019878105 27.156233631148055 pidfb1
22.001953052116296  4.309303418139356 30.620559888395007 pidfc0
24.782009281407383  1.9400279384169896 28.66206515824136 pidfee
24.96890116372007  2.758968173766683 30.486837511253434 pid1012
25.0367685396827  3.4666463340673475 31.970061207817395 pidfe0
25.475324312297044  1.2625623038848142 28.000448920066674 pid1018
25.752097489560487  4.500884129041527 34.753865747643545 pidfeb
26.049271189888714  3.152915512852734 32.35510221559418 pid1001
26.30140916891285  4.035327429300992 34.37206402751484 pid1021
26.55330413805871  1.3331692535978363 29.219642645254382 pidfda
28.55238038854416  4.9586629090283445 38.46970620660085 pid1014
35.28509506738127  3.8112789571182697 42.90765298161781 pidfb3
36.01934392221371  3.1734977146810346 42.366339351575775 pidfe4
36.03450183038065  4.20184293311258 44.43818769660581 pid1013
36.112648948455636  2.0491966405276716 40.21104222951098 pidfd0
37.596419638386315  3.6215441673877207 44.83950797316176 pid100a
41.44389565124523  4.753570411362104 50.95103647396944 pidfa9
41.471219046870864  1.8260032179955328 45.123225482861926 pidfca
41.80162701098258  3.992055202704457 49.78573741639149 pidfd7
45.096093795311866  3.4761422589101665 52.0483783131322 pidfb2
46.10829905112135  2.8664630196418113 51.841225090404976 pidfc1
46.743580917743856  2.3503711182038494 51.444323154151554 pid1016
47.62648120599669  3.0982555935325955 53.82299239306188 pid1006
49.47733175621364  1.6931959244920134 52.86372360519766 pid1027
52.74003646061863  3.698379710974495 60.136795882567625 pidffb
56.91830243159551  2.942523446961888 62.803349325519285 pidfff
57.76009260438168  4.184815187894635 66.12972298017095 pidff1
58.3466734146897  2.695339975307594 63.737353365304884 pidfaa
60.5509077732089  2.621565129223625 65.79403803165614 pidfbb
60.631327283825044  2.1320818149994274 64.89549091382389 pidff3
61.8446343101042  4.091681815410911 70.02799794092601 pidfdd
62.55671237023613  2.40921357316544 67.375139516567 pidfce
64.9826804466927  4.234191989251911 73.45106442519652 pid102a
67.374142057359  2.251016996282275 71.87617604992354 pidfb6
68.31490614479841  3.734323941947266 75.78355402869295 pidfd6
69.63462947693318  3.0563950174133594 75.7474195117599 pidfe7
70.40289393033808  4.790526379172485 79.98394668868305 pid1023
71.7920396457836  3.5749356139653896 78.94191087371438 pidfa7
72.92258973416713  3.3693936833153773 79.66137710079789 pidfe1
73.34042548804148  3.540599752770829 80.42162499358314 pidfb7
73.71608816466735  4.923526787520686 83.56314173970873 pidfcc
74.81837879175758  3.5658753079526724 81.95012940766293 pidfc9
75.38560596623475  3.911379297519 83.20836456127275 pidfdb
79.23591458476858  4.726131642000393 88.68817786876937 pidfd4
79.93766627558779  1.285330891619433 82.50832805882665 pidfbe
83.29533150743477  2.657608060496179 88.61054762842713 pid102d
85.22120499733238  3.9558847132596675 93.13297442385172 pid1011
86.50662925954872  1.5920078711925303 89.69064500193377 pidfc5
87.660871535045  4.105239746636027 95.87135102831706 pid1008
93.4692625126877  1.8279738185980934 97.1252101498839 pid100e
93.63033176961702  2.8689806390052444 99.3682930476275 pidfc3
94.45181218546486  4.032631032188947 102.51707424984275 pid101b
95.11157426835284  1.8812395132476731 98.87405329484818 pidfdf
95.233209740333  4.619758776172386 104.47272729267777 pidfe8
95.41632522432174  3.696357183967281 102.8090395922563 pid1026
97.57327477142138  1.6880247169431875 100.94932420530776 pid1005
98.24833516961394  4.064969172948995 106.37827351551192 pidfa6
99.32191802612743  4.5941681165185955 108.51025425916463 pidfa3
99.94863780469089  4.928138085678809 109.80491397604851 pidfbf
100.09796872909604  3.097826044426807 106.29362081794966 pidfd3
101.58525236364831  2.249990165107836 106.08523269386399 pidfa2
101.68437322079538  3.9090948572345066 109.5025629352644 pidfd8
101.84140333977004  4.370206819149958 110.58181697806995 pidfba
103.53443700418252  4.945995840837914 113.42642868585835 pid1029
106.66723069480746  2.0212483083762063 110.70972731155987 pid1028
108.9026012869265  2.070099628726853 113.0428005443802 pidfd5
110.4674081790956  1.6439817769511675 113.75537173299793 pid100b
111.07109957080593  1.7455057574893784 114.56211108578468 pidfe6
111.67931520986626  1.851459577547303 115.38223436496087 pidfa1
113.19248535172808  1.8054991108794631 116.803483573487 pid102b
117.35265617999922  4.026970771996942 125.4065977239931 pidfc8
117.5237309050916  2.5462628305679478 122.61625656622749 pidfe5
118.72388237588336  2.3066555252937504 123.33719342647086 pidffe
120.66262300881948  2.65595099174897 125.97452499231741 pidff0
121.50567380284316  2.9733097585714603 127.45229331998608 pid101e
123.75722808762603  3.286092802238588 130.3294136921032 pid1024
124.04395368904467  1.2058837729880878 126.45572123502085 pidffa
124.24309033681678  4.717469409720317 133.67802915625742 pidfd1
125.66584266580365  1.3382713325708204 128.3423853309453 pidfe3
125.66966929646213  1.9897631307179586 129.64919555789805 pid1002
127.71412376625244  4.708553498626494 137.13123076350544 pid1034
128.31504811898574  4.283791622085717 136.88263136315717 pid1009
128.91962918652487  1.140618093855843 131.20086537423657 pidfd9
129.0089414940221  4.432543325467483 137.87402814495707 pid102f
129.4899980916303  3.7374156735028388 136.96482943863597 pid100c
130.47144197532722  2.8331023683617023 136.13764671205064 pidfa5
132.87430297374405  1.608095812071784 136.0904945978876 pidfc4
133.00275672825703  3.2031150365423446 139.4089868013417 pid1020
133.69337212006434  2.9137382036117803 139.5208485272879 pid1003
134.15471735243742  3.9264398789319275 142.00759711030128 pidffd
134.29963012219565  1.7576806482289529 137.81499141865356 pidfde
136.42802718261805  2.446610491478529 141.3212481655751 pid101a
137.5052799827817  2.5075420642248143 142.52036411123132 pidfb0
137.98367441016262  4.589813450419477 147.1633013110016 pid102e
138.18834073782602  1.1271262688959878 140.442593275618 pid101d
138.2064376709424  2.3243493411045777 142.85513635315155 pidfe2
140.04970956071452  2.823394899057868 145.69649935883027 pid1032
140.60650671960806  2.192492139327076 144.9914909982622 pidfab
142.25221082118065  2.463350857152608 147.17891253548586 pidfa4
142.3401603649262  4.653167856217769 151.64649607736172 pidfcb
142.86144878292595  2.8387805447175865 148.53900987236113 pid1017
143.91026775430825  2.1705208103861238 148.2513093750805 pid1019
144.39976513422621  1.6195133301058147 147.63879179443785 pidfb8
146.8634694744676  1.4522155704494994 149.76790061536659 pidfc7
149.21347898500073  2.1969224623629375 153.6073239097266 pidff7
149.33180446154617  2.8979893394815077 155.1277831405092 pidfdc
149.71198682625305  1.070188880691731 151.85236458763652 pid1000
152.05373952146874  2.5254858432387013 157.10471120794614 pid1004
152.32588343753483  3.4090900794223558 159.14406359637954 pidfed
152.36686620648769  1.65866919943314 155.68420460535395 pid1031
152.89112097746454  3.9608664071899042 160.81285379184436 pidfea
154.47906515539864  2.56076966190103 159.6006044792007 pidfa8
155.08100519297435  2.643274470581948 160.36755413413823 pid101c
157.09252159572313  4.062141795396375 165.21680518651587 pid1007
157.99843057145588  3.9541356968657815 165.90670196518744 pidff6
159.0057461930311  1.0127732312692888 161.03129265556967 pidfad
159.43948418751702  4.238105612129052 167.91569541177512 pidfc6
163.7990206636101  2.533971404234396 168.86696347207888 pid1022
164.69329157921084  1.1438743595752912 166.98104029836142 pidffc
166.24719444319652  1.3484220176210258 168.94403847843859 pidfb9
166.88461115937847  1.5251246561159353 169.93486047161034 pid1010
166.9237404347117  2.224428476289999 171.3725973872917 pidfc2
168.3808436416281  4.816930487869615 178.01470461736733 pidfaf
168.68293487649896  3.7093310838205964 176.10159704414016 pidfe9
170.18492369425636  1.890097049143756 173.96511779254388 pidfcd
170.9736476161439  3.2446626612813256 177.46297293870654 pidff8
173.66842798577204  4.5775237383740315 182.8234754625201 pidfac
174.71433313962888  3.6412746884858427 181.99688251660055 pid1015
175.37466203132868  2.9240276185288048 181.2227172683863 pid1035
178.15573001403604  1.6570155667762956 181.46976114758863 pid1030
178.35811624127842  3.8291276955573545 186.01637163239315 pid102c
179.41181846478767  2.6389345117876255 184.68968748836292 pidfae
