0.8781648894772953  1.6561612636263867 80.87816488947729 pid33a5
2.617935642021801  0.9413441525156026 82.6179356420218 pid32b9
3.0323428611656214  1.149110341339266 83.03234286116562 pid332b
3.1037213220050375  1.067695258876015 83.10372132200504 pid32f3
3.2455227208534443  0.5261465466256063 83.24552272085344 pid3247
3.660364841763913  1.923515243541486 83.66036484176391 pid3280
3.8652182182304595  0.5668916642479943 83.86521821823045 pid329c
4.421489981431198  0.9242005706197602 84.4214899814312 pid332f
4.596122719214907  0.6273615821396807 84.5961227192149 pid32cd
5.841619515846036  0.7285924044251932 85.84161951584603 pid32ec
6.028420989974653  1.9493258876572417 86.02842098997465 pid33bf
6.922997667799491  1.0062197424599517 86.92299766779949 pid327a
7.165589509763281  1.2120672771237944 87.16558950976328 pid328a
7.610067480522181  1.1587076098819828 87.61006748052218 pid3288
7.894932904108886  1.4356873579026066 87.89493290410888 pid3246
8.33737973766469  1.6768073962328316 88.33737973766469 pid3345
8.428936813715659  0.5305797942607029 88.42893681371567 pid32b8
8.49821745447073  1.4297245459858652 88.49821745447073 pid327e
9.076056125939285  1.72187117166295 89.07605612593929 pid32b5
9.248947657445317  0.9747424680371064 89.24894765744531 pid3377
9.281485489026197  1.7022504806365184 89.2814854890262 pid33be
9.543392353487102  1.274576323945532 89.5433923534871 pid33e4
9.972460154506479  1.910705130111973 89.97246015450648 pid3279
10.378563543667374  1.8721252920774454 90.37856354366737 pid32a3
10.733075249302976  1.7892792652048084 90.73307524930297 pid329b
11.073993876531674  1.9469200536192774 91.07399387653167 pid33b5
11.097690261728815  1.042674367687077 91.09769026172881 pid3386
11.170613424860093  1.276263563776665 91.1706134248601 pid33d5
11.552115570232557  1.194336890696528 91.55211557023256 pid3351
13.44935728404353  1.1322091868377637 93.44935728404353 pid335b
13.51815223549419  1.2509197034120123 93.51815223549418 pid338b
14.90448827990769  1.3797101077315774 94.9044882799077 pid33d0
15.343065312129017  1.4829474722604639 95.34306531212901 pid33d9
15.741983288170559  1.1945832388347595 95.74198328817056 pid32bf
15.797855927899029  0.5019849925327532 95.79785592789904 pid336c
15.9549714898089  0.7346924870167031 95.9549714898089 pid33a1
16.1437433138683  1.0923309402563652 96.1437433138683 pid3278
16.213296896969393  1.8185826828687566 96.2132968969694 pid3236
16.405930613015858  1.082572589928587 96.40593061301585 pid330a
16.488329225495434  1.6867452907766771 96.48832922549543 pid33c9
17.64366308336121  1.3063119996927472 97.64366308336122 pid335a
17.929954679091363  1.4060580604158763 97.92995467909137 pid33ef
19.086244618410465  1.842735047711299 99.08624461841046 pid3348
19.315214453276525  0.6465282281972372 99.31521445327652 pid33df
20.996334106712105  1.7335311368345017 100.99633410671211 pid3281
21.240307575481676  0.8901920149798501 101.24030757548168 pid32d2
21.356191924960676  1.4740128803918275 101.35619192496068 pid3378
21.423120190095602  1.0132781640275283 101.4231201900956 pid3326
21.563681395462815  1.64267036521083 101.56368139546282 pid32d4
21.974737586944077  1.8021304304850863 101.97473758694407 pid33b0
22.002656931756864  1.4707648116529934 102.00265693175686 pid324b
22.119632472961907  0.9776015291263944 102.11963247296191 pid329e
22.93527723568205  0.8125137175210382 102.93527723568205 pid324c
23.299410071353766  1.511239154179425 103.29941007135376 pid3233
23.41046751040336  1.2553622158251356 103.41046751040336 pid3250
23.510603716649698  0.8943595283071526 103.5106037166497 pid33d4
24.091082025160464  0.7802406667392536 104.09108202516046 pid32ac
24.551389085968093  1.2570350954828693 104.5513890859681 pid3389
24.625887098841787  1.478085987639495 104.62588709884179 pid33d6
24.89537901802274  1.3118929463769051 104.89537901802274 pid337c
25.110694596234346  1.7921591466243325 105.11069459623434 pid3347
25.256818388926465  1.3016918443147896 105.25681838892646 pid324e
26.1664471483508  1.5291581085905195 106.1664471483508 pid33c4
26.34898176662095  1.0997396107857509 106.34898176662095 pid338f
27.163662369035347  0.6860965826398451 107.16366236903535 pid3318
27.312975964854935  1.7879134023086969 107.31297596485493 pid3294
27.425281050695162  1.4063518708002989 107.42528105069516 pid33c2
27.48550556508763  1.750264064628395 107.48550556508764 pid330d
27.655122570313  0.9428486664402579 107.655122570313 pid33e0
27.792706385858057  1.3556788866555853 107.79270638585805 pid3285
28.317248834593705  1.0299417577165257 108.3172488345937 pid32fd
28.722536503485134  1.248772461055692 108.72253650348513 pid3270
28.884550144173875  1.6608041031911165 108.88455014417387 pid32db
28.910937571293598  0.9204990319388131 108.9109375712936 pid337e
29.11461993116647  1.358843861891088 109.11461993116647 pid3367
29.174923079898115  0.5228258064761422 109.17492307989812 pid32ee
29.350798835897464  1.4759794439725613 109.35079883589746 pid3293
30.137432187306583  1.746180779471415 110.13743218730659 pid329a
30.32411372241752  1.2229051548437029 110.32411372241752 pid32ea
31.344123523671097  1.3104156698405285 111.3441235236711 pid33f1
31.436880583942887  1.184993037969329 111.4368805839429 pid3235
31.77149585539713  1.4200701222694967 111.77149585539713 pid3303
32.02830636087711  1.6376083209342618 112.02830636087711 pid33af
32.183126636198615  0.6787398427130726 112.18312663619861 pid3374
32.367188010108045  1.0651006730639132 112.36718801010804 pid3276
32.91138367541777  0.5976067036239222 112.91138367541777 pid3298
32.91878220129586  1.3244326437568126 112.91878220129587 pid3264
33.11057177390614  0.7051314574110703 113.11057177390614 pid32bc
33.72262216963526  1.6855036969768227 113.72262216963526 pid32a0
34.30134827999124  1.042164750398558 114.30134827999123 pid33cd
34.469613821852406  1.5595231068107565 114.4696138218524 pid339a
34.81903744542753  1.753198589054763 114.81903744542754 pid3373
35.24082078053027  0.9390945695231616 115.24082078053027 pid3307
35.53727661188385  0.7344458707131537 115.53727661188384 pid32f1
35.606744909736925  1.4924616488592273 115.60674490973693 pid3356
35.85546918840879  1.03495070765806 115.85546918840879 pid330f
35.87765672389739  1.055634046705315 115.87765672389739 pid32af
35.994291426907246  1.1004084427199137 115.99429142690724 pid33d1
36.613196814991205  0.6212364946366556 116.6131968149912 pid3299
36.688777230582104  1.8882088764290224 116.6887772305821 pid33ac
36.744576388276286  1.7121750121313675 116.74457638827629 pid3352
37.061046297158214  0.6706152860096257 117.06104629715821 pid332e
37.186231094287315  0.8748046148448253 117.18623109428731 pid3358
37.256644611564695  1.4804120821156648 117.2566446115647 pid3253
37.261994023197154  1.6813825008307226 117.26199402319716 pid33ae
37.928270165302536  0.8604477235689969 117.92827016530254 pid326f
38.171885432252466  1.8631326549679033 118.17188543225247 pid32ff
38.519892905865824  1.6964473723925177 118.51989290586582 pid3382
38.6362466340434  0.612670269492565 118.6362466340434 pid32fc
38.77635146559301  1.6105894498282733 118.77635146559301 pid326a
38.81742167568477  1.0998969221591919 118.81742167568477 pid3321
39.02790055915043  1.8466594822054936 119.02790055915042 pid3232
39.31309602986809  0.6393252449273561 119.31309602986809 pid33d8
39.683019514985304  1.0610126009649319 119.6830195149853 pid3248
39.8980875197494  1.6207489514924667 119.8980875197494 pid32b7
40.12797374296177  1.6988259604362084 120.12797374296177 pid3330
40.165652917656416  1.7558646607405541 120.16565291765642 pid339d
40.49324341756401  1.954621398487177 120.493243417564 pid33cc
41.83566405223892  1.3391598455582303 121.83566405223891 pid3398
42.230154525827544  0.8619758240086477 122.23015452582754 pid3300
43.081285557140895  0.9410211025345678 123.08128555714089 pid3313
43.150613995847095  0.7039053262015778 123.1506139958471 pid3240
43.31249041998858  1.896239584510543 123.31249041998858 pid3357
43.408512041548114  1.786508964322954 123.40851204154811 pid33b7
43.89537674939889  0.9334597674143909 123.89537674939889 pid32c6
44.87899390147639  0.8258756994875818 124.87899390147639 pid3243
44.94513471172317  1.0229273908500751 124.94513471172317 pid32bd
45.22171203516612  1.8357310766795731 125.22171203516612 pid335c
45.34893847130577  0.8884315309478302 125.34893847130577 pid3354
45.383791940063695  1.6696123167350907 125.3837919400637 pid3249
46.004376992200626  1.418667191220665 126.00437699220063 pid3268
46.48293736444502  0.8182489912319835 126.48293736444502 pid3296
46.708203916725175  1.207434733373504 126.70820391672518 pid32f7
47.231196855593275  1.3198499460055746 127.23119685559328 pid323c
47.64057291478186  1.7276299493483582 127.64057291478187 pid33d2
47.90623612126731  0.9549732837613248 127.90623612126731 pid32d5
47.9624051406519  1.9308081222035351 127.9624051406519 pid33a4
47.99809479315952  0.6541261160414389 127.99809479315951 pid3237
48.61994286059104  1.7700852663535611 128.61994286059104 pid3301
48.747339533919984  1.6933292287262378 128.74733953391998 pid326b
49.051163687059706  0.7866696969408746 129.0511636870597 pid333f
49.294508525968226  1.1048446863353532 129.29450852596824 pid3327
49.87247891960279  1.1829334574122576 129.8724789196028 pid3331
50.059686760538696  0.7839306307226532 130.05968676053868 pid3350
50.31356478935707  0.5014313679089717 130.3135647893571 pid3265
50.45657131270797  1.7101261948458109 130.45657131270798 pid324d
50.54531683108341  1.5752989979055512 130.54531683108343 pid3316
52.00225799820886  1.2822247113524463 132.00225799820885 pid337b
52.1502496018752  1.7591267863499327 132.1502496018752 pid32a2
52.22876978820083  1.2859762280113838 132.22876978820082 pid33aa
52.39938017681563  1.1821255895332996 132.39938017681564 pid326c
52.511746836757005  1.4082770898200867 132.511746836757 pid33c5
52.86188757188409  1.6165578177180533 132.8618875718841 pid3340
53.00898117341145  0.7470353089406397 133.00898117341146 pid33ec
53.46169520216382  0.6827057036738633 133.4616952021638 pid330c
53.65517996090844  0.7943696749532356 133.65517996090844 pid334e
53.957399289048375  1.549367356526845 133.95739928904837 pid323f
54.86416934583695  1.7193866550455172 134.86416934583696 pid3323
55.50255748870075  0.9526256500375431 135.50255748870075 pid3370
56.02582216998132  1.143508463841518 136.02582216998132 pid33c6
56.06193669542525  1.535590112298413 136.06193669542526 pid3337
56.328044530880014  1.4229233873611435 136.32804453088002 pid334b
56.38160340131109  1.9628657702017656 136.38160340131108 pid33c3
56.944681640176235  1.6564764830647822 136.94468164017624 pid32f5
57.15765063621047  1.734275735813923 137.15765063621046 pid33a8
57.40879806093987  1.0258961521578993 137.4087980609399 pid335d
57.46577140279875  0.855618019186131 137.46577140279874 pid327d
57.83663463546591  1.3095475842821416 137.8366346354659 pid32a4
58.14408598155917  1.7135284775331139 138.14408598155916 pid334a
59.11161371163758  1.3310792668330635 139.11161371163757 pid3302
59.22045201154235  1.5612280705131987 139.22045201154236 pid32fb
59.35065262448581  1.034490404690266 139.3506526244858 pid3312
59.40844384052977  0.7075462408010103 139.40844384052977 pid32f4
60.73814594238575  1.938118875482023 140.73814594238576 pid3385
60.900600302552135  1.0865208827725654 140.90060030255214 pid328c
61.642628022354224  0.7574563679538096 141.64262802235422 pid3284
61.79007313702328  1.9959227472267076 141.79007313702328 pid336b
63.346149243290235  1.2944082326501063 143.34614924329023 pid329f
63.59852384014031  1.2360999187423296 143.5985238401403 pid330b
63.780051546019656  0.6859368037994977 143.78005154601965 pid3273
64.20682096906268  1.7010033199581516 144.20682096906268 pid32ef
64.73238316339909  0.6847226195720957 144.7323831633991 pid3272
64.87677671726483  1.61922332339303 144.87677671726482 pid33a0
64.97718883076368  0.5370906840978857 144.97718883076368 pid3361
65.1270051169932  0.5574606630312364 145.1270051169932 pid336f
65.8510937964061  1.0039928445023751 145.8510937964061 pid3306
66.09480567495764  0.9370279663048174 146.09480567495763 pid33ab
66.37382301957348  1.9665880854289046 146.37382301957348 pid32c0
67.0462347988552  1.8444210042171425 147.0462347988552 pid32e7
67.36835079151633  0.564181505449193 147.36835079151632 pid3269
67.86050853848178  1.9190388636883902 147.86050853848178 pid3384
68.28693547534424  0.5185985505299331 148.28693547534425 pid3379
68.59766777368505  1.1641622435508001 148.59766777368503 pid3391
71.48023700971301  1.9332033457707523 151.480237009713 pid33e9
71.519805042647  0.8580144098173269 151.519805042647 pid32d3
72.20887849414653  0.7415366932046119 152.20887849414652 pid3291
72.75523046306901  0.8708435576904705 152.755230463069 pid32c9
73.06276345204039  0.7586258151177798 153.06276345204037 pid3342
73.11483256358802  0.7220443478111399 153.11483256358804 pid3322
73.65604133362315  1.853183708066096 153.65604133362314 pid32e5
73.83532979045101  1.8144183581463431 153.835329790451 pid33e6
74.21805404659169  1.5852455991054588 154.2180540465917 pid326d
74.38600061478084  0.7001832236557078 154.38600061478084 pid333d
74.42788957921557  1.569305560981199 154.42788957921556 pid32dc
74.45087919231854  1.7102592838413886 154.45087919231855 pid33f2
74.63782289636832  0.9885609744277051 154.63782289636833 pid3262
74.64170419613333  1.355779280956982 154.64170419613333 pid32c7
75.35678508426446  0.9378490370738708 155.35678508426446 pid3364
75.37461328275388  0.5793536681151039 155.3746132827539 pid3376
75.60003310946198  0.7636767415085157 155.60003310946198 pid3341
75.7806235452346  1.0461139834819555 155.78062354523462 pid33a6
76.32204791189984  1.8308003393918317 156.32204791189986 pid32ad
76.52128114530008  0.6781698614604001 156.52128114530007 pid33f0
77.06068399004748  0.5319174831184694 157.0606839900475 pid33f3
77.91462779137933  1.2229297972652233 157.91462779137933 pid3309
78.22059870889004  0.6883189898631705 158.22059870889004 pid32c4
78.29869670408404  1.2945982191560494 158.29869670408402 pid3394
79.12635986620926  1.4834844667006704 159.12635986620927 pid32d7
79.22904058856098  1.0404914993871766 159.22904058856096 pid338e
79.42411033183525  1.5184059299118022 159.42411033183527 pid32cc
79.86971862309683  0.5981037657543119 159.86971862309684 pid32ed
79.96663347188137  1.217890172583925 159.96663347188138 pid3371
80.51018055456625  1.2534000728875831 160.51018055456626 pid32d8
80.59491258390737  1.215240699528275 160.5949125839074 pid3380
80.60960173856125  1.8835392525948458 160.60960173856125 pid3349
80.73133292345302  0.7701605409205989 160.731332923453 pid32b0
80.77057989977442  0.8823251724131495 160.77057989977442 pid33c7
81.00325848289934  1.1726086544590202 161.00325848289935 pid32fa
81.22721179804019  1.4974087003495393 161.22721179804017 pid32e6
81.4536414638911  0.9361674280471448 161.4536414638911 pid32e1
81.95118120373667  1.7608246333032946 161.95118120373667 pid3390
81.97587531537528  1.2496555303472816 161.97587531537528 pid33db
82.01500189847927  0.9818972123338194 162.01500189847928 pid3275
82.4710784928295  0.6455384347471955 162.47107849282952 pid3328
83.27424790261901  0.6757301166045693 163.274247902619 pid33dc
83.43349441649768  1.153629244105829 163.4334944164977 pid32d9
83.60558022747993  0.6563526079690862 163.60558022747995 pid328d
84.1707672548788  1.1101848779057422 164.1707672548788 pid33ba
84.60191471012806  1.39074419889912 164.60191471012806 pid32d1
84.82746203233695  0.837843544922008 164.82746203233694 pid3353
84.86738299865686  1.2648887093304235 164.86738299865686 pid337d
85.19559281090747  0.5972391269168502 165.19559281090747 pid325b
85.42199286159493  1.5521754798949712 165.42199286159493 pid3290
85.54046145828106  1.825112122936019 165.54046145828107 pid331e
85.77978791679834  1.6024994426091836 165.77978791679834 pid32fe
85.9207383216107  1.2664374073643798 165.9207383216107 pid32a8
86.04912276782414  1.2280715639653126 166.04912276782414 pid332a
86.16445938193976  1.173238422839359 166.16445938193976 pid328f
86.42811495893457  1.213402564546355 166.42811495893457 pid3362
86.99620486944701  1.7801355210867846 166.996204869447 pid3258
87.38961104761282  0.552653234421766 167.38961104761282 pid331d
87.5999144797602  0.5072122111026113 167.5999144797602 pid3310
87.74510308932892  1.749897455014219 167.74510308932892 pid3263
88.01611583229284  1.9498910623643333 168.01611583229283 pid32b4
88.49401731481893  0.5964261343062267 168.49401731481893 pid3254
88.74313996889403  1.4348858474382835 168.743139968894 pid334d
88.93789533416296  0.5586422998180527 168.93789533416296 pid3395
89.27283838831652  0.5915388229833694 169.27283838831653 pid33cb
90.10501665405106  0.5519021293009768 170.10501665405104 pid32c2
90.28860789540435  1.2752763562761902 170.28860789540437 pid325c
90.80015126848951  0.5685445759693604 170.80015126848951 pid330e
90.997233722717  0.9229108170498055 170.997233722717 pid3336
94.00693782039679  1.6107433905350097 174.0069378203968 pid33ea
94.12376305187955  0.5149072229502816 174.12376305187956 pid32df
94.32456780772499  0.7604748435591452 174.32456780772497 pid3244
94.65939085921507  0.9027777447715484 174.65939085921508 pid3257
95.46150186803958  1.4886507054355274 175.4615018680396 pid3261
96.38949950594436  0.8630099745477935 176.38949950594434 pid33bd
96.6613101987084  1.153194413819095 176.6613101987084 pid3343
96.72775546690262  1.7321905525181527 176.72775546690264 pid32f9
97.10471710990137  1.0454774374777966 177.10471710990137 pid32b3
97.33953689134822  1.5601822085143686 177.33953689134822 pid33a3
97.50374053733967  1.5891472451048163 177.50374053733967 pid3369
97.59458398322009  1.0860217418157514 177.5945839832201 pid3383
97.95720300891708  1.8475404044994261 177.95720300891708 pid3241
98.27527211979216  0.7739445665791059 178.27527211979216 pid3234
99.21965000578743  0.8130952516394271 179.21965000578743 pid3286
99.4132628614924  1.035777355676816 179.4132628614924 pid32da
99.69755969450983  0.5829517225830851 179.69755969450983 pid337f
99.69883283919373  0.5128289839618454 179.69883283919373 pid331b
100.1012377684542  1.5552712485368945 180.1012377684542 pid3381
100.25201787347872  0.5718720701358057 180.25201787347874 pid33c8
100.33739949503342  1.5164832409994653 180.33739949503342 pid33b2
100.57486949409152  0.5942536849115929 180.5748694940915 pid32cf
100.8299304808805  1.2680608053748914 180.8299304808805 pid32eb
100.95407550038531  1.0924626456505473 180.95407550038533 pid3271
101.36888207703204  1.5037640869168765 181.36888207703203 pid33ad
102.56901869880579  1.1138517700309742 182.5690186988058 pid33b3
104.20858714147977  0.670842659285785 184.20858714147977 pid331a
104.68604504161166  0.8385415030359351 184.68604504161166 pid32dd
105.08945129456973  1.5656749410876443 185.08945129456973 pid32c3
105.54979604885118  1.2704495521957613 185.5497960488512 pid325e
105.97609761379006  0.6142061642091325 185.97609761379005 pid3239
106.15093761206634  1.560423375320343 186.15093761206634 pid32a1
107.07717328286674  1.2644997641546842 187.07717328286674 pid3319
107.16591071996963  1.7047237697548423 187.16591071996965 pid335e
108.117088116402  1.8885388640338596 188.117088116402 pid32bb
110.04366006335914  1.5291336536461502 190.04366006335914 pid32e3
110.23931941413761  1.9499299382630544 190.2393194141376 pid32f2
110.24904828110837  1.9538620661032302 190.24904828110837 pid327b
110.30329989693902  1.5481259943374006 190.30329989693902 pid3317
111.13513889962165  1.8418808774365862 191.13513889962167 pid32d0
111.3354112472202  1.3820614936632942 191.33541124722018 pid3238
111.93846573978298  1.614688250046558 191.938465739783 pid3363
111.9807597961052  1.1080877292829532 191.9807597961052 pid32a5
111.99447259018092  0.5530832650980366 191.99447259018092 pid338c
112.0405708895525  0.582741857635778 192.0405708895525 pid325f
112.06758313330573  1.21292920505585 192.06758313330573 pid32f0
112.26621783646532  1.6195020364792523 192.26621783646533 pid3392
112.52045551449426  0.7977077906901879 192.52045551449424 pid3305
113.77163110097752  1.4755588301240317 193.77163110097752 pid3346
114.42982227404003  0.6366021927878462 194.42982227404002 pid323b
114.65189738645039  1.9266574820287405 194.6518973864504 pid336a
114.76161309032646  1.0545449999875576 194.76161309032648 pid336d
114.85539520097  0.7736971137410573 194.85539520097 pid3399
114.93575565667828  1.7743561675521198 194.93575565667828 pid326e
115.60390405479814  1.1250369821892505 195.60390405479814 pid339c
115.83680587619176  1.8343825392070856 195.83680587619176 pid3324
116.45026595329102  1.8579260280210705 196.45026595329102 pid3292
116.49417005367964  0.512500644586156 196.49417005367962 pid324a
117.05990054464688  1.6811108943190056 197.0599005446469 pid33e1
117.5350881091892  1.0972618234360854 197.5350881091892 pid33d7
117.72715282357139  1.533541229808008 197.72715282357137 pid32be
117.97011266530583  1.9860747525075129 197.97011266530583 pid339f
118.06174258666688  1.8852114872699466 198.06174258666687 pid336e
118.12094208135724  1.1293881655063132 198.12094208135724 pid33a7
118.44847326217118  1.1209585334064736 198.44847326217118 pid33c0
118.63719778015623  1.708572202215592 198.6371977801562 pid3368
118.72830094379367  1.8543709727013304 198.72830094379367 pid328b
118.8666706295415  1.747703339346304 198.8666706295415 pid3315
119.97026321622285  0.828364982774828 199.97026321622286 pid333b
120.4253682055954  1.6430552216439134 200.42536820559542 pid33a9
120.51139473704589  0.7812473170895959 200.5113947370459 pid32aa
120.93278167283465  0.5935150343815214 200.93278167283466 pid3311
120.9943341447633  1.3978678808756886 200.9943341447633 pid33dd
121.06841639442135  1.0102160416645276 201.06841639442135 pid33da
121.22592967244152  0.5877016373037214 201.2259296724415 pid33e2
121.47824680956911  1.4271354097771496 201.4782468095691 pid3334
121.72920693932296  1.4787705310482564 201.72920693932298 pid32e2
122.1767744674669  1.7509223141903203 202.17677446746688 pid33bb
122.57460910691819  0.7187492046056823 202.5746091069182 pid331c
122.66284400627379  0.9617959060155714 202.6628440062738 pid33eb
122.85148316753245  0.7214860140474598 202.85148316753245 pid3295
123.10964085046159  1.2247543424207044 203.10964085046157 pid33ce
123.21374143587744  1.2169022045917157 203.21374143587744 pid3375
123.26606743239093  0.6688562363971966 203.2660674323909 pid332c
123.59411606122393  1.391328952124593 203.59411606122393 pid339e
123.61839520579198  1.1558974838260294 203.61839520579198 pid3397
123.70661694865578  0.544977076146316 203.70661694865578 pid3332
123.90690904891044  0.7773188634384862 203.90690904891045 pid33e8
123.95019889476185  1.4298392050586732 203.95019889476185 pid32cb
124.7269574228203  1.7699350414325103 204.7269574228203 pid33de
124.86241284186852  1.95909118289324 204.86241284186852 pid3282
125.16680546590011  1.7163325724854896 205.1668054659001 pid3297
125.54445286728279  0.9302358468246659 205.54445286728279 pid3260
125.99966733975666  0.7670615175873491 205.99966733975666 pid3320
126.11498150897812  1.5743521834633563 206.11498150897813 pid33e3
126.36241138560719  1.9376570330653475 206.36241138560717 pid32e0
126.36800507674721  1.0554831557832185 206.3680050767472 pid335f
126.8265281477366  1.7638483468556052 206.8265281477366 pid3344
127.22817433981838  0.9060319051919603 207.2281743398184 pid32e8
127.97074657094485  0.8048124019220908 207.97074657094487 pid3338
128.2526367239727  1.2550488503570556 208.2526367239727 pid33ee
128.58189973715324  1.8763242417946746 208.58189973715324 pid32ce
128.86355683003657  1.6288966786069405 208.86355683003657 pid3388
129.1050363261195  1.0716928475313028 209.1050363261195 pid32a7
129.7608809104577  1.9224073649076123 209.7608809104577 pid33ca
130.29181300751827  1.7606352819932398 210.29181300751827 pid338a
130.58471582316554  1.9032323139347456 210.58471582316554 pid3366
130.65427095285767  1.373276371618447 210.65427095285767 pid3339
131.29335527534323  0.8187257747964369 211.29335527534323 pid333e
131.91201988981396  1.5308660334397892 211.91201988981396 pid3274
132.04904421894938  1.479218111311641 212.04904421894938 pid33b4
132.170911320408  1.3272019660018832 212.170911320408 pid33a2
132.20515646636622  1.959722165888174 212.20515646636622 pid327c
132.94088863880802  1.991897788428345 212.94088863880802 pid3387
133.11524889839708  1.1047091827622402 213.11524889839708 pid3256
133.19846135200174  0.6461690464022499 213.19846135200174 pid3329
133.34035724523605  1.427625393126235 213.34035724523605 pid32f8
133.91575291307134  0.5850838696677139 213.91575291307134 pid32ab
133.9873848729744  0.6122064003505292 213.9873848729744 pid323d
134.45729122903842  1.8618822221661329 214.45729122903842 pid3289
134.46683751880488  1.9022073319048944 214.46683751880488 pid32b1
134.47614796474699  1.5376260817877534 214.47614796474699 pid33b8
134.78248493025805  0.7967718372426544 214.78248493025805 pid3259
134.95371476547726  1.052264684224786 214.95371476547726 pid32f6
135.04671908569725  0.8730724862481491 215.04671908569725 pid3255
135.10104559962323  0.68600098205466 215.10104559962323 pid33b1
135.1901475499724  1.4278697003222003 215.1901475499724 pid3251
135.55058743377398  0.7440600834610507 215.55058743377398 pid3355
135.74016047015814  0.5718382341032665 215.74016047015814 pid32ba
135.83885736508697  0.6119793223752099 215.83885736508697 pid32b2
136.10762375623557  1.7574897399875353 216.10762375623557 pid3335
136.26712253134272  0.5447651445718393 216.26712253134272 pid333a
136.27744974595046  0.9565372113441903 216.27744974595046 pid33e7
136.60119448624428  1.8731122232805886 216.60119448624428 pid3314
137.58409478465262  1.9905455865906874 217.58409478465262 pid3242
137.97338690274506  1.7323783166610771 217.97338690274506 pid3287
138.2372630406778  0.5408141689633164 218.2372630406778 pid3266
138.58109071055392  0.7308693472448482 218.58109071055392 pid32e4
138.78934306616148  0.8732083633033394 218.78934306616148 pid333c
139.5982417768134  0.8881484937956698 219.5982417768134 pid33bc
139.89445123010185  1.2684257403086003 219.89445123010185 pid3372
139.91513883704587  1.1383625989747432 219.91513883704587 pid3359
140.04173477937593  1.3051113972648383 220.04173477937593 pid331f
140.19153466972105  0.7980953049592949 220.19153466972105 pid3277
140.22313531582358  1.387817074764846 220.22313531582358 pid3325
140.47178635543716  1.6724808548313057 220.47178635543716 pid33cf
140.55576356242685  1.2978702725173608 220.55576356242685 pid3267
140.6341536826699  1.2916397262086607 220.6341536826699 pid339b
140.86360018903514  0.9821101658048466 220.86360018903514 pid3360
141.01728630683215  1.803981013362184 221.01728630683215 pid3308
141.03094040720134  1.0082241986620915 221.03094040720134 pid33b6
141.3744170681616  0.9681242562117296 221.3744170681616 pid332d
141.53249772923948  1.775785548420301 221.53249772923948 pid32c1
141.55482265368155  0.8494367107564749 221.55482265368155 pid32b6
141.61444473999262  0.6155540192110566 221.61444473999262 pid3245
141.71744293149558  1.1369442771808496 221.71744293149558 pid337a
141.8981072108835  0.7912409906801844 221.8981072108835 pid3252
142.29644890767597  1.2566554489942874 222.29644890767597 pid32ca
142.5548875182529  1.5365844798969897 222.5548875182529 pid32a9
142.68422962035234  0.9704334192046913 222.68422962035234 pid32a6
142.69259835512787  0.5489049441882063 222.69259835512787 pid3396
142.75410574291388  1.6923748385194084 222.75410574291388 pid3283
143.3117912862193  0.7877694341014667 223.3117912862193 pid334f
143.41831695322207  1.434054804291624 223.41831695322207 pid324f
143.45895693367973  1.0756585549494022 223.45895693367973 pid3304
143.78815819228763  1.543681470879603 223.78815819228763 pid329d
144.03913181407634  1.6950449752748904 224.03913181407634 pid33c1
144.16048806476059  1.0694000058824422 224.16048806476059 pid32c5
144.19725281049764  0.768755677624811 224.19725281049764 pid32c8
144.89169320075624  1.6095198853315942 224.89169320075624 pid325a
145.04332821187327  1.7428540451075196 225.04332821187327 pid327f
145.2278650983211  0.7083004418239365 225.2278650983211 pid3365
145.4616195157682  1.6650752841186138 225.4616195157682 pid323e
146.02973501924436  0.8777750153012409 226.02973501924436 pid32e9
146.7876126903877  1.1632342995789515 226.7876126903877 pid334c
146.9411473335583  1.1826122340586551 226.9411473335583 pid32d6
147.25054156105128  1.8737675896563974 227.25054156105128 pid338d
147.6277965060173  1.9519212913650148 227.6277965060173 pid323a
147.8242471377384  1.6082272347251685 227.8242471377384 pid32ae
148.0440864559233  0.9181418364935025 228.0440864559233 pid33e5
148.08198142172824  0.7787643380413505 228.08198142172824 pid3333
148.42423469348319  1.6621690890004321 228.42423469348319 pid328e
149.0251778005648  1.9596655479317786 229.0251778005648 pid3393
149.05231340226507  1.886118906828942 229.05231340226507 pid33b9
149.09812704545172  1.4859084564486713 229.09812704545172 pid325d
149.41586658108756  0.5160108000773866 229.41586658108756 pid33d3
149.82175523008414  1.1736389336739816 229.82175523008414 pid32de
149.94591166544984  0.9948944403911515 229.94591166544984 pid33ed
