1.2906758042356137  0.5836148934036436 81.29067580423562 pid66c
2.796470213055108  0.6492705814913575 82.7964702130551 pid652
3.5705394841128224  1.5266058002054097 83.57053948411283 pid64c
5.628586750525749  1.52238759215908 85.62858675052576 pid656
8.878866069644392  1.5379156230246014 88.87886606964439 pid64e
9.945259114118432  1.8704520015702404 89.94525911411843 pid659
10.791529581390675  1.6146658816695034 90.79152958139068 pid665
10.923022356896517  0.7754902984868186 90.92302235689652 pid645
12.928067232861057  1.7511095044936609 92.92806723286105 pid65f
20.746490218234925  1.0172816547653927 100.74649021823492 pid64b
23.49585688710197  1.9859494823772184 103.49585688710197 pid664
24.36032487589122  0.5978591786522315 104.36032487589122 pid647
24.767699182795177  1.373575661473466 104.76769918279518 pid643
28.211989588461723  1.222205073826026 108.21198958846172 pid661
30.523674629930092  1.3277026245295442 110.5236746299301 pid66d
31.208641054468355  0.6415240254202659 111.20864105446836 pid654
33.0285557710062  1.4549416318396862 113.0285557710062 pid671
34.59731896356113  1.9711346668932368 114.59731896356112 pid650
35.49277211755976  1.206440182177072 115.49277211755975 pid65d
38.938042791258816  1.0868952987001514 118.93804279125882 pid667
41.36165905705146  1.39635552328924 121.36165905705147 pid66f
43.093526945132865  1.3380740554794384 123.09352694513287 pid663
43.7562132634949  1.0020463161520672 123.7562132634949 pid651
51.83708380137036  1.9166806922096116 131.83708380137037 pid658
53.292516724036645  1.1195538620177161 133.29251672403666 pid653
64.13002303934886  1.898047831811418 144.13002303934886 pid64f
64.22984130431104  0.9812980317305598 144.22984130431104 pid64a
68.950626914096  1.3934507444644098 148.950626914096 pid66e
70.66777949605941  1.4582928513655062 150.6677794960594 pid666
71.85277402950311  1.704391371715369 151.8527740295031 pid669
72.44346098122278  0.7300488900683144 152.44346098122278 pid657
73.33057627144947  1.1210397301602404 153.33057627144947 pid668
75.4312193211448  1.5760148512629564 155.4312193211448 pid642
79.92526234331498  1.9585345718788885 159.92526234331498 pid65c
86.4046875486963  1.1330132434216251 166.4046875486963 pid66a
87.72710497811916  1.5564437802739746 167.72710497811914 pid644
91.23867981154048  1.4384235928439786 171.23867981154046 pid65b
92.74204829174418  1.0267474288891758 172.7420482917442 pid64d
96.455466061938  1.9702893515958255 176.455466061938 pid641
101.18105111639663  1.2408597975923514 181.18105111639665 pid646
107.63492401071149  1.0594711786345572 187.63492401071147 pid660
108.54482689488293  1.0785496657317795 188.54482689488293 pid655
115.34084680851053  0.8769308497163333 195.34084680851055 pid670
123.89449242500513  1.0723632075396456 203.89449242500513 pid65e
127.29312609007678  1.1261045453357683 207.29312609007678 pid662
136.5868543681932  1.678900860180424 216.5868543681932 pid66b
138.65230608208742  0.578125271087105 218.65230608208742 pid640
143.1005385091121  1.9330719447972977 223.1005385091121 pid648
144.7717493434246  1.6832271117797277 224.7717493434246 pid65a
148.743634482613  1.0506674601755503 228.743634482613 pid649
