2.1356417575390587  0.9159267358603801 82.13564175753906 pid613
3.8893484627521846  0.9068786151734127 83.88934846275218 pid632
6.930371024580328  0.7129097564549027 86.93037102458032 pid623
10.008857934360037  1.9838090051186728 90.00885793436004 pid622
15.784168438314715  1.296575105076057 95.78416843831471 pid61e
16.512150218687268  0.6633942062962596 96.51215021868727 pid63e
31.945007756084838  0.8184975324231156 111.94500775608483 pid629
34.4781561048659  0.9243460952100728 114.4781561048659 pid631
35.23826209913846  0.7888989950033186 115.23826209913847 pid62a
36.92675149771496  1.9336054961570464 116.92675149771496 pid63b
42.34202381861235  1.5161367954161589 122.34202381861235 pid61a
47.66657917222117  1.5885872722335221 127.66657917222116 pid634
49.423276105304694  0.8868017554681704 129.4232761053047 pid638
52.42625704422  0.5141343868626325 132.42625704422 pid626
52.43130118359058  1.1049784409556989 132.43130118359056 pid63c
55.60326003448694  1.0842123705484359 135.60326003448694 pid636
56.03200700980409  0.7284094881001195 136.0320070098041 pid61d
57.14649177631806  1.8015976626800283 137.14649177631804 pid637
62.22036905014976  0.6294074848729776 142.22036905014977 pid621
65.34209401320196  1.9398228634762358 145.34209401320197 pid630
65.52411382853766  1.2659120633882681 145.52411382853768 pid620
66.28250273906434  1.2297088480431007 146.28250273906434 pid61f
71.18831581155713  1.2707990805835159 151.18831581155712 pid615
73.56880825336633  0.5250048268403009 153.56880825336634 pid616
81.48335157856957  1.7281971528641151 161.48335157856957 pid617
90.23938042750108  1.5536148291042209 170.2393804275011 pid62b
96.20377002870674  0.5784349341708572 176.20377002870674 pid61b
98.79318217883913  1.3677843844944744 178.79318217883912 pid60f
102.65939744937178  1.0396350791650013 182.6593974493718 pid611
108.91912089363791  1.3971614886973684 188.9191208936379 pid60e
110.1367058092862  1.3193237699325135 190.13670580928618 pid628
112.07389303941208  1.9486159619123105 192.0738930394121 pid61c
115.14154803848642  1.7114488481259942 195.1415480384864 pid625
115.97955426579747  1.4390707076475677 195.97955426579747 pid635
119.64366964996283  1.5188681134903752 199.64366964996282 pid62f
119.65081556634884  0.9331445295177736 199.65081556634885 pid62e
122.48897632842302  1.9581043239906877 202.488976328423 pid62c
122.54857982235691  1.3415858797898292 202.5485798223569 pid618
125.19901909369779  1.3798999928280924 205.19901909369779 pid633
126.28352256736467  0.6254129081568992 206.28352256736468 pid612
132.46628038872728  1.2743193156240922 212.46628038872728 pid639
132.5176575308542  0.8216993090007991 212.5176575308542 pid624
134.36665400694707  1.4496729416516492 214.36665400694707 pid627
135.06825636707404  0.8485112530225005 215.06825636707404 pid610
135.96846749975694  1.403769888920746 215.96846749975694 pid614
138.2285682567298  1.7417919659944157 218.2285682567298 pid619
145.58723010599508  1.5671439546199286 225.58723010599508 pid62d
146.161294985979  1.5610227674467798 226.161294985979 pid63d
146.74534018526617  1.7905970118303525 226.74534018526617 pid63a
149.19984011222616  0.7378984527954535 229.19984011222616 pid63f
