0.019963152421592634  1.0907557796081395 80.0199631524216 pid17a5
0.1047244325086294  1.341654095312164 80.10472443250863 pid1765
0.11766449209758001  1.4673540173801496 80.11766449209757 pid17a1
0.1836041127724064  1.8696880901822976 80.1836041127724 pid17bc
3.199201080869729  0.6877447981726312 83.19920108086973 pid17b9
3.7458315148325427  1.4185275792368208 83.74583151483255 pid175b
3.784291589615746  1.7286794992276233 83.78429158961575 pid17be
4.102396105699885  0.8529563794445043 84.10239610569988 pid1752
5.457399031692484  1.6131716970164476 85.45739903169249 pid1771
5.562340833527668  1.2254302560682027 85.56234083352767 pid178c
6.304878611585169  1.2725875886556661 86.30487861158517 pid1766
8.894305077402787  0.7226618075490546 88.89430507740279 pid179e
9.007732345964758  0.7264430697122801 89.00773234596475 pid1792
9.988827940830847  0.9347013547494717 89.98882794083084 pid1763
10.523611208682858  1.3049900505660186 90.52361120868287 pid1769
11.020125026675315  0.6020265932637048 91.02012502667532 pid17b2
12.44940873671348  1.387832038008382 92.44940873671348 pid1744
12.834913581528573  0.8804428152133916 92.83491358152857 pid17b4
13.823986617823103  1.960463754950831 93.8239866178231 pid1761
14.188606834345347  0.6093133749747037 94.18860683434535 pid178b
14.852942554694554  1.3010353296951533 94.85294255469455 pid17c9
16.674017582292795  1.9390997523738456 96.67401758229279 pid1751
17.68895285217137  1.489963802747698 97.68895285217137 pid177d
18.201676423242986  1.9986036067350559 98.20167642324299 pid175e
22.023633826222433  1.7068418874570694 102.02363382622244 pid1756
22.37004704869066  1.047958255691392 102.37004704869067 pid1796
24.491275495255216  1.3573548569506917 104.49127549525522 pid17a7
25.219184120237635  1.8012753075218475 105.21918412023763 pid17d0
25.872839986222125  1.3292082856368634 105.87283998622212 pid178a
26.40950694486885  1.3270006922277542 106.40950694486885 pid177f
28.170733990296686  0.8518644349517919 108.17073399029668 pid17cb
29.037302696922872  0.7502770399444146 109.03730269692286 pid1790
29.039992823312637  1.664522160781513 109.03999282331264 pid17c4
30.78798157390466  1.6930057965314655 110.78798157390466 pid17b7
31.090100398672384  1.8850709797493983 111.09010039867238 pid1781
32.812570903481436  1.0101805656664078 112.81257090348143 pid178f
33.75032118803312  1.0275684940603453 113.75032118803313 pid1772
35.086231212047416  1.4471338607595383 115.08623121204741 pid1797
35.29556469643077  1.2574597458176013 115.29556469643077 pid174b
40.06734098099869  1.9521067496536124 120.0673409809987 pid1780
41.26268243885761  1.5303490708795355 121.26268243885761 pid17d1
41.439383474882504  0.9032411218914805 121.4393834748825 pid174f
41.81303657028761  0.845035488755346 121.81303657028761 pid176d
41.86608166096784  1.4597644873811852 121.86608166096784 pid177a
42.41217765876572  0.7899858877487714 122.41217765876573 pid1787
43.73108759227933  0.9135615720168304 123.73108759227932 pid174d
44.1752431647473  1.3040402079890043 124.1752431647473 pid17ad
44.76662783264383  1.3703693306366913 124.76662783264382 pid1747
45.383263357727174  0.9092500287800326 125.38326335772717 pid178e
45.43137993058461  0.8425144020172461 125.43137993058461 pid173e
46.66826454386279  1.0869415076199704 126.66826454386279 pid177b
49.83127734245147  1.3407941191449535 129.83127734245147 pid178d
50.50577392366923  1.0751199185009508 130.50577392366924 pid17c5
50.80395699181929  1.5187966001510353 130.8039569918193 pid1777
53.2896650331727  0.7232712838096828 133.2896650331727 pid1749
53.553939245356055  0.9861095552174457 133.55393924535605 pid17a8
54.6453631595644  1.8071542564162948 134.6453631595644 pid176f
55.79749406558742  0.8393707410263835 135.79749406558741 pid17bb
55.81777308370788  0.5149583192990168 135.8177730837079 pid174c
58.62722390995363  1.8123568808536812 138.6272239099536 pid1794
61.26937513078869  0.7758634630525272 141.2693751307887 pid1750
63.98763781182876  1.4190152602832842 143.98763781182876 pid175f
65.49392463967659  1.5519695973425223 145.4939246396766 pid1773
67.98804586348002  1.8239468961079601 147.98804586348 pid17d2
68.92360532412089  1.3233619244401553 148.9236053241209 pid1795
68.96221165043538  0.9602623266465973 148.9622116504354 pid174a
70.10084644501582  1.7531016420686782 150.1008464450158 pid1774
70.42971053133638  1.7050311039895083 150.42971053133638 pid1740
70.5664089643242  1.6978621857317924 150.56640896432418 pid17b3
70.96278130997275  0.9495448564568211 150.96278130997274 pid175d
71.5917132221751  0.5755761418926049 151.5917132221751 pid17c0
74.09636991649855  0.8370411160988609 154.09636991649853 pid17aa
74.3386592974944  1.6358392881661419 154.33865929749442 pid1788
75.1279293803167  1.4178027148691472 155.1279293803167 pid1770
76.47079543422211  1.197870702983985 156.4707954342221 pid179a
76.63568315554227  0.9125072242158543 156.63568315554227 pid17ab
77.55862668552301  1.5386915235403287 157.558626685523 pid1784
77.59401816239414  0.6067506662564954 157.59401816239415 pid1759
77.70262672235125  1.728236061751969 157.70262672235125 pid17ae
78.80704431913884  1.39168482647485 158.80704431913884 pid17a9
79.85941054954796  1.4643485055071994 159.85941054954796 pid1754
81.17667822397111  1.7727219305294564 161.17667822397112 pid1758
82.84774290884764  1.335578905075744 162.84774290884764 pid1746
83.36143782679746  1.6622712378663957 163.36143782679744 pid177e
87.84800658975074  0.8004475406425031 167.84800658975075 pid1757
88.38157690359218  1.8925371531217927 168.3815769035922 pid179f
89.5187727970897  1.5552910700918938 169.5187727970897 pid17a3
89.9111133787752  1.5269618468556772 169.9111133787752 pid17cf
90.56475324321825  0.8923332734032078 170.56475324321826 pid17c8
93.7200670152246  0.9618291659068797 173.7200670152246 pid1793
93.79170566257885  1.51619991015426 173.79170566257886 pid179c
95.60029919847162  0.7435321982997454 175.60029919847162 pid1776
95.82390776154529  1.0439171386880082 175.82390776154529 pid1743
96.45391562771444  0.8151956658429784 176.45391562771442 pid17c6
103.29731583978437  0.7601742677875463 183.29731583978437 pid17b8
104.309434155778  1.414918551657079 184.309434155778 pid1760
105.15124406167983  0.9297205198949416 185.15124406167985 pid1764
105.46213781680272  1.4277758317422393 185.46213781680274 pid1798
107.38788191053763  0.5564956983541669 187.38788191053763 pid17c1
107.7249630929153  1.7609144402116428 187.7249630929153 pid17a2
108.35605474286464  1.0475661477784908 188.35605474286464 pid1741
108.75881142519778  1.232435627723044 188.7588114251978 pid17a6
109.22109344889382  1.3160960087478848 189.22109344889384 pid17b6
110.04388179445934  0.6011767155184777 190.04388179445934 pid1762
110.99879141462654  1.835994302925911 190.99879141462654 pid1742
112.38293445853178  1.2772605171159828 192.3829344585318 pid1767
112.8414976031493  1.6011197344518404 192.84149760314932 pid17c7
113.16493845853424  1.1713812166787854 193.16493845853424 pid1755
113.40909649564676  1.8721686046230306 193.40909649564676 pid17ca
113.53200276616785  1.16641616424576 193.53200276616786 pid1783
114.24882147588298  0.6541514617009339 194.24882147588298 pid1791
114.3537154668335  0.6335644633007209 194.3537154668335 pid17d3
115.85964398775239  0.6745065059969402 195.8596439877524 pid17b0
117.33922603822826  1.683252564996315 197.33922603822828 pid17a4
117.8985941112397  1.5996720287786519 197.8985941112397 pid17ce
118.64497007410475  1.907679701831281 198.64497007410475 pid1789
120.08437805298742  1.500547718727775 200.0843780529874 pid1785
120.34059484601809  1.9071840741986683 200.3405948460181 pid1745
121.8389515100339  1.9243060991926408 201.8389515100339 pid17ac
121.9318513798661  1.0027585545795887 201.9318513798661 pid175a
122.2724219221377  1.9025758604380532 202.2724219221377 pid176a
122.51288333277085  1.850264375874556 202.51288333277085 pid17c3
122.63674870262034  1.848624332485733 202.63674870262034 pid1778
123.30573725559536  1.0706939797833779 203.30573725559537 pid175c
124.07350200047398  1.5119769018018232 204.07350200047398 pid176e
124.96993911209225  1.7025822303080638 204.96993911209225 pid17bd
125.3018223325656  1.637811814359975 205.30182233256562 pid1799
125.49197926543478  0.6502509853369627 205.4919792654348 pid17cc
126.59706462056468  0.6210643857031395 206.59706462056468 pid17af
130.6845855254923  1.6943791908341852 210.6845855254923 pid17b1
131.5802149441185  1.9158393325638565 211.5802149441185 pid173f
132.58588158595117  0.6055835094758951 212.58588158595117 pid179d
135.5422925529844  1.9929726275871311 215.5422925529844 pid17b5
136.18454574251237  1.0295806981029694 216.18454574251237 pid17ba
137.1582916013078  1.6643754050172803 217.1582916013078 pid1775
138.11901215417154  1.4858804588202275 218.11901215417154 pid1782
138.57381650075132  0.8783314322086645 218.57381650075132 pid17c2
140.53288646134337  1.600635089792481 220.53288646134337 pid1748
143.26011753338798  1.624396087082664 223.26011753338798 pid17cd
143.3934105281268  1.361742630839759 223.3934105281268 pid1768
144.22123093780456  0.7067495227935409 224.22123093780456 pid176b
144.4303912361105  0.9109027223513754 224.4303912361105 pid177c
144.5067103089393  0.9862466355151049 224.5067103089393 pid176c
145.35206741871087  1.935840544030596 225.35206741871087 pid17bf
145.73751858272644  1.2231313854061474 225.73751858272644 pid1779
145.817351076023  0.6774866973026521 225.817351076023 pid17a0
146.40937205148282  0.7384339815610872 226.40937205148282 pid1753
147.75045183145534  1.4013767140506446 227.75045183145534 pid174e
148.64589057477488  0.5745077824040488 228.64589057477488 pid1786
149.12308823980476  0.5476524746420564 229.12308823980476 pid179b
