0.7093016437705102  2.8538082509392564 6.4169181456490225 pid789
6.99434615548562  2.6047735850761122 12.203893325637845 pid79b
9.08549861394048  1.7063610890953784 12.498220792131237 pid76f
12.047815010014052  1.3486983730485766 14.745211756111205 pid781
14.977533444066093  1.0653272213551845 17.108187886776463 pid775
16.74936138176557  0.6375936486177991 18.024548679001168 pid780
19.584545255496433  2.8465045414074037 25.27755433831124 pid78e
21.201058031703223  0.7603603832884488 22.72177879828012 pid794
21.383895558307653  2.25592517470692 25.895745907721494 pid799
21.660820858968155  1.016189244204659 23.693199347377472 pid779
23.384398251492843  1.1596972109606678 25.703792673414178 pid791
23.97109268665949  2.755541450208104 29.482175587075698 pid785
25.23915446818433  1.7223123473991628 28.683779162982656 pid77a
25.446945819570853  1.4680062505172518 28.382958320605358 pid77e
27.589800513804818  2.3817309359098147 32.35326238562445 pid76c
28.407952912586985  2.480515716339834 33.368984345266654 pid778
28.830280051544  1.564702150343797 31.959684352231594 pid798
28.97853487643818  2.6641882242657955 34.30691132496977 pid78a
35.392201170733905  0.554473716392297 36.5011486035185 pid793
40.09627777111417  1.3683765800837635 42.83303093128169 pid79c
41.6496227332448  2.469256427782788 46.588135588810374 pid78b
42.57309699266996  0.8245096609274116 44.22211631452478 pid79d
43.90787705732405  1.3139212264982043 46.53571951032046 pid773
45.730227938648106  0.7757681966236296 47.28176433189537 pid77c
48.23656918172459  2.778543885329697 53.793656952383984 pid792
49.21203813834987  2.438792918705782 54.089623975761434 pid795
50.38637343981036  1.0366426626460337 52.45965876510243 pid79a
55.18651323777994  0.7912410439902755 56.76899532576049 pid797
56.698969509712846  0.8678894189087241 58.434748347530295 pid78d
58.06530455723632  1.544909564631387 61.15512368649909 pid770
59.06817692582504  1.8157905720194276 62.6997580698639 pid784
64.57940707086176  1.5770123320255314 67.73343173491283 pid788
66.23466527878436  2.58723357618949 71.40913243116334 pid782
66.59396990783999  2.3844148443858093 71.36279959661161 pid774
67.28839234212593  2.3043024563618553 71.89699725484964 pid78f
68.92623540195723  2.380347765549252 73.68693093305573 pid772
72.62609302241589  2.3259484673286708 77.27798995707323 pid777
73.19323439386768  2.0431959299912563 77.2796262538502 pid76e
76.41273547376343  1.4492370524359899 79.31120957863541 pid77b
78.09243390222106  2.552595246999852 83.19762439622076 pid776
80.47093993066721  1.3324355129971013 83.13581095666142 pid796
81.07225179090321  0.42516209165214836 81.9225759742075 pid77d
85.45919785148716  2.008667049014407 89.47653194951597 pid783
86.97492093472657  1.7969138533232707 90.5687486413731 pid77f
87.72148890414066  2.5482409370769097 92.81797077829448 pid78c
87.74452512408011  0.7066166603736979 89.15775844482751 pid771
91.78999933293778  1.8292162360478383 95.44843180503347 pid786
94.06759689637028  2.0512889204421083 98.1701747372545 pid790
95.57640142219813  0.8727451072384698 97.32189163667508 pid787
97.99595806428442  0.5535485453020496 99.10305515488852 pid76d
