0.3790120597417568  0.6377548858625446 80.37901205974175 pid367a
1.3577543009131277  0.8423556683355482 81.35775430091313 pid363e
1.6769220769845883  1.509044939106907 81.67692207698458 pid35ca
1.8633204696499983  1.0346598205790958 81.86332046964999 pid3657
2.028356889854649  0.987803017298442 82.02835688985465 pid3740
2.3149481162394903  1.8764783366276456 82.31494811623949 pid373f
2.6290184995233834  1.4269387826160873 82.62901849952338 pid3647
2.7297573491612437  1.755711530864929 82.72975734916125 pid36e5
3.04579103578802  1.135243525981878 83.04579103578801 pid3729
3.6746898853459387  1.6303591802584196 83.67468988534594 pid364f
3.7954266192535724  0.9256775021680514 83.79542661925358 pid3636
4.218161522669578  0.8583778233481814 84.21816152266958 pid36d7
5.117748018122609  1.812455672686263 85.11774801812261 pid36c2
5.819821342567827  1.2911966439046756 85.81982134256782 pid36aa
7.71411757526545  1.0501601722815543 87.71411757526545 pid3683
7.795902690407763  1.0002168812462195 87.79590269040776 pid35d6
8.305325953486037  1.3803819452727653 88.30532595348603 pid366e
8.534707281720111  1.8050104926116128 88.53470728172012 pid35d1
8.883790170004819  1.0346944363454555 88.88379017000481 pid368a
9.054111995148183  1.4741459744692946 89.05411199514819 pid3606
9.311947598321357  0.6677139280227866 89.31194759832135 pid36cb
9.837177232347493  1.2517737725233662 89.8371772323475 pid375f
9.928297723573154  1.3118732411812943 89.92829772357315 pid3753
10.3504639735782  1.2526596920218886 90.3504639735782 pid3680
10.553215057484627  1.9064979439258052 90.55321505748462 pid36fe
10.926530098107879  0.7694203316942732 90.92653009810788 pid36b3
11.94700803863139  1.7009158035884697 91.9470080386314 pid370c
12.608799900011174  0.8672432660176908 92.60879990001118 pid3616
12.781536761649576  0.6668609359567824 92.78153676164958 pid36c4
12.965722986255418  1.210142154828295 92.96572298625541 pid374c
13.38436474358064  1.445774898666417 93.38436474358065 pid371d
13.394765543645558  1.8024617246597263 93.39476554364556 pid367b
14.020346437509284  0.8510620021141242 94.02034643750929 pid360f
14.181180784439212  0.5656476251102676 94.1811807844392 pid35f8
14.48025645172013  1.0105543870699363 94.48025645172012 pid367d
15.404622632905479  0.886392069144442 95.40462263290547 pid36c9
16.17515987008129  1.9594119107358858 96.17515987008129 pid35d0
16.37335444307279  1.7584730101976367 96.3733544430728 pid373c
16.54785253429968  0.7490022920977917 96.54785253429968 pid3755
16.624462753602216  1.4407337907466307 96.62446275360222 pid3707
16.699347399019754  1.8726994823726593 96.69934739901976 pid3678
18.517986013284876  1.5528408617701535 98.51798601328488 pid36bc
18.690126586336504  0.9506637122920581 98.6901265863365 pid36b5
18.780714493663798  0.9784603443660826 98.7807144936638 pid35b7
18.84598394183112  0.6614605017905034 98.84598394183112 pid364b
19.16411984600047  0.7401414490661447 99.16411984600047 pid36c7
19.358816004796868  0.7146157201110894 99.35881600479686 pid36f0
19.505650847290994  0.8833797815504709 99.505650847291 pid3763
19.6077882770738  1.5060510656557906 99.60778827707381 pid3669
19.708234678160867  1.4921331015265809 99.70823467816086 pid3650
19.925696000070097  0.8736741041544205 99.9256960000701 pid35ea
20.521049863338252  0.9701997361857561 100.52104986333825 pid3651
21.0712700450761  1.0510946609490954 101.0712700450761 pid36d9
21.406849863068985  1.7381945016494615 101.40684986306898 pid366a
22.05276786850698  1.4957038016518955 102.05276786850698 pid35fd
22.076631950611315  0.7673509218724264 102.07663195061131 pid364c
22.117373668745056  1.856335469970056 102.11737366874506 pid370a
22.523439380814253  1.1536697210704796 102.52343938081425 pid36d8
22.594395392902555  1.0229012161515745 102.59439539290256 pid36b7
22.874780488732547  0.9598019448861526 102.87478048873254 pid3679
23.673295943818246  1.6118432474058424 103.67329594381825 pid3672
24.116883270695965  1.8071008045825208 104.11688327069596 pid361c
24.515027899988766  1.3317727471451666 104.51502789998877 pid35e2
24.59133573278212  1.8402985352406873 104.59133573278211 pid35f0
25.035327869367595  1.5896573672338314 105.03532786936759 pid3764
25.64730150539289  1.7193223506583095 105.64730150539289 pid3689
26.367326757470273  1.933519882742625 106.36732675747027 pid35cc
26.734525853540774  1.2210639337586406 106.73452585354077 pid35c0
27.378062287030268  1.7249472513417172 107.37806228703028 pid3743
27.50141207797137  0.5337640926691885 107.50141207797137 pid35ec
27.709937672441797  0.8966509597707897 107.7099376724418 pid3723
28.086455135759476  1.4840432983861351 108.08645513575948 pid375d
28.291006080835157  0.7937346233799627 108.29100608083516 pid3742
28.713169265203025  0.7888921642508535 108.71316926520302 pid372b
29.665405084718532  1.7260550687129899 109.66540508471853 pid36e1
30.126101429875636  1.9111559270790792 110.12610142987563 pid365c
30.50905422379425  0.7526305938481394 110.50905422379425 pid3756
31.926353851267642  1.9963987621436936 111.92635385126763 pid374b
31.96128384679284  1.707133167366327 111.96128384679284 pid368c
31.98493121122122  1.5582965971902734 111.98493121122122 pid35e7
32.145589227255776  1.1496030365805456 112.14558922725578 pid35c6
32.311759702556074  1.8801006893956074 112.31175970255607 pid360b
32.414485094634415  1.164766388725439 112.41448509463441 pid36a1
32.44057147031576  1.0958439204992891 112.44057147031576 pid3673
32.597087944444134  1.5630051909693803 112.59708794444413 pid3652
32.601795663391485  0.9550500705921019 112.60179566339148 pid36ef
32.602633758097305  1.2611238692423412 112.60263375809731 pid369b
32.821730489873964  1.9446247953494833 112.82173048987397 pid374e
33.21088280814426  1.5520486973405117 113.21088280814426 pid376f
33.87954223260795  1.5401745029157254 113.87954223260795 pid36d5
33.94297408958127  1.4874455689780035 113.94297408958127 pid3610
33.9534568378256  0.5468067864635682 113.9534568378256 pid364d
34.03896828778114  1.8791131358563695 114.03896828778113 pid3698
34.20285350233447  1.6019038223581445 114.20285350233448 pid3713
34.57459664644069  0.5972017274154969 114.57459664644068 pid363a
34.63082479079881  0.6983648786991032 114.63082479079881 pid35e4
35.21611498684264  0.9431890722092491 115.21611498684264 pid3697
35.227980147662045  0.798591171511913 115.22798014766204 pid3690
35.42622434648116  0.8213394356693062 115.42622434648116 pid36fc
35.65975199571256  1.2150672280695745 115.65975199571255 pid36fb
36.38478857726627  0.7234017169360584 116.38478857726628 pid35d8
36.476425471636844  1.7135904502960977 116.47642547163684 pid35fe
36.65363536633987  0.8267491541879376 116.65363536633987 pid3634
37.3203164857246  1.2707789673460557 117.32031648572459 pid3768
37.38490208260593  0.587725244956405 117.38490208260593 pid36c8
37.650387573729645  0.6575498368400248 117.65038757372965 pid3617
37.88085261038595  1.226455319466131 117.88085261038594 pid3665
37.98585616388833  1.1222027594200925 117.98585616388833 pid3615
38.26901988066809  1.9820143557401972 118.26901988066808 pid35c3
38.299022061734526  0.5165979634122744 118.29902206173452 pid35fb
38.44215004796418  1.3060738968635532 118.44215004796418 pid3666
38.55776054922781  0.517392997755856 118.55776054922781 pid3627
38.6162156710162  1.8172109364475908 118.61621567101619 pid3664
38.70680969017225  1.9073778679597186 118.70680969017225 pid36c3
39.26899156155784  0.8499441294010452 119.26899156155784 pid35bf
39.659225524866905  0.5573425133870068 119.65922552486691 pid360a
40.03270009543669  1.5572691693795113 120.0327000954367 pid35f2
40.167978161538734  0.7975671481177311 120.16797816153874 pid35b6
40.45260954835236  1.5849636998343037 120.45260954835237 pid36d0
40.70549685670581  0.9725460703030551 120.7054968567058 pid36f9
40.916316283779196  1.9310297249909252 120.9163162837792 pid36d2
41.33102419334689  1.2710674564247249 121.33102419334689 pid362a
41.418838376858425  0.928049774884643 121.41883837685842 pid35d4
41.56598738750501  1.007678484908674 121.565987387505 pid3719
41.699896661533835  0.5266890007706293 121.69989666153384 pid36da
41.856601456891454  1.2059025953230882 121.85660145689145 pid35c9
41.93325653754056  0.6355662223853902 121.93325653754056 pid3691
42.01263159568209  0.7779229173017573 122.01263159568208 pid36b9
42.58512676031066  0.9165889903213029 122.58512676031066 pid3671
43.09631818096397  1.9122671264902167 123.09631818096398 pid3684
43.13348220401287  1.6257613135248397 123.13348220401286 pid36a2
43.3948451768911  1.327454870876604 123.3948451768911 pid3661
43.52588246892503  1.882422111033226 123.52588246892503 pid3710
43.88915637267844  0.8395251977368055 123.88915637267844 pid3702
44.57159269949027  1.9674571797737825 124.57159269949027 pid3656
44.663129118998704  1.039131204493425 124.66312911899871 pid365a
44.929536513115096  0.7814232777625214 124.9295365131151 pid376e
45.16575661713673  0.6984704661647964 125.16575661713674 pid3770
45.66851273871777  1.6298177327545516 125.66851273871777 pid36dc
46.19541485290682  1.4537561464618496 126.19541485290682 pid3774
46.228458323724496  1.3975561454564007 126.2284583237245 pid3717
46.70987324874679  1.4434996499120427 126.70987324874679 pid36fd
47.80901756295365  0.9080488316895567 127.80901756295364 pid3744
47.96011939403644  1.4390868192468245 127.96011939403644 pid376b
48.02149538741452  0.7106609993982436 128.02149538741452 pid3769
48.546000904166284  1.3981578717978278 128.54600090416628 pid376c
49.14537253946658  1.4462649528268217 129.14537253946656 pid3745
49.15611892599561  0.944043760291733 129.1561189259956 pid35f1
49.314251579601226  1.588547390496445 129.31425157960123 pid3734
49.31576288507038  0.5629153497891284 129.31576288507037 pid3733
49.91870327490313  1.8252402907123353 129.91870327490312 pid36f3
50.03274623194051  0.6675527922782262 130.0327462319405 pid3725
50.38158215790609  0.5033939125804974 130.38158215790608 pid366c
50.48881793701672  1.1052047423101001 130.48881793701673 pid3749
50.53790049216929  0.9994019138108299 130.53790049216929 pid361a
50.83157559232867  1.501184602901807 130.83157559232868 pid3704
50.87122221070356  0.8046132379085618 130.87122221070356 pid362c
51.95168180075037  1.313588751897258 131.95168180075038 pid36db
53.1372265708403  1.5873067293753036 133.1372265708403 pid3767
53.31532064426178  1.4419751368122886 133.3153206442618 pid35de
53.46208383044992  0.7919439996411084 133.46208383044993 pid35c7
53.50656906305394  1.6238320260827666 133.50656906305395 pid36b2
53.679614308553155  0.6583076911050829 133.67961430855314 pid3619
54.051476936514966  1.0915390119713297 134.05147693651497 pid3685
54.78611401775282  1.663094423706972 134.78611401775282 pid3715
55.013522109441254  0.7002003395877479 135.01352210944125 pid3603
55.235571581579244  1.9220545542977217 135.23557158157925 pid35cb
55.474474243996205  1.269366601229503 135.4744742439962 pid3635
55.682832521008194  1.125937404809233 135.6828325210082 pid36af
55.852041529298106  0.7081338652674918 135.8520415292981 pid3621
55.94385673746567  0.7381205491260049 135.94385673746567 pid3622
56.05516261194593  1.6213684038975322 136.05516261194595 pid3638
56.386993288131436  0.5892288425816422 136.38699328813144 pid35b9
56.55516712126931  0.5558259779092932 136.5551671212693 pid3674
56.801804231705994  1.6904391088873714 136.801804231706 pid3686
57.35543044024539  1.371677144139832 137.35543044024539 pid36ee
58.14404758737218  1.3878852745476475 138.14404758737217 pid36bb
58.32872937765973  1.6336323453034443 138.32872937765973 pid3631
58.47574579484412  1.8620506309192029 138.47574579484413 pid3614
58.56484269315856  1.4560513063131801 138.56484269315857 pid3720
58.58758907287797  1.3762985124214016 138.58758907287796 pid3693
58.848254359939375  1.7035824052941921 138.84825435993938 pid36c5
59.42963620533169  1.2790688499747347 139.4296362053317 pid3681
59.50203701715263  1.4784552726301947 139.50203701715265 pid35cd
59.65488347460393  1.7469376492824358 139.65488347460393 pid360d
60.22458620639237  1.9631814576959519 140.22458620639236 pid368d
60.23789632406334  1.7409775595980448 140.23789632406334 pid36e8
60.26240771101371  1.5275213564305825 140.2624077110137 pid3735
60.4410596883002  1.445187559717281 140.4410596883002 pid369d
60.459286340352826  0.7783884740473848 140.45928634035283 pid3662
61.04478340568189  0.728529704358183 141.0447834056819 pid372f
61.096226583753015  1.2010071511786211 141.096226583753 pid3724
61.21696589839661  1.8213340898955357 141.2169658983966 pid3632
61.88295638273217  1.9686784056490076 141.88295638273217 pid3639
62.009130397315786  0.8531671400812686 142.0091303973158 pid3760
62.07506039958969  0.5317621647175457 142.0750603995897 pid35ba
62.5267106392019  1.935276806270922 142.5267106392019 pid3705
62.54577238919026  0.9463590097209644 142.54577238919026 pid373a
62.665952361142274  1.3419899997837663 142.66595236114227 pid3630
62.70434290285206  0.5232060395135544 142.70434290285206 pid3736
63.071852851783646  0.9034629961278646 143.07185285178366 pid3676
63.16528311700128  1.819012384342488 143.16528311700128 pid35f9
63.3693876190904  0.7908475747615072 143.3693876190904 pid3668
63.69709201137333  0.6515506436944876 143.69709201137334 pid3628
64.34173624673087  1.692653470151187 144.34173624673087 pid3747
65.32329737933124  1.0032488583906123 145.32329737933122 pid374d
65.89947665254827  1.6571410281601626 145.8994766525483 pid3739
66.54320545347953  0.9908934398516092 146.54320545347952 pid3762
66.74731345642755  1.6891907389438972 146.74731345642755 pid3602
67.0806496338556  0.9043144583731338 147.08064963385561 pid35f6
67.53454973351474  1.4536030822660733 147.53454973351472 pid36c0
67.73997027962126  0.5347188085464142 147.73997027962128 pid3645
67.93073021357824  1.0302603675490831 147.93073021357824 pid36ec
68.76578279031878  0.7480819914705537 148.76578279031878 pid3758
68.9593418871944  0.8710316434673131 148.9593418871944 pid36ca
69.50128687135773  0.6484095533351549 149.50128687135773 pid3726
70.54839191437433  1.5205013356239472 150.54839191437435 pid3609
71.400426772303  1.8864394665450828 151.400426772303 pid3653
72.29632292007692  1.2341440571456186 152.29632292007693 pid3718
73.03144923531136  1.2838630022828017 153.03144923531136 pid36fa
73.11868081994889  1.9010728433743649 153.1186808199489 pid362f
73.67338547404854  0.6033252384835573 153.67338547404853 pid3608
73.7787817951519  0.6553147542872737 153.7787817951519 pid3660
74.12685144363013  1.5984745861560232 154.12685144363013 pid3692
74.70246302322921  0.8520852849443104 154.7024630232292 pid3682
75.92594985142208  1.199941951248009 155.92594985142208 pid36a0
75.97764380667194  0.8511736031355865 155.97764380667195 pid35cf
76.49602686267693  0.6772682445173985 156.49602686267693 pid369e
76.77726378883143  0.9976218854233531 156.77726378883142 pid3663
76.86208159201057  0.5773492528987143 156.86208159201055 pid3688
77.0183343711459  1.8713097223741748 157.0183343711459 pid3777
77.26250334772999  1.518740923888198 157.26250334773 pid3709
77.49300035741533  1.9359592988076098 157.49300035741533 pid376d
77.56860870872596  1.3550590499332602 157.56860870872595 pid36a7
78.34111522517335  0.8890581609745991 158.34111522517335 pid361e
78.46654872469452  1.1249395927754477 158.46654872469452 pid35ee
78.81017790480792  1.9387314361796304 158.81017790480792 pid370f
79.90152743694237  0.6106633429839259 159.9015274369424 pid36cc
80.88592658653822  1.5685331605025379 160.88592658653823 pid373e
81.34929204989821  1.4135046126453412 161.34929204989822 pid36b0
82.14165486292528  1.605559626615317 162.1416548629253 pid3712
82.19205593921153  0.5592188782485275 162.1920559392115 pid36ba
82.20379507353965  1.05392865338909 162.20379507353965 pid36dd
82.28895366819347  1.438052713465415 162.28895366819347 pid36e3
82.55056760571827  1.062343539619655 162.55056760571827 pid36a3
82.8354628337218  1.6522731805308049 162.8354628337218 pid35e5
83.0270061145267  0.5076039763048155 163.0270061145267 pid3687
83.32383741300181  1.286543548304523 163.3238374130018 pid375c
83.36594426551457  1.0477939864997081 163.36594426551457 pid3648
84.21736496629497  1.3450152587862503 164.21736496629495 pid3670
84.93997930833636  1.6177950499768272 164.93997930833638 pid3776
85.12886189094377  0.5802338487467298 165.12886189094377 pid35e3
85.94674995780895  1.9138804317027693 165.94674995780895 pid373b
86.48930111669468  1.591705827949698 166.48930111669466 pid375b
86.50494964217647  0.5001908020017354 166.50494964217648 pid36a5
86.9848410261287  0.5274546376513293 166.98484102612872 pid3775
87.05875523794928  1.3506218548774533 167.0587552379493 pid3731
87.43120965379913  0.7299373522655849 167.43120965379913 pid3766
88.39194600436058  1.227692380430336 168.3919460043606 pid35fa
88.47049983301181  0.5485519778204384 168.47049983301181 pid362d
88.70721628237106  1.363895236530718 168.70721628237106 pid36cd
89.19196817009892  0.7675965880187432 169.1919681700989 pid363d
89.56690872300389  1.9065035297353896 169.5669087230039 pid370b
89.61980901475542  0.9615136611460653 169.61980901475542 pid3748
89.76565948900911  1.4386746186943022 169.76565948900912 pid35f3
90.58255263679966  1.189524710130917 170.58255263679968 pid3611
91.01336375292043  1.1468144410037215 171.01336375292044 pid3716
91.15979569376005  0.7974943833774761 171.15979569376003 pid35be
91.2716255217526  1.3288134484994731 171.27162552175258 pid3694
91.56311733500041  1.2652968801077258 171.5631173350004 pid35c2
91.84115155009755  0.7309032191945392 171.84115155009755 pid372d
91.97560174605634  1.206814285371602 171.97560174605633 pid36e7
92.05240066479813  1.8994965859547361 172.05240066479814 pid370d
92.4013513665886  1.5710610599265074 172.40135136658859 pid35bd
92.41257293762649  1.216594825942512 172.4125729376265 pid365e
92.56366356503766  0.8299139793559196 172.56366356503764 pid36de
92.6519315503902  1.6571766806122201 172.6519315503902 pid36b1
93.0162873883471  0.5776197035897424 173.0162873883471 pid360c
93.10167307521733  0.9127531477088834 173.10167307521732 pid374a
93.41885061405257  1.562531226254558 173.4188506140526 pid36c6
93.60180138937517  1.5051709291009718 173.60180138937517 pid365b
93.82339174132962  0.9551753699752255 173.8233917413296 pid3737
93.96375266372877  1.1994727582726497 173.96375266372877 pid369f
94.00465972998484  1.013736000671119 174.00465972998484 pid35c8
95.10459775664663  1.4016644249385766 175.10459775664663 pid36ac
95.29151103563096  1.2370184917472162 175.29151103563095 pid371b
95.38308244189055  0.9302958396065205 175.38308244189056 pid35e8
95.4165851452361  1.212421178404556 175.4165851452361 pid3695
95.49099243406664  0.8303969498975516 175.49099243406664 pid3773
96.9118191883192  1.779912826591259 176.9118191883192 pid3604
96.9175382212996  0.9787087292171497 176.9175382212996 pid35d7
97.29764535086058  1.8051107200683718 177.2976453508606 pid35c5
97.60928264865944  1.537468723900616 177.60928264865944 pid35fc
97.76878204523005  0.7875067984906398 177.76878204523007 pid36bf
98.30730099224044  1.3019234435100184 178.30730099224044 pid3624
98.31487989065104  1.912326955684969 178.31487989065104 pid361d
99.24422209462448  1.9641847184211692 179.2442220946245 pid360e
99.41946959389298  1.6033263383658531 179.41946959389298 pid36e2
99.5171763858969  0.6630965070369017 179.5171763858969 pid3675
99.85989432004484  1.9418555826087676 179.85989432004484 pid3752
100.64321607398806  1.3866941552204817 180.64321607398807 pid36f7
100.78491903649888  1.5751649980111935 180.78491903649888 pid3750
101.03676489307179  0.5532392818702665 181.0367648930718 pid3633
101.21043218852677  0.8192952260487738 181.21043218852677 pid35f4
101.27777759505194  1.512578919921269 181.27777759505193 pid364a
102.32094455519773  1.3752338644145918 182.32094455519774 pid3601
102.75261526327971  1.6406313772422232 182.75261526327972 pid36d6
103.3363713208506  1.3917207147725104 183.33637132085062 pid36e9
103.49104970225072  0.7561071624548725 183.49104970225073 pid36bd
104.06586098388375  1.7356113714679657 184.06586098388374 pid35bb
104.3197378893518  0.7902012220653392 184.3197378893518 pid36cf
104.5477244555098  0.6136699501461391 184.5477244555098 pid367c
104.70252218115994  1.0772382725267888 184.70252218115994 pid36f2
104.81643964368207  1.3648096377300265 184.8164396436821 pid364e
104.87896942225944  1.1911243543371661 184.87896942225944 pid3727
105.73566793729373  0.949053112408281 185.73566793729373 pid3607
105.94333326445972  1.5966385876575584 185.94333326445974 pid3600
106.04286264393092  1.0961233984466037 186.0428626439309 pid36f1
106.31143316108441  1.89058640359765 186.3114331610844 pid36e0
106.97637585700319  1.8369022108688355 186.97637585700318 pid3706
107.20314740424301  1.9929487907034298 187.203147404243 pid36d4
107.48486606208358  0.9164485292104876 187.4848660620836 pid36ab
107.6866599827237  1.6383723605217422 187.6866599827237 pid36f4
108.0055316724216  0.8751690993560779 188.0055316724216 pid35d5
108.09811338240124  0.6925716185322451 188.09811338240124 pid3701
108.14782234320461  1.2290362445595968 188.1478223432046 pid35e0
108.43618465389339  1.4903184812583696 188.4361846538934 pid35dc
108.53534027059614  1.2232796522492786 188.53534027059612 pid36a6
108.55378151818556  1.3058612362069293 188.55378151818556 pid372e
108.72099390920903  1.4073370207264335 188.72099390920903 pid35b8
108.74277522361358  0.7723123593371171 188.7427752236136 pid361f
109.12775255207045  0.7169021393043413 189.12775255207043 pid3732
109.3046031768618  1.5501476465481858 189.3046031768618 pid35dd
109.78747831273637  0.8010022466451018 189.78747831273637 pid3699
110.68012989846041  0.8935227077348658 190.6801298984604 pid35ce
111.18915798600189  1.5187724850985846 191.18915798600187 pid3721
111.54914617889494  1.2559175281647685 191.54914617889494 pid368e
111.76308744680735  1.9733298676843223 191.76308744680733 pid35eb
112.22612864294598  0.6453259694569539 192.22612864294598 pid3623
112.23627811448397  0.8787057113762018 192.23627811448398 pid3759
112.26680892014512  1.0294843172625288 192.26680892014514 pid371c
113.50645893163684  0.9727840543352992 193.50645893163684 pid366b
113.59991222412138  0.7000922407136858 193.5999122241214 pid3640
113.96755821370539  0.6402659959819408 193.9675582137054 pid3738
114.33816878123164  0.7407329949964168 194.33816878123164 pid36e6
114.95465082185046  0.7275120038838947 194.95465082185046 pid375a
115.12531325224816  1.9714652863826303 195.12531325224816 pid365f
115.1511290751765  1.6840730750524426 195.1511290751765 pid3722
115.18841672327623  0.8401092422323511 195.18841672327625 pid366f
115.43176344790452  0.7221901078422749 195.43176344790453 pid35ed
115.49486841179647  1.8112805579117732 195.49486841179646 pid362b
115.51885396077878  1.1185978030943307 195.51885396077878 pid369c
115.56880504563605  1.679294751401454 195.56880504563605 pid372c
115.91170333550748  1.907067344522587 195.91170333550747 pid36f5
115.9780763126476  1.9064035863639253 195.9780763126476 pid372a
116.31822355797803  1.0892315936067136 196.31822355797803 pid3643
116.3996967884886  0.6720374957538284 196.3996967884886 pid369a
116.53079191051111  1.043935295738571 196.5307919105111 pid36c1
116.63164322311412  0.5647636793391166 196.6316432231141 pid363b
116.84169590712527  1.4617219401533663 196.84169590712526 pid36eb
117.18508846907345  0.9802119160709286 197.18508846907343 pid3700
117.28707205570905  1.3634140254243725 197.28707205570905 pid3659
117.41332086097938  1.2162450851262823 197.41332086097938 pid367f
117.64935629286097  1.7220934207788794 197.64935629286097 pid3751
118.14606459623262  0.6113515563842795 198.14606459623263 pid35f7
118.14687803695574  0.6940561967788527 198.14687803695574 pid371a
118.57336493061445  0.8169254175557349 198.57336493061445 pid35ef
118.64186364246049  1.0072705961906416 198.6418636424605 pid366d
118.89935125355564  1.1931313031448267 198.89935125355564 pid3714
119.15139516158064  0.9736572265652272 199.15139516158064 pid36a8
119.2986980577955  1.2370495349629034 199.2986980577955 pid36ff
119.45561595618116  1.820143972188967 199.45561595618116 pid3757
119.53436075644055  1.419691401972515 199.53436075644055 pid373d
120.0317193050008  0.5546349268385562 200.03171930500082 pid3612
120.26703528596093  1.5493339010871077 200.26703528596093 pid3728
120.3774110372133  1.486991005678171 200.3774110372133 pid3754
120.4135017355995  1.4083683357910233 200.41350173559948 pid36b8
120.55348870316473  1.2554646920506867 200.55348870316473 pid3765
121.28170099120476  0.5663697740083191 201.28170099120476 pid3644
121.5312243712498  1.9571169753780948 201.5312243712498 pid361b
121.97628227996165  0.8600941301947567 201.97628227996165 pid35ff
122.04210660593647  1.6051846389738873 202.04210660593645 pid3625
122.14779878078748  1.9822278234456097 202.14779878078747 pid3655
122.31441684988181  0.5518350023914346 202.3144168498818 pid3761
122.52003894575995  1.2912492848290038 202.52003894575995 pid363f
123.17942485923984  0.5639087633224578 203.17942485923984 pid3605
123.54113331904068  0.8911729957537515 203.54113331904068 pid368f
123.56954368231078  1.97722602600903 203.56954368231078 pid375e
124.92055685051834  1.9610549944632578 204.92055685051832 pid36df
126.06671775708156  0.7956617178908336 206.06671775708156 pid3741
126.22874596802292  1.6373221895750172 206.2287459680229 pid36ad
126.529719993772  1.3125660849478085 206.529719993772 pid3772
127.10251537336788  1.1149764205401362 207.10251537336788 pid3646
127.19925365392648  0.9950946652954771 207.19925365392646 pid36a4
127.25780292164377  0.5905220458714447 207.25780292164376 pid371f
127.60087174298603  1.140183726673165 207.60087174298604 pid3708
128.710957834885  1.6879029229215194 208.710957834885 pid376a
128.8863642118616  1.8262938155710378 208.8863642118616 pid3613
128.92613674015726  1.5103977510968551 208.92613674015726 pid36ed
129.61178245103432  0.9196257584889376 209.61178245103432 pid35d9
129.7025783553803  0.8866838310460832 209.7025783553803 pid35da
130.18933871348574  0.800619649704511 210.18933871348574 pid36d1
130.62539949228287  1.4026213331401338 210.62539949228287 pid362e
130.64312445349907  1.6129216312357841 210.64312445349907 pid3677
130.74984875207983  1.497875672187777 210.74984875207983 pid3642
130.76645597554733  0.6582193869941336 210.76645597554733 pid36e4
131.75977499410666  1.4676608011083538 211.75977499410666 pid3649
131.9117363613597  1.9026410856595302 211.9117363613597 pid374f
132.31873715115873  0.8022815122489926 212.31873715115873 pid35e1
132.51717818313563  0.5958970343342948 212.51717818313563 pid367e
132.63477889276385  1.8074241796719401 212.63477889276385 pid370e
132.6739566617919  1.4424738944032567 212.6739566617919 pid36be
133.1490950606594  1.87363119972147 213.1490950606594 pid3667
133.1975520456977  0.5141887423441924 213.1975520456977 pid35db
133.44074185357547  1.6076298117306853 213.44074185357547 pid36f8
133.59353426894958  0.5395198418043505 213.59353426894958 pid371e
133.73288955425733  1.29879676410257 213.73288955425733 pid363c
133.90457937111486  1.4139494427825663 213.90457937111486 pid365d
134.01940640258144  1.94020658948676 214.01940640258144 pid3618
134.65597846341447  0.8398724990816363 214.65597846341447 pid3654
134.75328443157758  1.9268835891409353 214.75328443157758 pid35df
136.62712083783595  0.7387896763910897 216.62712083783595 pid36f6
136.7363697039777  1.0185335535829072 216.7363697039777 pid3730
136.98963095774795  1.65468426877303 216.98963095774795 pid35e9
138.3781054564632  0.823455792909595 218.3781054564632 pid3658
138.91294484612354  1.8568222235603262 218.91294484612354 pid368b
139.03107665244622  1.393210450295118 219.03107665244622 pid35bc
139.1466526960837  1.5787531384279307 219.1466526960837 pid3641
139.6291685639657  1.025417625596649 219.6291685639657 pid35c4
139.8787318148821  0.8522216667873558 219.8787318148821 pid35c1
140.16379499696717  0.6927924303237298 220.16379499696717 pid3626
141.08325436895356  0.7045995754385026 221.08325436895356 pid35d3
141.32175338080359  0.8394914704696022 221.32175338080359 pid3696
141.60520921319653  1.297970151145138 221.60520921319653 pid3637
141.88460640451353  1.5854727477669068 221.88460640451353 pid36d3
141.93370147221515  0.7559289928551145 221.93370147221515 pid3620
142.25296623607824  1.8628538865513757 222.25296623607824 pid3746
142.26129860794086  0.8847123623962543 222.26129860794086 pid36b4
142.4465753934757  1.7068203284832417 222.4465753934757 pid3711
142.77651761144875  0.9086163896655775 222.77651761144875 pid3703
143.01629825537066  1.0782795430164174 223.01629825537066 pid35d2
144.9253319752797  1.7481299027736 224.9253319752797 pid36b6
145.62709444726974  1.8891622651658688 225.62709444726974 pid3629
146.78754741940085  1.9143296238508147 226.78754741940085 pid3771
146.85680869440347  0.7092743557975298 226.85680869440347 pid36a9
147.10056496391087  0.7291807847373715 227.10056496391087 pid36ce
148.66161680701367  0.7468176886646405 228.66161680701367 pid36ae
149.36743919154657  1.7836176239660086 229.36743919154657 pid36ea
149.56134252809673  1.0807643285324597 229.56134252809673 pid35e6
149.80573520058908  1.2146896701649863 229.80573520058908 pid35f5
