0.14552206312957727  0.6703334731189082 80.14552206312958 pidb55
0.7193616933757474  1.4163610958651416 80.71936169337575 pidb07
5.223066378442153  1.7148966045783616 85.22306637844216 pidb3a
6.387864319895514  1.0972241818275421 86.38786431989551 pidb42
8.041695780384428  1.6234467316975274 88.04169578038443 pidb16
8.087097875873894  1.8675281405799766 88.0870978758739 pidb2d
11.199695654824653  1.8820708416590168 91.19969565482465 pidb47
12.056733558022586  1.0550585486090214 92.05673355802259 pidb64
12.829488639021042  0.751617256775144 92.82948863902104 pidb5d
12.838798446396671  0.5526530322140495 92.83879844639667 pidb18
13.088265773719543  0.5404227327108491 93.08826577371954 pidb10
15.543496843243055  1.3427195059511627 95.54349684324305 pidb4d
15.924090578755168  1.052760801428241 95.92409057875517 pidb43
16.196446098885286  1.5239180567624788 96.19644609888529 pidaff
16.798454626978383  1.8712791429356164 96.79845462697838 pidb04
16.99036354915374  1.1565946091363895 96.99036354915374 pidb13
17.16244930512944  0.6521567928039047 97.16244930512944 pidb74
18.565265021547813  1.169898768215747 98.56526502154782 pidb3d
18.998540504975153  1.8954681616295153 98.99854050497515 pidb1a
19.19712178503647  0.9981477391651518 99.19712178503647 pidb66
20.574232256750324  1.3094835902229724 100.57423225675032 pidb01
21.723343126871423  1.8395682662141704 101.72334312687143 pidb03
22.158496210774164  1.3399782555748678 102.15849621077416 pidb77
22.553519761019775  1.2999805750120406 102.55351976101977 pidb40
25.6335252758645  0.6480718704836654 105.6335252758645 pidb22
25.69373582590821  0.9195209622502347 105.6937358259082 pidb12
26.645522432423867  1.6408129366784387 106.64552243242386 pidaf1
28.860009242312884  1.2431203347439792 108.86000924231288 pidafd
30.155377119940667  0.6260441798513041 110.15537711994067 pidb7d
30.993452854363014  1.6816131356967634 110.99345285436301 pidb68
31.359628161731635  0.7546345580972248 111.35962816173164 pidb4c
33.26377401694264  1.860656435719993 113.26377401694265 pidb06
35.997072592203246  1.8903311133529876 115.99707259220324 pidb53
37.521097327895646  0.5864268296301604 117.52109732789565 pidafc
41.36463450515157  1.8277146770696997 121.36463450515157 pidb14
41.89661069651589  0.5523857361054607 121.89661069651589 pidb6d
44.24556895342831  1.8491431083552228 124.24556895342832 pidb2e
44.31015997717216  1.8296463681280657 124.31015997717216 pidb23
46.15342903592815  1.2641885250690246 126.15342903592816 pidb17
46.51928871486034  0.563191155928782 126.51928871486034 pidb41
47.22280515117659  1.4950205822796883 127.22280515117659 pidb5b
47.2519004920608  0.9323502972656015 127.2519004920608 pidb05
47.489551498714256  1.81682853179009 127.48955149871426 pidaf3
47.564410048669934  1.761513279813915 127.56441004866994 pidb5f
47.72210808257816  1.7727489210826537 127.72210808257816 pidb44
49.4901321541271  1.4926491154810817 129.4901321541271 pidb83
52.60671303808502  0.5829212450566117 132.60671303808502 pidb46
54.05895814489407  1.7772790868755934 134.05895814489406 pidb80
54.61530734581631  0.9576493571843623 134.61530734581632 pidb7e
54.63830550252409  1.740594727609658 134.63830550252408 pidb2b
56.87178685328953  1.7993433026198706 136.87178685328954 pidb71
56.88894681494301  1.4897726564457368 136.888946814943 pidafe
57.230539354194796  1.227520756399093 137.2305393541948 pidb0e
57.553572906595775  1.1709383046086377 137.55357290659578 pidb61
58.594463025363936  0.5805388428653115 138.59446302536395 pidb36
61.8484923039391  1.9353094698405524 141.8484923039391 pidb63
62.321794521463694  1.1496862028217154 142.3217945214637 pidb79
62.559676261408384  1.8442720891182551 142.55967626140838 pidb0f
62.6906262917966  1.167821211357771 142.6906262917966 pidb34
63.77564136092927  1.2514458677936988 143.77564136092928 pidb69
66.678925249806  1.7991083620968595 146.678925249806 pidb50
66.69241027434083  1.1250060014447925 146.69241027434083 pidb57
67.82851058147475  1.459398900720506 147.82851058147475 pidb58
68.54254312312395  0.7308564763288957 148.54254312312395 pidaf7
70.31565357244234  1.2423422823509158 150.31565357244233 pidb59
71.01337076583376  1.7506458072024402 151.01337076583377 pidb19
71.48589787349604  1.41687434678436 151.48589787349604 pidb26
72.59966408662946  0.8771123506057459 152.59966408662945 pidb0d
72.88293840020938  0.5796088977901823 152.88293840020938 pidb3b
74.23553986079929  1.9278019080865256 154.2355398607993 pidb62
74.74155285093784  0.742566268980144 154.74155285093784 pidb73
75.24918812334724  1.1795361933179644 155.24918812334724 pidb35
75.2961720212916  0.7978355491221149 155.2961720212916 pidb52
75.5577684167085  0.7238191301238435 155.55776841670848 pidaf8
75.77350861219566  1.5851885817272813 155.77350861219566 pidb78
75.95137886751202  1.3947710884744529 155.951378867512 pidb60
77.41396703525395  1.0581441826248223 157.41396703525396 pidb0a
77.76773036147355  1.954043169210453 157.76773036147355 pidb67
77.94962464811316  1.4437668793425558 157.94962464811317 pidafa
78.8814846038934  1.7143405596300716 158.8814846038934 pidb3e
79.31835041557873  1.686204657563919 159.31835041557872 pidaf9
81.24719220360036  1.118826004485584 161.24719220360038 pidb76
81.46159507157932  1.4539063302719706 161.46159507157932 pidb81
81.82317106890932  1.5909045339121537 161.82317106890932 pidb24
81.82980424118611  0.8931003467604317 161.8298042411861 pidb4a
82.08250194925488  1.5350158216477523 162.0825019492549 pidaf5
84.08305027100246  1.4177215402382335 164.08305027100246 pidb33
84.91609447066001  1.3409805266386148 164.91609447066003 pidb5e
85.82998295084309  1.699705532555825 165.8299829508431 pidb6a
85.97280243738194  0.5695041779706755 165.97280243738194 pidb7b
86.93602557054457  1.4802786990878125 166.9360255705446 pidb5c
88.7039166725631  1.7580385290920386 168.70391667256308 pidb09
88.74721898322825  0.7843701666680942 168.74721898322827 pidb1f
92.03196380861385  0.8818070957036177 172.03196380861385 pidb7c
93.07615118330311  1.1529096312763283 173.07615118330312 pidb3c
94.47081312080684  1.6659413188692338 174.47081312080684 pidb5a
95.57923688892217  1.1822028117445147 175.57923688892217 pidb1b
97.08900626022165  0.6139044735542636 177.08900626022165 pidb54
98.09131916252406  1.6006998521291256 178.09131916252406 pidb37
98.53004757372373  0.7092892593542854 178.53004757372372 pidaf6
101.9945940450042  0.7081798107220205 181.9945940450042 pidb27
103.16888445022343  1.0103159774016595 183.16888445022343 pidaf4
103.63788847188862  1.5761053268038412 183.63788847188863 pidb28
103.79586773595008  1.379671161523003 183.79586773595008 pidb1c
105.53859070147577  1.589527699098341 185.53859070147575 pidb00
106.16169985563347  1.236695834411555 186.16169985563346 pidb32
107.9606421927632  1.6655026504962513 187.9606421927632 pidb4f
108.0721001563062  0.6135727524162545 188.0721001563062 pidaf2
109.47799096744566  1.3116089987852746 189.47799096744566 pidb3f
110.01894439352033  1.7225675773399087 190.01894439352031 pidb51
110.21482307803463  1.8315569440933586 190.2148230780346 pidb08
110.99441089695675  0.8329340298652134 190.99441089695677 pidb0c
111.4945423176115  0.7563429105030086 191.4945423176115 pidb6b
112.06174708394141  0.9622710740015042 192.0617470839414 pidb4e
112.11700954845631  1.3058129351880448 192.1170095484563 pidb02
112.13909396375664  1.0591356355298078 192.13909396375664 pidb2a
114.10783564838032  1.1691765481103138 194.10783564838033 pidb39
114.1776120330231  0.8289268963423727 194.17761203302308 pidb85
114.9420538030111  0.9507261801184238 194.9420538030111 pidb4b
115.75896592404511  1.2549058222841636 195.75896592404513 pidb11
116.90988614864395  1.8372347100633477 196.90988614864395 pidb72
117.14245290879367  1.7019323076438473 197.14245290879367 pidb20
117.59502387659026  1.8586392440219133 197.59502387659026 pidb48
118.0410781704611  0.8892615017656249 198.0410781704611 pidb6e
120.76200644099325  1.3871329334661624 200.76200644099325 pidb29
121.3258568296075  0.7395734919330073 201.32585682960752 pidb2f
122.4626530412374  1.5726132596123816 202.4626530412374 pidb65
124.29566004167893  1.4327502921320947 204.29566004167893 pidb2c
126.38927978211531  1.8952261184599275 206.3892797821153 pidafb
129.89279707790735  0.5649407658937913 209.89279707790735 pidb84
133.0413201987773  1.530040271531259 213.0413201987773 pidb30
134.36843505271185  0.6048801257861508 214.36843505271185 pidb56
134.86172693970315  1.7197502184139957 214.86172693970315 pidb25
137.10846606721955  0.519072807044785 217.10846606721955 pidb15
138.24140540694148  1.977179555998952 218.24140540694148 pidb70
138.71958757831314  1.5136861281614031 218.71958757831314 pidb7f
139.40990565695407  0.7043513228917941 219.40990565695407 pidb38
140.2480818172938  1.593332073749078 220.2480818172938 pidb49
140.27902455377512  0.8946423997504289 220.27902455377512 pidaf0
140.87585163340856  1.2633834280732241 220.87585163340856 pidb1e
140.94858324156488  1.5248292635040905 220.94858324156488 pidb21
141.55781501588604  1.8867296196772245 221.55781501588604 pidb45
142.39891998468983  1.2280444115013582 222.39891998468983 pidb31
143.0724749704363  0.9620660546487328 223.0724749704363 pidb6f
144.57346413296017  1.0966555978032682 224.57346413296017 pidb75
146.7710397291023  1.9043617320573418 226.7710397291023 pidb0b
146.86837125917782  0.7518309686297464 226.86837125917782 pidb82
147.19550012399745  1.8000889864713407 227.19550012399745 pidb1d
147.503825052275  1.6820163995251136 227.503825052275 pidb7a
147.59065682123097  0.9491850338261272 227.59065682123097 pidb6c
