0.32029456588574146  3.9223475539641948 8.16498967381413 pid3f8d
0.35324432867011035  4.510826511560083 9.374897351790276 pid3ebe
0.7311674143531932  2.8168331563873985 6.364833727127991 pid3ff2
1.4110221821419344  2.4729954956001627 6.35701317334226 pid3fa9
1.4887009212463598  3.7611375449840923 9.010976011214545 pid3f79
2.9153030564694715  4.845671863974259 12.60664678441799 pid3ec6
3.1994941350113626  4.3391172198134855 11.877728574638333 pid3f53
3.873518554979569  4.221493590019898 12.316505735019366 pid3f04
4.037083628729629  1.8826902249104687 7.802464078550567 pid3ecf
4.235220916315267  1.8016383874474213 7.83849769121011 pid3f20
4.264035961765962  2.107033545272766 8.478103052311493 pid3ec8
4.290589448603175  3.077238889970672 10.44506722854452 pid3fdb
5.018039917259818  1.9016400677606753 8.821320052781168 pid3f9f
5.055419102752106  1.961264020407679 8.977947143567464 pid3f61
5.157152884616718  3.3258451041462616 11.80884309290924 pid3fb3
6.310404476333478  3.9230518749152314 14.15650822616394 pid3e88
6.351123282110301  1.6776811029283452 9.70648548796699 pid3ec3
6.381362874859258  4.307175077351978 14.995713029563214 pid3fee
6.798594771071964  2.3599123373839643 11.518419445839893 pid3ff0
6.80856034188243  2.419994200217612 11.648548742317654 pid3eb5
6.957917673039111  3.1965912249258426 13.351100122890795 pid3fd1
7.126746556361471  3.572975714392139 14.272697985145749 pid3f8c
7.145057850868701  4.060764484256234 15.26658681938117 pid3fc0
7.21745941858863  1.2767668751654568 9.770993168919544 pid3f84
7.903986320622371  1.7120793601241364 11.328145040870645 pid3f3b
8.008318660915139  1.3901713650560317 10.788661391027201 pid3fe8
8.500778738944959  2.1964917420507892 12.893762223046537 pid3ea5
9.26509899360406  1.2159021642934662 11.696903322190991 pid3f71
9.463504957614985  3.7670481246185177 16.99760120685202 pid3e81
9.484148953733628  1.0841236461836505 11.65239624610093 pid3efb
9.703602515728507  2.3015308412696864 14.30666419826788 pid3f98
9.856180456049184  4.455869564023292 18.767919584095768 pid3fac
10.160265798398264  1.3562521318297756 12.872770062057814 pid3ed6
10.283368386991912  4.566168435568473 19.41570525812886 pid3f0d
10.546547042595847  4.125812415605152 18.79817187380615 pid3fc7
10.866369307194187  4.015116162255731 18.89660163170565 pid3ea2
11.731984148914956  2.535008547470644 16.802001243856242 pid3eee
13.440379525452924  4.280560434265898 22.00150039398472 pid3f99
13.918860519689758  2.6328493357555214 19.1845591912008 pid3f2c
14.191388341944045  4.9231920873781405 24.037772516700326 pid3f7b
14.370548422084822  3.0388768193592943 20.44830206080341 pid3fbb
14.464052153755887  3.4721935130349113 21.40843917982571 pid3f03
15.822049832717948  3.2303042822174346 22.282658397152815 pid402f
16.000028983272806  1.7765644287053912 19.55315784068359 pid3f36
16.723415080775034  2.463574457675489 21.65056399612601 pid3f4f
17.259308464432536  4.004082523287661 25.267473511007857 pid3fb1
18.10822772766537  2.0021240931133057 22.11247591389198 pid3ff6
18.32184942533537  2.4089460736868236 23.139741572709017 pid3ec4
18.82040158883642  1.3287846806770411 21.4779709501905 pid3f1d
19.40371894862435  4.591667664040509 28.587054276705366 pid3fc9
19.495953272826473  4.178634242810038 27.853221758446548 pid3ea9
20.397322666494954  4.797708871477708 29.99274040945037 pid3e92
20.557748698979434  2.034644768179776 24.627038235338986 pid3eef
20.842253180923397  1.0711934103244216 22.984640001572238 pid3fcc
21.404164983086567  2.809738938428646 27.02364285994386 pid4025
21.47651218479634  3.7765341389813623 29.029580462759064 pid3fa8
22.119333766609753  1.8123077638664769 25.743949294342706 pid3f43
22.330761227147622  1.4635487842295833 25.25785879560679 pid3fe9
22.616068152374563  4.365594752510078 31.34725765739472 pid3fb8
22.711373546065364  4.163733179180259 31.03883990442588 pid3f93
23.07239695167438  4.732107714876668 32.536612381427716 pid3f9d
23.496060905858766  2.194383077787579 27.884827061433924 pid3f67
23.533741798555056  3.8704706436257643 31.274683085806586 pid3e87
24.531671196479532  4.047740209930226 32.62715161633999 pid3ed3
25.54935033116173  3.498017353171671 32.54538503750507 pid3f4e
25.734227880558226  4.5199269835934315 34.77408184774509 pid3f83
25.821012151179257  4.374165980803285 34.56934411278583 pid3fd7
26.60619322059137  4.979967955657438 36.566129131906244 pid3ff9
27.235716213858446  1.174708086735825 29.585132387330095 pid3fd4
27.563476053528273  4.30839572958296 36.18026751269419 pid403d
27.799275469633766  3.417046596636107 34.63336866290598 pid3fd3
28.206824964774263  2.052274451528524 32.311373867831314 pid3f6d
28.246664866232543  1.786414565583324 31.819493997399192 pid4004
28.966855479385266  2.307134427784321 33.581124334953905 pid3ee0
29.535943238195735  1.0698945767444696 31.675732391684676 pid3f2d
29.804045089041708  4.9589431112326725 39.72193131150705 pid3e84
30.77451964039684  2.9184644679515 36.611448576299836 pid3f62
32.50199784561877  3.8783582934940686 40.25871443260691 pid3e9f
32.83732122106536  3.14928336179382 39.135887944653 pid3f29
33.56804749414732  2.866380410767351 39.300808315682026 pid3e96
33.75217844496933  2.875846494815944 39.50387143460122 pid3eac
33.81483653471226  1.7307633692231126 37.27636327315849 pid400a
33.92619337025236  3.3882710863130225 40.70273554287841 pid3ea8
35.0990574642344  2.604756286248827 40.30857003673205 pid4034
35.58229455494061  4.329050387600741 44.24039533014209 pid3fae
36.825000992990354  1.6233940306004948 40.07178905419134 pid3fd5
37.1031811731577  2.6409480503805765 42.38507727391885 pid3ef6
37.14815115306866  3.4761526982212376 44.10045654951114 pid401c
37.34240480943466  2.5736630520827255 42.48973091360011 pid3eaf
37.45385111368635  4.463812399552024 46.38147591279039 pid4030
37.62890550831216  4.901158276649689 47.431222061611535 pid3ffe
37.6789563636553  4.787938084177674 47.25483253201065 pid3f26
38.26868060074364  2.5107015089539657 43.29008361865157 pid3f78
38.403769031688256  1.415812535255859 41.235394102199976 pid402d
39.59048776486017  4.957807661085104 49.50610308703038 pid3f44
39.81656839153467  2.7418102242752713 45.30018884008521 pid3fff
40.108855142001836  1.4040075514128345 42.91687024482751 pid3ee9
40.11898820508533  2.838975043483373 45.796938292052076 pid4000
40.854441754800476  3.948088898492134 48.750619551784744 pid401b
41.035194683883375  3.38769722008987 47.810589124063114 pid3ea0
43.013762543560524  3.3628977225966312 49.73955798875379 pid3ff5
43.62306665837491  3.2007069759296636 50.024480610234235 pid4035
44.613738041429556  1.4025893934162408 47.41891682826204 pid3eb9
45.58351262677487  1.1491812053005046 47.88187503737588 pid3f39
45.629154901742396  2.714947553139093 51.059050008020584 pid401f
47.41115723548772  4.81743072165585 57.04601867879942 pid3eeb
48.42773610997948  1.0808641367661136 50.589464383511704 pid3ee4
48.46972524647314  4.573510046305172 57.61674533908348 pid3f00
48.72159555791514  4.297214813824752 57.31602518556464 pid3fa2
48.766591626283876  1.4174468799364903 51.60148538615686 pid3f1a
51.70651539272281  2.2874641905610447 56.2814437738449 pid3fd0
52.1654515728599  1.1182519911724889 54.40195555520488 pid3e8d
52.397243750479795  2.8015313256411334 58.00030640176206 pid3f5e
52.698095740742424  3.845763752918771 60.389623246579966 pid3ffd
53.6814175877444  4.88013207022739 63.44168172819918 pid3fcd
53.81082981022945  2.314968037639798 58.440765885509045 pid401d
53.88710289108482  3.414377354528306 60.71585760014143 pid3feb
54.510579615688634  2.623996466407447 59.75857254850353 pid3e8f
54.95038508116799  4.718922031615596 64.38822914439918 pid3f1b
56.19657298855657  4.314843858262623 64.82626070508181 pid3f6a
56.38040584390396  2.8298205468080933 62.040046937520145 pid3eda
56.439164240039766  3.4158401527105062 63.270844545460776 pid3ef5
56.551315454474796  1.9334209856544997 60.4181574257838 pid3f5d
57.408729006379  1.9327734829998033 61.274275972378604 pid3f77
57.63763434350921  2.1390744776557007 61.915783298820614 pid403a
58.33437652593585  1.5134563929926332 61.36128931192112 pid3ea1
58.52150036502926  1.7122104303431285 61.945921225715516 pid400d
58.52202335777711  1.8675698664828575 62.25716309074282 pid3e8e
58.56835047844386  3.3428664211095835 65.25408332066303 pid3e9e
58.57354385678508  1.1427169651003983 60.858977786985875 pid3f45
59.18837702668126  3.7295523875485115 66.64748180177828 pid3eba
59.28308646106955  4.046704480273761 67.37649542161708 pid3eb6
59.676002186169306  4.828008987807129 69.33202016178356 pid3fe2
60.785384582113146  2.9331322474838686 66.65164907708089 pid3f21
60.99250347652274  1.1651319769288357 63.322767430380416 pid3fe7
61.3275942667657  1.8027801132763233 64.93315449331834 pid3eb1
61.53521674168915  1.9543807614225548 65.44397826453425 pid3f0a
62.448895789434225  4.826805456477137 72.1025067023885 pid400b
62.900986450972326  1.9803500858604646 66.86168662269326 pid4020
63.27306952752325  4.31606810572281 71.90520573896887 pid3f10
63.2773467666836  4.044888193186836 71.36712315305726 pid3ea4
63.31889536646913  4.873061623778884 73.0650186140269 pid3f7c
63.56437184496589  2.90586641172052 69.37610466840692 pid3ff7
63.6087124488955  4.404462333307803 72.41763711551111 pid3fbd
63.96252663229613  4.82485997876442 73.61224658982498 pid3e80
63.97365545752593  2.34281802860999 68.65929151474592 pid3f75
64.26971766730894  1.3726948052804344 67.0151072778698 pid3ee2
64.29134274076857  2.7448399461693906 69.78102263310736 pid402c
64.54624766608477  1.5364185922424003 67.61908485056956 pid3ecd
64.7902423848313  1.246419523620537 67.28308143207238 pid3fe1
64.90652988885657  1.4973215724063649 67.9011730336693 pid3eed
64.98902115993592  1.5090089070855317 68.00703897410698 pid400e
65.1906928461067  2.1767648044777452 69.5442224550622 pid3ebc
65.36235702020656  3.91649911927596 73.19535525875848 pid3efe
65.46954308974348  2.2919585797733344 70.05346024929015 pid3eb7
65.63399411393426  4.304044905042479 74.24208392401923 pid3ed1
66.17510038872602  1.0362184115891218 68.24753721190427 pid3f28
66.58948946986143  3.195864570826858 72.98121861151515 pid3ecb
66.71004888714693  2.537224730898132 71.78449834894319 pid3efa
66.89468361407798  4.367328553853445 75.62934072178487 pid3f41
67.3629987169641  1.5310077784535214 70.42501427387114 pid3ed9
68.15947817926818  3.336835579979982 74.83314933922814 pid3f3c
68.86277998970559  4.38997602692943 77.64273204356445 pid3f68
68.91962567475822  3.9071918869953506 76.73400944874892 pid4006
69.30322343223082  3.451588826775838 76.2064010857825 pid3f9a
69.77461042492244  3.5379651911583943 76.85054080723923 pid3f91
70.02953493769384  1.7453670467111486 73.52026903111613 pid3ef0
70.71081359010992  1.0074554019250046 72.72572439395994 pid3f7a
70.8521501801276  1.4047637394985948 73.66167765912479 pid3f14
71.12070277165762  3.007005566620245 77.1347139048981 pid400f
71.18754078467683  3.088679973491783 77.3649007316604 pid3fde
71.299728458376  2.513799402069657 76.32732726251531 pid3ffa
71.95801542435244  2.259265143721755 76.47654571179595 pid3e9d
72.07683922330983  2.166260325890669 76.40935987509117 pid3e82
73.7432979491076  4.1003424457002176 81.94398284050803 pid4007
73.83245489195286  1.5243497996524171 76.8811544912577 pid4039
73.98386189736885  4.05045051886188 82.08476293509261 pid3f1c
74.01904617037133  1.8040417501354242 77.62712967064218 pid3ef7
75.62946078209004  3.055418399232795 81.74029758055562 pid3f0c
75.77426235749046  4.5995426933543015 84.97334774419906 pid3f72
75.80702184216243  2.0976879680061136 80.00239777817465 pid3fb5
77.21612483207574  2.1466012016772384 81.5093272354302 pid3edf
77.72248592742406  1.357266498635342 80.43701892469474 pid3f07
78.66407800245528  1.2680225815429687 81.20012316554121 pid401e
79.7116209422328  3.013620098341507 85.73886113891581 pid3fc8
79.77132063532716  1.7907563160354396 83.35283326739804 pid4017
79.82100909927004  3.507538206991602 86.83608551325325 pid3eea
79.97521696185655  2.0684515208426473 84.11212000354185 pid3ee3
80.85735210195175  4.003209857017624 88.863771815987 pid3f3a
81.16282065478688  4.122834763635844 89.40849018205857 pid3f82
81.1811288024408  4.727991386361845 90.63711157516448 pid3f02
81.20921671372398  3.962022115011567 89.1332609437471 pid3f37
81.97484175434879  2.330710444504425 86.63626264335764 pid3efc
82.01574874426466  4.637345775237904 91.29044029474046 pid4010
83.04667653009669  1.765696870424196 86.57807027094508 pid3f58
83.08835660875496  2.5919386870849617 88.27223398292489 pid4019
83.2135385634285  3.734443671420518 90.68242590626954 pid4032
83.71306794076517  2.3796610981408652 88.4723901370469 pid4005
84.29419876578544  2.701727034443976 89.69765283467339 pid3fa6
84.5994288769101  2.77021619228731 90.13986126148471 pid3f42
84.70450773898719  1.882373008784766 88.46925375655672 pid3f15
84.75021082192141  2.999272991853155 90.74875680562772 pid3f76
85.21635975344464  1.645811110804595 88.50798197505382 pid3f50
86.60320003932551  1.556743079269312 89.71668619786414 pid403e
86.90055467117928  1.3105397964224919 89.52163426402426 pid3fa0
87.16945106516974  1.6677145362314225 90.50488013763258 pid3f4c
87.25228636702258  1.8069919783919128 90.8662703238064 pid3ed5
87.41994743924761  2.9344825711450957 93.2889125815378 pid403f
87.81550888460401  3.109114991442751 94.03373886748952 pid3f08
88.67587610403147  4.38764940699822 97.45117491802792 pid3e89
89.49312782463984  1.4944607130400622 92.48204925071997 pid3eae
89.72140602195039  4.669321402620259 99.06004882719091 pid3fed
90.30876022969278  3.4012423390412594 97.1112449077753 pid3e90
90.4081306393557  4.837756915957586 100.08364447127087 pid3ec5
90.41209578199425  3.379296980807208 97.17068974360868 pid3f9c
90.42151414098463  4.282111349977627 98.98573684093988 pid4015
90.80847293613351  4.3943100757537685 99.59709308764104 pid3ef4
91.52809239117948  3.708486048727685 98.94506448863486 pid3f4b
91.53579758304683  4.936313857427753 101.40842529790234 pid3f25
92.00421782870795  3.4980357834884472 99.00028939568485 pid3e8c
92.76497262639427  4.34142445014929 101.44782152669285 pid3fe0
92.77367846648083  4.595813064283307 101.96530459504744 pid3f89
93.14068146619995  4.214966002510706 101.57061347122136 pid3fbc
93.5519607434791  4.149288031870061 101.85053680721921 pid3e8b
93.73409641799189  2.890820551492191 99.51573752097627 pid4024
94.75934188469179  3.7812641621528438 102.32187020899748 pid3f57
95.0477589309962  4.102227575253659 103.25221408150351 pid3fa3
95.08884203021141  1.0225563952215562 97.13395482065452 pid3eec
95.63769570622796  4.512779211763732 104.66325412975542 pid3e9a
96.1996772286531  2.463966189876323 101.12760960840575 pid3fa7
96.21370917907194  2.679033992771347 101.57177716461463 pid3ead
96.52778645857224  2.173242884391308 100.87427222735485 pid3f1f
96.95382009732721  3.2756877362742833 103.50519556987578 pid3e85
98.25785781523061  4.998933990558713 108.25572579634803 pid4027
98.62259429819524  4.517709092691768 107.65801248357877 pid3ebf
98.65647975432462  1.786148480125099 102.22877671457482 pid3f46
98.81918108169948  2.593268057925204 104.00571719754988 pid3f19
98.99157018384444  3.388349594829683 105.76826937350381 pid3e86
99.04847719512486  3.6745968449368624 106.39767088499859 pid3fe5
100.0290943272866  1.607968384523352 103.2450310963333 pid3f60
100.41815991744451  3.994498725471846 108.4071573683882 pid4023
100.5493376800394  1.109720012282899 102.7687777046052 pid4018
100.97559079702724  2.9794701617664985 106.93453112056024 pid3f8b
101.07768548689253  1.0496648971346985 103.17701528116193 pid3f18
101.11072622560036  3.516245040503687 108.14321630660774 pid3fdf
101.51155810736094  2.7384162972702346 106.98839070190141 pid4016
102.39598632230346  2.393695791648173 107.1833779055998 pid3f06
102.62549749813431  3.0160440332196816 108.65758556457367 pid4008
103.04881234385793  1.6547554961621405 106.35832333618221 pid3eab
103.6366229280778  2.2754349777213787 108.18749288352056 pid3f01
103.82545321041171  1.4691116068950296 106.76367642420176 pid3f85
105.51506207919067  3.7982386838592546 113.11153944690918 pid4029
106.92688227163015  1.7594460951880455 110.44577446200624 pid3fb4
107.08523233778952  2.9284643007204703 112.94216093923046 pid3f49
107.12650309906296  2.6269718785066347 112.38044685607623 pid3f59
108.80665755814321  2.9334620245983105 114.67358160733984 pid3f7d
109.12616348529671  4.836710043309518 118.79958357191575 pid3f2a
109.32598057174089  2.4457833399197324 114.21754725158036 pid3fbe
109.40836752789983  4.628412932057714 118.66519339201525 pid3fea
109.69396216707464  2.116058708422218 113.92607958391908 pid3f73
109.7055043064165  2.5542505415361236 114.81400538948874 pid3edb
109.89789423002846  4.311887594003807 118.52166941803607 pid3f94
109.9853478994392  3.6557120628716975 117.2967720251826 pid3f64
110.08806951026877  1.4064015068401936 112.90087252394915 pid403c
110.181898204486  2.177718513913917 114.53733523231384 pid3f92
110.3243411093892  1.0237398620577443 112.37182083350469 pid3fca
110.81553909875561  1.1686914287851593 113.15292195632593 pid3f51
111.75255649145772  4.054682687253872 119.86192186596547 pid3f2b
111.80075042402328  1.1049590062690582 114.01066843656139 pid3f52
112.07419579020682  2.682738564817472 117.43967291984175 pid3fe6
112.15792269127247  4.9994130174741365 122.15674872622074 pid3f86
112.27413509232393  2.5221232762733035 117.31838164487054 pid3fcb
112.35104564980266  3.2477887139590944 118.84662307772085 pid3f24
112.38299293969274  1.0197738429001117 114.42254062549297 pid3f80
112.76220005750011  4.306208748337831 121.37461755417577 pid3f05
112.7627318505039  4.267239327562596 121.2972105056291 pid3f3e
112.76643085592241  2.4157046757690126 117.59784020746044 pid3ffb
113.15196866103499  4.468415738331725 122.08880013769843 pid3f0f
113.21435851169917  2.999405823321209 119.2131701583416 pid3ec0
113.32705412586301  3.19539972972341 119.71785358530984 pid3fdc
113.49788957984684  2.7290605815949616 118.95601074303677 pid3f7f
113.79803093233227  1.4360364407774382 116.67010381388714 pid401a
114.07759558854055  1.6416557775400205 117.3609071436206 pid3f63
114.5506155737071  1.8481914902577254 118.24699855422256 pid3faf
115.49348692498984  4.2866312736505225 124.06674947229088 pid3ee1
117.18767635834669  4.154228380112604 125.4961331185719 pid3f70
117.53031020594366  1.5731332114875247 120.67657662891871 pid3f16
118.96153163659596  1.0344935436354779 121.03051872386692 pid3ed0
119.12766043883575  4.271223959865792 127.67010835856733 pid3f90
119.51174950532133  1.1677370618277236 121.84722362897678 pid4037
119.61255326031929  3.2273043002698527 126.06716186085899 pid3fce
119.67936607144225  1.4083683974459178 122.49610286633408 pid3ec7
119.70179162686973  2.277855330139611 124.25750228714895 pid4031
120.44898088407092  1.23201171886951 122.91300432180994 pid3eb2
120.7488030390963  1.769461780151322 124.28772659939895 pid3f34
120.83924536845304  1.9025651401706192 124.64437564879427 pid3fba
121.16546963394181  2.649641081031068 126.46475179600395 pid4026
121.20492340926148  4.755285903587387 130.71549521643627 pid3f69
122.82121525898145  2.794960542026081 128.4111363430336 pid3ef8
123.19966052444397  3.389531590255247 129.97872370495446 pid3fd8
123.70136506742962  1.445330176541018 126.59202542051166 pid3f9e
123.82596484261394  1.1602241903687234 126.14641322335139 pid3f23
124.24519364773485  4.615955545408953 133.47710473855275 pid4014
124.3743167920274  1.0852474361943418 126.54481166441609 pid3f87
125.50439027498474  2.166838087512893 129.83806645001053 pid3f6e
127.43894021664381  3.62232286919378 134.68358595503136 pid3ece
127.9821428102259  1.0238889898151906 130.02992078985628 pid3f54
128.57481105521762  4.830890665848217 138.23659238691405 pid3f12
128.91056201970991  3.215785742632209 135.34213350497433 pid3f88
128.9120531196741  2.0097503226059055 132.93155376488593 pid3ec1
129.20916998659354  2.115265549813393 133.4397010862203 pid3f31
129.25141840075085  3.7352691703479706 136.7219567414468 pid3fd2
129.28472363317024  3.868638864473073 137.02200136211638 pid3ee8
129.3192178016466  4.405803768073506 138.13082533779362 pid4011
129.4372529381907  1.1861759688850735 131.80960487596084 pid3ff4
130.1431442625231  3.5390528004665014 137.2212498634561 pid3ee5
130.20726238113187  1.2539667180935443 132.71519581731897 pid3f0b
130.9851069321735  3.9008805709872933 138.7868680741481 pid3ec2
131.46061108519217  2.9869861925812384 137.43458347035465 pid4036
131.5912780667592  4.60331236211651 140.79790279099223 pid3fda
131.69160566441533  2.9547506691936247 137.6011070028026 pid3e93
132.31350108983537  3.772822749706879 139.85914658924912 pid4028
132.63970977302392  3.8418618700063214 140.32343351303658 pid3e8a
132.76506644376315  2.0579618357125677 136.88099011518827 pid4040
132.82464876354308  4.57083364059199 141.96631604472705 pid4021
132.9200394226419  1.293429627399314 135.50689867744055 pid3fc1
132.94983217414753  2.2601387204977534 137.47010961514303 pid3fad
133.07708056095169  2.0715315928826796 137.22014374671704 pid3ee7
134.216145955512  3.1406650600296797 140.49747607557134 pid3f3f
135.05765654323858  4.535962809019992 144.12958216127856 pid3ff1
135.72904985148207  2.5418901291871654 140.8128301098564 pid3f3d
136.07938882606715  1.7220996418075414 139.52358810968224 pid3fa5
136.30254734762988  2.5662062909818473 141.4349599295936 pid3eb0
136.470602665575  1.03761996807894 138.5458426017329 pid3e94
136.56347291904478  3.41699022664472 143.3974533723342 pid4041
136.91508429015616  4.885829882593201 146.68674405534256 pid3e98
137.24288890849456  3.804351456403996 144.85159182130255 pid3f6f
137.67428391065084  1.3477723996753732 140.3698287100016 pid3e95
138.10341776758602  1.3115357085180661 140.72648918462215 pid3f0e
138.1635311063588  2.3192266730913653 142.80198445254152 pid3f5b
138.50969036626017  2.2020468029763975 142.91378397221297 pid3eb3
138.59153309989327  2.32348396802174 143.23850103593674 pid3e97
138.76614344370432  1.3979520453971022 141.56204753449853 pid3fab
138.97672042709266  4.703214459371435 148.38314934583553 pid3f2f
139.12452912802473  4.234320477474634 147.593170082974 pid3ebd
139.85396569475304  1.0513794681366306 141.9567246310263 pid3faa
140.61337458400703  2.4626049814372974 145.53858454688162 pid3eca
141.63264647592862  4.919277710845549 151.47120189761972 pid3f5a
142.1640733697039  3.1420235113124257 148.44812039232878 pid3e83
142.36280330580394  3.2849930650436465 148.93278943589124 pid3e9c
142.59973671985693  2.232528954396968 147.06479462865087 pid3fc6
142.64527833074476  2.2685799986911466 147.18243832812706 pid3fec
143.05980413152767  2.460637414354189 147.98107896023606 pid3eff
143.08117129752083  3.784871295663419 150.65091388884767 pid4001
143.35751354439472  1.0036531214122446 145.3648197872192 pid4002
144.08993537365544  3.9868942802157115 152.06372393408685 pid3fb2
144.29135515506607  2.878931655446547 150.04921846595917 pid3fb0
144.65806738160367  3.1006966712017907 150.85946072400725 pid402a
144.8356097944688  4.951414795029255 154.7384393845273 pid3f56
145.1065659355456  1.0335078304128835 147.17358159637138 pid3fb9
145.64673923975676  4.600917020966513 154.84857328168977 pid4033
146.03125353132972  4.03776713717864 154.106787805687 pid4022
146.51947759083296  2.693318062968482 151.90611371676994 pid402e
148.302730283163  3.2376919752568827 154.77811423367675 pid3f11
148.7823909984296  2.8537830510648305 154.48995710055925 pid3fc2
149.32473235669767  2.2894874694655822 153.90370729562883 pid3fa1
149.46265065326315  1.4375773821665407 152.33780541759623 pid3fcf
151.20846982063733  4.75306632084941 160.71460246233616 pid3ebb
151.3829189096065  2.3369848064661896 156.05688852253888 pid3e91
151.42954317832854  3.137493710471694 157.70453059927192 pid3f22
151.76864198391542  2.673582848757046 157.11580768142952 pid3f66
152.11947923891265  2.4988137754261963 157.11710678976505 pid3f81
152.14529053675832  1.1646960076626796 154.4746825520837 pid3eb8
152.30113418074825  3.3835628982005477 159.06825997714935 pid3f09
153.36867808110352  3.1701718765744022 159.70902183425233 pid3f47
154.17039443081723  3.2357237275405257 160.6418418858983 pid3f8f
154.44486982418357  1.4570817267942733 157.3590332777721 pid3ee6
156.35587082419474  1.0565316795424677 158.46893418327969 pid3e9b
156.50870089092822  2.768726612762927 162.0461541164541 pid3ed8
156.79334011558976  4.980100681659424 166.7535414789086 pid3ede
157.11242709638313  3.934905513904112 164.98223812419135 pid3fc4
157.95920085646532  2.642069820981897 163.24334049842912 pid3ed2
158.01879308963674  3.7829449204448093 165.58468293052636 pid3f4d
158.09933042423293  4.236085022160564 166.57150046855406 pid3ed7
159.20192020123284  1.6442082483457212 162.49033669792428 pid3ff8
159.26806099098198  3.9510885621557845 167.17023811529356 pid3f2e
159.2783211075863  4.701905920294575 168.68213294817545 pid3e99
160.20515164628767  3.34349795131995 166.89214754892757 pid3f1e
161.0599114377125  4.665206560151288 170.39032455801507 pid3ec9
161.48488572373338  2.6462194338764515 166.7773245914863 pid3ed4
161.73579067971716  2.860103581703584 167.45599784312432 pid3f40
161.81323500302005  3.54862687241211 168.91048874784428 pid3f95
161.85487582710843  1.6665773101683414 165.1880304474451 pid3fe3
161.86208727174892  3.6822486480386667 169.22658456782625 pid3fbf
162.34622322305236  3.7689812109715977 169.88418564499557 pid3f6b
162.52676414015085  1.9521108235547189 166.43098578726028 pid3fc3
163.70750773409566  2.1305797735269683 167.9686672811496 pid3f17
163.72437509829038  3.315958480269782 170.35629205882995 pid3ea6
164.09542547881733  4.986551818503159 174.06852911582365 pid3edc
164.6450275469638  2.6300263941236386 169.90508033521107 pid3fef
164.7701509816379  1.0600156061111723 166.89018219386026 pid400c
164.89769938365387  3.094119557806758 171.0859384992674 pid3ef9
165.06896085456458  3.625508318391838 172.31997749134825 pid3f8a
165.47187924239066  2.1481440880448575 169.76816741848037 pid3f96
165.9102439262025  4.69618451492334 175.3026129560492 pid3f35
165.92700837080244  2.0673787849172465 170.06176594063695 pid3fc5
165.9945454022269  3.2176446247342185 172.42983465169533 pid3f4a
166.0457714305096  4.85578247526918 175.75733638104796 pid3f5c
166.36856505714704  3.077448968113795 172.52346299337464 pid3fb6
166.54891078786184  3.46723303333746 173.48337685453677 pid3f8e
166.59200497639583  2.1126314703793083 170.81726791715445 pid3fd9
167.01697750830684  2.29284827329645 171.60267405489975 pid3f7e
168.06991222629833  2.325628316544211 172.72116885938675 pid3f55
168.61268422859592  4.134851900618846 176.8823880298336 pid3ef3
169.00848953393032  4.312012671407679 177.6325148767457 pid3ea3
169.01171765243936  2.2721336218706756 173.55598489618072 pid3f74
169.42569271126303  4.235782633357281 177.89725797797757 pid3ffc
170.03703543384225  2.66832610018505 175.37368763421236 pid3fb7
170.40143745867508  2.056172743257852 174.51378294519077 pid3ef1
170.51576353227242  3.0010748622113868 176.51791325669518 pid4003
170.73877942149522  4.499029744345537 179.7368389101863 pid3efd
171.25684365682326  4.982350326345376 181.221544309514 pid3f32
171.4743363008839  3.3872142293025793 178.24876475948906 pid3eb4
172.00478960428913  3.445403262224359 178.89559612873785 pid403b
173.71873793591257  2.1590012069686573 178.03674034984988 pid3f9b
173.7204083314149  4.327350321972253 182.37510897535938 pid3f13
173.88465215838625  1.3261955945636825 176.53704334751362 pid402b
174.5491137707529  2.440485213611495 179.4300841979759 pid3f27
174.84898344244735  4.741937216488942 184.33285787542525 pid3ea7
174.8819864722143  3.51234064081875 181.9066677538518 pid3fa4
175.1063707237839  1.16681664462233 177.44000401302856 pid3f30
175.44914975097996  4.680026761849201 184.80920327467837 pid3f65
176.4132189393684  1.610232623413049 179.6336841861945 pid3f6c
177.07310273560364  1.0430246544486788 179.15915204450098 pid3fd6
177.53075709729512  2.4363673266367254 182.40349175056858 pid4012
177.56008570468754  2.8351511728848315 183.2303880504572 pid3f33
177.64889721789137  4.747590118522121 187.14407745493563 pid3f97
178.20544484845695  1.7675601299287393 181.74056510831443 pid3edd
178.27916267485162  2.0337517958183993 182.34666626648843 pid3ecc
178.79864999876514  1.7544342320170578 182.30751846279927 pid3f48
178.98364264847365  3.0356397206635894 185.05492208980084 pid3fdd
178.99866334847357  4.435545151405922 187.8697536512854 pid3ef2
179.07691846159904  4.17333559797795 187.42358965755494 pid3f38
179.20560022137334  4.123037105114699 187.45167443160275 pid3fe4
179.5678730407124  2.4869736188902065 184.54182027849282 pid3f5f
179.68838740122493  2.0322428729320174 183.75287314708896 pid4009
179.80722350587  1.2500624068142816 182.30734831949857 pid4013
179.89327706912024  1.3479368691931626 182.58915080750657 pid3ff3
179.94765544320217  3.6905447162589717 187.3287448757201 pid3eaa
179.97236453409522  3.600390821862017 187.17314617781926 pid4038
