1.5946083580569315  0.5699837880880537 81.59460835805693 pid765
2.191204407046621  1.6772020502831608 82.19120440704663 pid753
3.1225398835285523  0.8321058493778175 83.12253988352855 pid74b
5.843098857873014  1.8699929722379969 85.84309885787302 pid74d
9.168923886611823  0.783314006380827 89.16892388661182 pid751
12.402279184981563  1.7153605261526494 92.40227918498157 pid73a
14.529197936399996  1.6824227902360889 94.5291979364 pid741
20.686515534888805  1.158749232531139 100.6865155348888 pid73f
20.908848144640036  0.8606938282503234 100.90884814464003 pid73d
25.390497725254598  0.5648964055037938 105.39049772525459 pid742
27.074869804186903  0.8974022934066398 107.0748698041869 pid754
27.36926944375965  1.7755153758844615 107.36926944375965 pid745
27.380331981255633  1.8538896810225864 107.38033198125564 pid767
31.13245635111869  1.0023765283491315 111.13245635111869 pid756
31.757199771529848  1.1282718508297327 111.75719977152986 pid768
33.37089491062488  1.647007424081673 113.37089491062488 pid757
35.349728555119896  1.9082646834938335 115.3497285551199 pid74f
36.76544895854651  0.9397958773417892 116.7654489585465 pid761
40.2570612062606  0.6704689946396969 120.2570612062606 pid763
45.01898365216358  1.6609502185146965 125.01898365216357 pid74e
45.414368825440675  1.5842998490919342 125.41436882544068 pid749
50.10105439544844  1.8581146734322802 130.10105439544844 pid73e
50.907148487457896  1.7327631306065348 130.9071484874579 pid769
51.23403647956755  1.380404321155789 131.23403647956755 pid76a
53.50791577550411  0.7528912423533699 133.5079157755041 pid747
62.42114687181452  1.6378740743784537 142.42114687181453 pid755
63.68464301111704  1.4701525108546707 143.68464301111703 pid764
67.49309001096839  0.958573255011022 147.4930900109684 pid744
70.96443851636182  1.2065325153667175 150.96443851636184 pid746
73.23118504707455  0.8094919511883876 153.23118504707455 pid752
80.3013328491222  0.7177168388244919 160.30133284912222 pid73b
83.72384156121035  0.9382039971800222 163.72384156121035 pid760
95.26768869026107  0.7977540625354076 175.26768869026108 pid740
97.99038794648665  1.799844424973069 177.99038794648663 pid75c
99.021489962024  1.513016389701582 179.02148996202402 pid762
100.3373828674116  0.5832220300258155 180.3373828674116 pid750
101.13223922194545  1.3513536639911126 181.13223922194544 pid75f
101.35277141361581  1.0067706345166865 181.3527714136158 pid743
104.25660459902237  1.12391091555675 184.25660459902235 pid75a
105.87547210490334  1.8586796023790149 185.87547210490334 pid766
109.06151628993366  1.3596662082399267 189.06151628993365 pid74c
122.95066018802368  1.8322523654401517 202.95066018802368 pid75d
127.43971685097993  0.5704424153215901 207.43971685097995 pid748
128.46485776348072  1.7539347734555149 208.46485776348072 pid76b
128.97914037406798  0.7555778562251061 208.97914037406798 pid75e
132.0762692498001  1.5308250528243643 212.0762692498001 pid759
136.12689802763856  0.9339582749549269 216.12689802763856 pid73c
138.63391184825065  1.3930830926206461 218.63391184825065 pid74a
145.14589358356147  1.9394389067683384 225.14589358356147 pid758
147.87681614516694  1.7294232339350468 227.87681614516694 pid75b
