6.121675272866196  3.192550729794136 12.506776732454469 pid440
16.95922656357743  1.2758780677777302 19.510982699132892 pid43a
17.451980552017698  3.0349521083793563 23.52188476877641 pid425
18.040028539357177  1.0549054001480407 20.14983933965326 pid444
18.158275262726264  4.114865846776874 26.388006956280012 pid42e
27.528716632602507  4.4412142090385185 36.41114505067954 pid433
27.85812007668834  4.786135998809495 37.430392074307335 pid423
28.231076723590178  2.9146464524013194 34.06036962839282 pid430
28.84550787191842  4.447025816274502 37.73955950446742 pid439
36.66417075670748  2.887936611447183 42.440043979601846 pid422
47.98348610675673  1.958738901981941 51.90096391072061 pid41e
48.72141190727409  4.892960104938606 58.5073321171513 pid434
49.82003047579097  3.474403336906614 56.7688371496042 pid441
54.91714190081452  1.0572631518576467 57.031668204529815 pid42f
59.96608757558161  2.678344558819234 65.32277669322008 pid43f
60.64473748711758  2.73622728540523 66.11719205792804 pid428
65.92843211696588  3.4088106207668214 72.74605335849952 pid44a
66.91841087439292  2.1064307331382754 71.13127234066947 pid432
69.52563926330363  3.0365187607812874 75.5986767848662 pid43e
74.64135881552879  1.3568514333638664 77.35506168225652 pid446
76.80847762013153  3.8473200203340325 84.50311766079959 pid41a
81.67597556989656  4.904463484021838 91.48490253794024 pid44b
83.00493421742931  4.132139021653897 91.2692122607371 pid443
89.79436807323506  4.243522929456226 98.28141393214752 pid426
97.74198943405436  3.152769165382072 104.04752776481851 pid449
98.19321250722363  3.595076817039449 105.38336614130253 pid431
107.3323121574858  1.8193694544819454 110.97105106644969 pid43d
107.47256790270957  4.349821928404341 116.17221175951825 pid43c
114.31493170494977  1.3934118365470582 117.10175537804389 pid421
116.13260840392148  2.3683906692799988 120.86938974248147 pid42a
118.18753485314966  2.3242836587976288 122.83610217074491 pid42b
126.99487135103045  3.432668155392182 133.86020766181483 pid42c
128.84492252224865  3.1804530918984195 135.20582870604548 pid424
129.28560824601988  4.4710154412148615 138.2276391284496 pid41f
134.80329967452028  3.482733330346008 141.7687663352123 pid41c
138.55688708389945  1.145291630961982 140.8474703458234 pid447
139.7363587508153  1.0362510847477346 141.80886092031076 pid43b
140.80424591550712  3.129176867469381 147.0625996504459 pid42d
146.6198030291381  1.5063071426223256 149.63241731438274 pid448
148.61429196952838  2.446461822454115 153.5072156144366 pid438
152.92634540828172  3.3872168291367895 159.7007790665553 pid442
153.6433404351738  1.7516428971908988 157.1466262295556 pid436
153.80177191689532  2.604661785164022 159.01109548722337 pid435
154.1017817145562  3.144283788178433 160.39034929091306 pid420
156.57962859650712  3.772292966097838 164.1242145287028 pid445
161.16888854071314  1.2716513448937663 163.71219123050068 pid437
162.12330757321536  2.05610509766572 166.2355177685468 pid41d
164.27447516250626  4.631534271111959 173.53754370473018 pid427
166.28132875274807  3.567486415642468 173.416301584033 pid429
179.6714624292752  3.412075837253721 186.49561410378266 pid41b
