0.21550347773591216  1.341362544146281 80.21550347773591 pid14ef
0.3835783098956158  1.6697919150525558 80.38357830989561 pid156f
2.2530980219009846  1.7340053954144756 82.25309802190098 pid1556
2.7293585566332936  1.0701009277176667 82.72935855663329 pid151f
4.050439895019364  1.968100661508971 84.05043989501937 pid1518
4.111417624003899  1.019443675278139 84.1114176240039 pid1538
6.687338022597555  1.5575608803248513 86.68733802259756 pid14f8
8.126020840223191  1.4747730228624634 88.12602084022319 pid1526
8.857774647829537  1.1581126288342303 88.85777464782953 pid14ed
10.768880534317743  1.098895186708381 90.76888053431774 pid152f
10.914692732003367  0.9096421381444522 90.91469273200337 pid1507
11.2848325029414  0.6026685065180247 91.2848325029414 pid1547
11.977818256991307  1.5764843229046006 91.97781825699131 pid150e
12.449108058288004  1.7915960418092738 92.449108058288 pid1573
12.846366658233183  1.9975620271653503 92.84636665823318 pid1520
13.04288015356584  1.065207780662775 93.04288015356585 pid151c
13.507651431809487  0.892643343732527 93.50765143180949 pid153d
13.838670105501533  0.8116586613065342 93.83867010550154 pid153e
14.137084425107844  1.027526131097487 94.13708442510784 pid1504
15.609599542763691  0.9626820013883874 95.60959954276369 pid153f
18.012795696644453  0.7458116615761067 98.01279569664445 pid1509
19.001044062095684  1.9104230125527677 99.00104406209569 pid1566
20.209018081754092  0.6533681998769579 100.2090180817541 pid1533
21.694001672923036  1.8440462860006024 101.69400167292304 pid1528
23.63997543618518  1.4681377679949372 103.63997543618518 pid152b
25.664534997334083  0.7590435254433301 105.66453499733409 pid154f
26.675269873991148  1.8496481568836693 106.67526987399114 pid14f5
26.946920814976455  1.0541459864193352 106.94692081497645 pid150d
27.010248887716575  0.7803816100803156 107.01024888771657 pid150b
27.232747495361753  1.8177491537011004 107.23274749536175 pid1505
27.30669937491453  0.8146782570614333 107.30669937491453 pid151d
29.036581604419716  1.5925550305080127 109.03658160441972 pid156a
29.37560517981907  1.2084541323499596 109.37560517981908 pid14fe
29.89828577595879  1.9702122491629515 109.89828577595878 pid1545
32.892033757448424  1.2825907071288793 112.89203375744842 pid1565
33.06054395292774  1.2043494286288847 113.06054395292773 pid1577
33.40048816641005  1.8431630374642696 113.40048816641004 pid1522
34.925851693045004  0.550027018180435 114.925851693045 pid1516
35.773323568568735  1.0429421354057538 115.77332356856874 pid1550
35.79929276788843  0.9942616070374455 115.79929276788843 pid1572
35.812730345402485  1.3992210847983308 115.81273034540249 pid154c
37.88513011899106  1.9408613062501223 117.88513011899106 pid1549
43.95169331038823  0.8426223266895043 123.95169331038824 pid1541
44.78409800910579  1.5461301005707908 124.78409800910579 pid14e8
46.91068627874338  1.3828955963653906 126.91068627874338 pid14e9
47.668554608297804  0.7442804745660228 127.6685546082978 pid1512
47.96095055590973  1.79303793396292 127.96095055590973 pid14ea
48.95943241785135  0.8853486754370954 128.95943241785136 pid1570
50.628229456630386  1.4719453595006393 130.62822945663038 pid1524
52.038304245135585  1.185026550813457 132.03830424513558 pid1514
53.608902406291406  1.817879520913663 133.6089024062914 pid151e
53.740407784020796  1.6145710832115925 133.7404077840208 pid1571
53.840358085201686  1.0504639406553715 133.84035808520167 pid14fa
54.66505155366539  1.2664861329246233 134.6650515536654 pid14ee
55.23911300183777  1.2758847494217571 135.23911300183778 pid1576
57.43038808559118  0.9128364889991404 137.43038808559118 pid1503
58.053284746060235  1.208400836951749 138.05328474606023 pid155b
58.818263732094415  0.851957360618832 138.8182637320944 pid154d
59.08851844352424  1.329101687990028 139.08851844352424 pid1535
60.92101931745261  0.69836666130056 140.92101931745262 pid14f0
61.538558982498806  1.9246357983521394 141.5385589824988 pid1527
62.613810291898034  0.8594877262308054 142.61381029189803 pid156d
63.41634483836821  1.4695908376293358 143.41634483836822 pid156b
63.45589246124378  1.3760295785604246 143.45589246124376 pid1523
64.89487610024395  0.9833204530013491 144.89487610024395 pid14f3
65.79690355255669  0.8976121327482389 145.79690355255667 pid154b
66.58271378383913  1.9969037276516879 146.58271378383913 pid1568
67.96236186659769  1.2747345955665246 147.9623618665977 pid14f6
68.73543278355166  1.0946081042043079 148.73543278355166 pid1562
68.9417548635667  1.5749733175585812 148.9417548635667 pid1551
69.15170037367226  0.6355935553172533 149.15170037367227 pid1532
72.06783366555767  1.5123331582696906 152.06783366555766 pid1579
72.50849431212373  0.7292921274341173 152.50849431212373 pid1500
73.01865450825835  1.9934696005963717 153.01865450825835 pid154a
73.67258610909853  1.2870973579557128 153.67258610909852 pid151b
75.20622708457978  0.7444115903088167 155.20622708457978 pid153b
75.2312955001877  0.6678651601222294 155.23129550018768 pid1559
78.09683594320393  0.9986423375365991 158.09683594320393 pid14fd
78.11144283788458  1.9971708017847463 158.11144283788457 pid1510
78.28960480917773  0.8076517895838033 158.28960480917772 pid1552
78.31040969347077  0.8742571882424959 158.31040969347077 pid157a
82.48965112490792  1.0863209355582315 162.48965112490794 pid156e
84.68180239499367  1.2228557053730023 164.68180239499367 pid1515
86.39238019666003  1.0670756809808812 166.39238019666004 pid1506
86.99469163515852  1.7875411712601577 166.99469163515852 pid1553
89.9895350894165  0.7287314265520819 169.9895350894165 pid1525
90.74355638936274  0.7007246930625608 170.74355638936274 pid1554
91.54536170617031  1.7139336099593643 171.5453617061703 pid1578
91.62612879487742  1.994202848920285 171.62612879487742 pid1569
92.08021860541044  1.2061100695766234 172.08021860541044 pid14eb
93.29719254395664  1.2997610560624158 173.29719254395664 pid1540
94.15980566618636  0.9275378474373187 174.15980566618634 pid14f7
94.30357880285142  0.5443548924653646 174.3035788028514 pid1517
94.78036653485356  0.5896089590371085 174.78036653485356 pid1529
95.52080586053744  0.868083653185354 175.52080586053745 pid14e6
95.94368811630248  1.2535961660591524 175.9436881163025 pid150a
98.81780077654957  1.990169743618419 178.81780077654957 pid155f
100.25560806681254  1.7239119856657301 180.25560806681256 pid1539
100.37577279208664  1.669078271540298 180.37577279208665 pid14f9
100.73871098188653  1.1049330764189857 180.73871098188653 pid1548
101.45734853151743  1.1573636996597085 181.45734853151743 pid14f4
103.205791359683  1.083994255309312 183.20579135968302 pid1563
103.21076321616134  0.8743305721376424 183.21076321616135 pid157b
103.23690557154161  1.7785680817757465 183.23690557154163 pid1557
104.09206884302196  0.6796012757175921 184.09206884302196 pid152d
104.17320131497844  0.7864659690929625 184.17320131497843 pid153c
105.50338973667724  1.6335985212551793 185.50338973667724 pid14ff
105.75989521519831  1.2823669374077629 185.7598952151983 pid1561
106.22016207977674  1.0246340184625136 186.22016207977674 pid14fc
106.25396833991022  1.738547420973477 186.25396833991022 pid14e7
106.97448841138487  0.882384469118233 186.97448841138487 pid150c
107.09626418217132  0.7259946140995365 187.09626418217132 pid1574
107.40144234451137  0.8152384875748746 187.40144234451137 pid14ec
107.88417980763892  0.809396641056092 187.88417980763893 pid155a
109.27025033131626  0.8061062532660495 189.27025033131628 pid1519
110.46130019953605  0.8672141960389574 190.46130019953605 pid1502
112.09012271744676  0.9513911511195865 192.09012271744677 pid150f
113.10827904319224  1.5581633092000107 193.10827904319223 pid151a
113.37239099591436  0.8854283626387098 193.37239099591437 pid1534
116.60446523192633  1.5938897921769741 196.60446523192633 pid155e
116.89280665852603  1.9517472354852217 196.892806658526 pid1564
118.6480620597924  1.446864230033639 198.64806205979238 pid14f1
121.39303367789576  1.0867792491326445 201.39303367789574 pid1530
122.82041901458186  1.6143762883390163 202.82041901458186 pid152a
123.83155033153449  1.882926797712043 203.8315503315345 pid156c
125.90689433424394  0.6246826721313523 205.90689433424393 pid14fb
126.16222917726859  0.5437164370138509 206.16222917726859 pid1543
129.955582956634  0.9941739744098652 209.955582956634 pid153a
130.27699819392453  1.5589317337351658 210.27699819392453 pid155c
131.18428707247898  1.4850475662945724 211.18428707247898 pid1511
131.41238033301076  0.9893080969509505 211.41238033301076 pid1544
134.0073611531931  0.6621245261058555 214.0073611531931 pid1560
135.3696355000893  1.8722584905738926 215.3696355000893 pid1536
135.84945187971806  1.6960797987882288 215.84945187971806 pid152e
135.96786434400195  1.6713433802150655 215.96786434400195 pid1537
136.1156911219964  0.6514627087559361 216.1156911219964 pid14f2
137.5257523425303  1.33970196476476 217.5257523425303 pid152c
138.57459695038784  0.811063520993067 218.57459695038784 pid1501
138.83461079019062  1.420198520621581 218.83461079019062 pid1567
139.62418164430807  0.7284189642929626 219.62418164430807 pid1521
140.20991310118137  1.1042349614034355 220.20991310118137 pid1513
140.8245671463099  1.7591521889443718 220.8245671463099 pid1508
141.6444952729637  0.5697114750556004 221.6444952729637 pid1558
142.71217708946216  1.761684697555355 222.71217708946216 pid1546
143.62042242038083  1.7951794762401945 223.62042242038083 pid155d
146.84682175846115  0.5483878294295386 226.84682175846115 pid1555
146.88962808467755  1.4983191157243816 226.88962808467755 pid154e
147.98581709796107  1.4711962313094844 227.98581709796107 pid1531
149.04325055647487  1.4619792795627475 229.04325055647487 pid1575
149.73859483125992  1.6192797800342797 229.73859483125992 pid1542
