2.0287170778576336  2.506394451620708 7.04150598109905 pid15d7
2.476548540679302  1.933300492603816 6.343149525886934 pid15c6
2.682236459223286  2.9071095089626406 8.496455477148567 pid157c
2.7268626136777385  1.6818612606426515 6.0905851349630415 pid15cc
2.9255245620814274  0.7133404887536747 4.352205539588777 pid1608
3.280709875271748  2.9689639022399836 9.218637679751716 pid15b8
3.621362135727235  1.5715201245341 6.764402384795435 pid1583
3.7020329845301347  0.4943304170509832 4.690693818632101 pid15a0
4.3410128242300505  1.4222208174737507 7.185454459177552 pid15de
5.541151339824668  0.4254438569050634 6.392039053634795 pid15eb
5.732523971087733  2.3962037769761784 10.52493152504009 pid15bd
5.7387502338198555  1.6930238866843732 9.124798007188602 pid15a1
5.887450528686477  0.5706256930718108 7.028701914830099 pid15e9
6.104641390960019  1.104768690411458 8.314178771782935 pid15ca
6.182230821576917  1.2968331676659433 8.775897156908805 pid1611
6.369203938038249  2.2001598986472697 10.769523735332788 pid15f7
7.226454403003468  0.6909363398122674 8.608327082628003 pid158e
7.903668978261658  0.9023473172322987 9.708363612726256 pid1607
9.968730440561924  2.3844167107367285 14.73756386203538 pid15cd
11.33213976645151  1.1755513532311053 13.68324247291372 pid15a3
11.519603210715456  2.48151096012573 16.482625130966916 pid15fe
13.149309761958271  0.7375013180569541 14.62431239807218 pid15b1
14.050498264926969  0.46589185924115534 14.98228198340928 pid15fb
14.687991377644726  2.9707232346158357 20.6294378468764 pid1587
16.762651841400622  2.318092655784339 21.3988371529693 pid158f
17.124611266951973  2.885988742123682 22.89658875119934 pid15d0
17.128576781689354  2.496553343507761 22.121683468704877 pid15bb
17.89692001677747  1.7718647264486744 21.44064946967482 pid158a
18.15264119218648  1.7645495621201688 21.68174031642682 pid15a4
19.064773426096192  2.6372185485926467 24.339210523281487 pid15c4
20.607587911764046  1.4167099814620765 23.4410078746882 pid159f
20.778591415431848  2.3644045056107665 25.50740042665338 pid15f5
21.356939903744554  0.8754641782870234 23.1078682603186 pid1601
21.490117117757002  1.207821772582561 23.905760662922123 pid1591
21.736698932977816  2.7365370526014505 27.209773038180717 pid1610
22.09854683817194  1.933936339669874 25.96641951751169 pid160f
22.524400456278194  2.990410621328825 28.505221698935845 pid15b6
22.70756753716945  0.8332145872321386 24.373996711633726 pid15a8
25.08084621914467  2.490372127710258 30.061590474565186 pid15d1
25.09413935059891  1.1092771221497926 27.312693594898494 pid1600
25.218910115221483  2.7073253513365687 30.63356081789462 pid15b5
26.03465154568153  1.572128303522529 29.17890815272659 pid15e3
27.642694322673258  2.835197969818764 33.31309026231079 pid15b0
27.787658093881696  2.235182892825866 32.258023879533425 pid157d
27.85514692888341  1.332621819921301 30.52039056872601 pid1592
28.589939985695846  1.6879611823276766 31.9658623503512 pid15f3
28.96375589531004  2.3423041138918586 33.64836412309376 pid15b4
30.35476475472587  0.4336906662957398 31.22214608731735 pid159e
30.66544738445762  2.89701577713213 36.45947893872188 pid158c
34.65814628944517  1.204604328221221 37.067354945887615 pid15ab
35.32548254581748  2.937447626551519 41.20037779892051 pid158b
35.89023035171306  1.2448643589873134 38.379959069687686 pid1581
36.24842106839282  0.42618300566484996 37.10078707972252 pid15d4
38.38727392625708  1.2222488258827409 40.83177157802256 pid15d3
38.82352686449354  1.6988414575918953 42.22120977967733 pid15e5
39.49812212035475  2.90410562975817 45.30633337987109 pid1588
39.84753880222194  1.97414692683286 43.79583265588766 pid15e8
40.470565890176445  1.1850036378924913 42.84057316596143 pid15e6
41.53434691274097  0.6822826367323284 42.89891218620563 pid15da
43.02832613244683  2.5641800402031634 48.15668621285315 pid15a2
44.039939820853746  1.8535678162554143 47.74707545336457 pid15e1
44.58070460578415  0.5126991261685818 45.60610285812131 pid15e0
44.629627403772275  1.1499338297762465 46.929495063324765 pid15aa
46.00258503585278  1.876128102038789 49.75484123993036 pid15b3
46.20356326195649  2.034049319311474 50.27166190057944 pid1606
47.003087625162756  2.3883949110288616 51.77987744722048 pid160d
47.23468896691448  1.484850937368555 50.204390841651595 pid15cf
47.650471380912876  1.9085891197848186 51.46764962048251 pid15db
48.40869752924003  2.804648355300864 54.017994239841755 pid1580
49.46313863305196  0.4873182560994259 50.43777514525081 pid15fd
50.313970556604694  2.1136479257810996 54.54126640816689 pid15dd
50.81061909783878  2.8481031678578703 56.506825433554525 pid15c0
51.47558533320764  2.621109566319466 56.71780446584657 pid15bf
51.573103444237354  2.895914770239033 57.36493298471542 pid15c8
51.69248646984944  2.046181533533597 55.78484953691664 pid15a5
52.09746835393367  1.7183624358518874 55.534193225637445 pid15a9
52.32083089557956  1.8473793353816288 56.01558956634282 pid15c7
53.24965698278598  1.754148464777221 56.75795391234042 pid15a7
53.350829905053146  2.7454522746332617 58.84173445431967 pid1603
53.42670356289039  2.5130265991419516 58.45275676117429 pid15c1
53.77869771758517  1.041302265577104 55.86130224873938 pid1602
53.90717230688781  2.0217847444709274 57.950741795829664 pid1604
53.91491984981964  1.0725778977932527 56.060075645406144 pid1595
55.50806948364473  2.613861924733012 60.735793333110756 pid160e
59.09523384131538  2.7343147844265143 64.56386341016841 pid157e
59.786659928553874  1.685183968866495 63.15702786628687 pid1599
62.79796494756707  2.795188358109507 68.38834166378608 pid157f
63.66442115108133  2.9933541128518266 69.65112937678498 pid15ee
65.67319350410081  2.478438903278521 70.63007131065785 pid15c3
67.08218955055358  2.515695897451739 72.11358134545706 pid15ae
67.18682649906904  1.7796980209898696 70.74622254104878 pid15f6
68.22677453849013  2.9412411858284955 74.10925691014712 pid1593
68.71787013877803  1.5623996639037503 71.84266946658552 pid1584
69.33265155364151  2.08375832835179 73.5001682103451 pid15c9
69.48687854093114  0.4460258843841563 70.37893030969946 pid15bc
70.12161850493447  2.7847043633100963 75.69102723155467 pid1605
70.86609754157111  1.776334960590218 74.41876746275155 pid15e4
71.05294011870221  0.4391131872589186 71.93116649322005 pid15f0
72.41822485030359  1.2068124835167515 74.83184981733709 pid15c2
73.16070630358053  1.4098071393754785 75.98032058233149 pid15ff
73.27785369278311  1.993719202961295 77.2652920987057 pid15f8
74.45685462958184  2.338416773067787 79.13368817571741 pid15dc
74.86068255914236  1.6057499177440588 78.07218239463047 pid1598
74.89041072107369  2.6284631907929987 80.14733710265969 pid1585
75.37235779838113  2.4449578414842015 80.26227348134954 pid159c
75.62956809483377  2.8585691100557464 81.34670631494527 pid15d8
76.1479891853775  1.1219090546426091 78.39180729466271 pid159a
76.23368908888062  2.324350990874615 80.88239107062985 pid15ac
77.0993834051731  2.4088663741381238 81.91711615344934 pid1596
78.16861605309509  2.026628463258001 82.22187297961109 pid15fa
78.52223131834593  1.8932354450331532 82.30870220841224 pid15ef
79.34659112264184  1.9186794047650664 83.18394993217197 pid1594
80.07333988179691  0.8779884367715466 81.82931675534 pid1597
80.26273893172143  2.865485807738715 85.99371054719886 pid1589
81.21576603265106  1.7356804593684871 84.68712695138804 pid15d6
81.32268968350527  2.606239234269228 86.53516815204372 pid15df
81.6650488859312  0.6020154481820319 82.86907978229526 pid15b9
82.87865422869778  2.593692035914365 88.06603830052651 pid15f4
83.13017792027213  0.6342085472999626 84.39859501487206 pid15e7
83.41263914384233  2.0912604660773852 87.5951600759971 pid159d
85.33302131862496  1.484983148505901 88.30298761563677 pid1582
86.66459541082119  2.999363966156306 92.66332334313381 pid160b
87.11629535823116  1.3601795406072015 89.83665443944555 pid15c5
87.1367895870536  0.8270601845895876 88.79090995623278 pid15ba
87.53750518993668  2.537064276069048 92.61163374207477 pid160a
88.34626751683233  0.7973265273068356 89.940920571446 pid1590
89.76140433057985  2.7268745778515804 95.21515348628301 pid15e2
90.17426183727008  1.706234828602906 93.5867314944759 pid1586
90.49631964982092  1.6317910626772076 93.75990177517534 pid15d5
90.70959179357739  0.640721826429074 91.99103544643553 pid15cb
90.81921062767881  0.9550529697735417 92.7293165672259 pid15af
91.23672781669654  2.712693853128673 96.66211552295388 pid15d2
92.05390895457602  2.1279895925546004 96.30988813968521 pid15ce
93.27991168288942  1.6141008224517308 96.50811332779288 pid1609
93.3626544370309  2.0536146874364576 97.46988381190381 pid15ad
93.8689354264359  0.872000222110765 95.61293587065742 pid158d
94.24582099393541  1.3051286669763527 96.85607832788811 pid15fc
94.65138790469034  0.9016971115962256 96.4547821278828 pid159b
94.91884037327242  2.823950351887417 100.56674107704725 pid15ea
96.23788436423821  2.4277051557798055 101.09329467579782 pid15be
97.17239111191194  2.1756498516976253 101.52369081530719 pid15a6
97.26376257465797  1.7641589447878605 100.79208046423369 pid15f1
98.17044728803094  1.1610553255399898 100.49255793911092 pid15ed
98.18815845924009  2.4835775528414534 103.15531356492299 pid15b7
98.26574711254825  1.9184093436422547 102.10256579983276 pid15f2
98.34752027925357  0.5774053969780532 99.50233107320967 pid15f9
98.3620718537052  1.5327425670227757 101.42755698775075 pid15b2
98.4301753169459  2.811084932699172 104.05234518234425 pid15d9
98.63913624714165  1.280565912275728 101.2002680716931 pid15ec
99.80965095474825  0.7645043495263223 101.33865965380089 pid160c
