2.132141765315665  2.9891632839528572 8.11046833322138 pid1180
2.9007994094131595  2.239619352554249 7.380038114521658 pid1183
3.5325756232062178  2.0491918107791545 7.630959244764527 pid1186
4.621258785388276  2.2497859300770022 9.12083064554228 pid11bc
5.653106296009138  3.898302845886691 13.449711987782521 pid11de
6.746962507512082  2.3064765398528166 11.359915587217715 pid1192
7.398561869084103  1.9971087942277057 11.392779457539515 pid1166
7.558968405826962  4.145685841243932 15.850340088314827 pid11ef
7.962238559818122  3.311048241008216 14.584335041834553 pid116c
9.659768635512766  4.64691025888979 18.953589153292345 pid11d6
11.524413815911174  3.4804721327610806 18.485358081433336 pid11be
12.257757060607686  3.6517203523407398 19.561197765289165 pid11af
12.537065923339565  1.3552590905863546 15.247584104512274 pid1171
13.050899610682489  2.475274162926752 18.001447936535993 pid11d8
14.217498355984073  3.1413123852039924 20.500123126392058 pid11da
15.487788666365315  4.787189334538059 25.062167335441433 pid1176
15.991983710739131  4.150377779164867 24.292739269068864 pid11f7
16.009908967451707  2.1222046115048556 20.25431819046142 pid11a0
17.225428964672798  3.9800114913154703 25.18545194730374 pid11cd
21.324777190037356  4.763538437057472 30.8518540641523 pid11f1
22.390460370633672  1.0546205572900438 24.49970148521376 pid1196
23.59453238409746  1.6916357552828951 26.97780389466325 pid118d
23.61750885141217  3.396395746748428 30.410300344909025 pid11ee
25.494989790229347  1.4933222264993917 28.48163424322813 pid11ca
26.329494384999425  4.99154593532628 36.312586255651986 pid11c4
28.15075027689202  4.219864768404607 36.590479813701236 pid1168
28.94744023896761  1.5900579161930577 32.12755607135372 pid11e3
31.28474377727554  4.68092237239069 40.646588522056916 pid1165
31.789278369532468  2.2081193364285507 36.20551704238957 pid1188
32.31471210889258  1.4038065201433851 35.122325149179346 pid116d
32.840630644083966  4.118478256060483 41.07758715620493 pid11a5
33.489721374935016  4.13515530021064 41.7600319753563 pid1179
33.69784106221776  2.3637049962087437 38.42525105463525 pid11b4
33.78289467924944  1.3148484551281183 36.41259158950567 pid11ed
35.83719786762159  3.3470375966901 42.53127306100179 pid11ce
36.314089191511705  2.6944494954838367 41.70298818247938 pid11a2
36.385088415416526  1.4131397422646779 39.211367899945884 pid11c7
36.666006316036416  4.982099794793052 46.63020590562252 pid11a6
37.835421756643136  3.589379541430542 45.01418083950422 pid11e9
45.62892523714382  4.905812077111305 55.44054939136643 pid11b0
49.745664125736674  3.4391375658814813 56.623939257499636 pid11db
53.279293139485766  1.0236763417201558 55.326645822926075 pid11ae
53.46356061482535  4.688887786639093 62.84133618810353 pid1190
53.96175787090812  2.6586029224382344 59.27896371578459 pid11b1
55.09656904857508  1.4737710007719254 58.04411105011893 pid118b
56.61399663402351  2.826912402091849 62.26782143820721 pid11cc
59.42262765927397  4.962500591235865 69.3476288417457 pid11f2
60.01736588208573  1.7914573680209442 63.60028061812761 pid117f
62.66579924595302  4.30524803186006 71.27629530967315 pid118c
67.02320823364708  4.713074565015543 76.44935736367816 pid11d4
69.87616912515955  2.306854045458913 74.48987721607737 pid11cf
70.8937107509331  3.870581405812935 78.63487356255897 pid1170
70.91454407258962  2.5773920256971516 76.06932812398392 pid1164
71.05867878057316  4.124563364391021 79.3078055093552 pid11c0
71.63956067599563  3.3374619213707244 78.31448451873707 pid1181
72.48157116715447  2.3078070556088877 77.09718527837225 pid11bd
72.71534957645713  1.7740646988177695 76.26347897409266 pid11c3
73.18260671142386  1.9022257044714848 76.98705812036683 pid118e
73.43672031181285  4.232927963608671 81.9025762390302 pid119a
73.8677655970667  2.4708802772165432 78.80952615149978 pid117b
74.7104945231688  2.911148261530508 80.53279104622982 pid11b3
75.12592076059423  3.981417750708801 83.08875626201183 pid1199
79.49751629161256  1.9270843282074699 83.3516849480275 pid11d3
80.45679637463401  4.664255233571957 89.78530684177792 pid1182
81.8013664577047  2.6652549141081887 87.13187628592108 pid1189
82.17124576952446  4.385726561401283 90.94269889232703 pid11c9
84.23204572456875  4.0604069276441646 92.35285957985708 pid117c
84.38006618410562  2.8128117478439925 90.0056896797936 pid11cb
84.90008427548216  4.8091451376357455 94.51837455075365 pid11f3
86.44049558911155  3.8816830100099895 94.20386160913152 pid11eb
86.7465123827931  2.237241003448573 91.22099438969025 pid11e5
87.45502222080185  4.7533874616002345 96.96179714400232 pid11a3
87.93638033850304  2.986909470831445 93.91019928016593 pid11c1
88.73587386773998  3.868036657799703 96.4719471833394 pid11c8
91.07564468261646  1.1841319040239116 93.44390849066428 pid119c
92.12041333757355  1.1655752560057495 94.45156384958506 pid1173
92.24245033162839  1.2716764216140266 94.78580317485644 pid11e7
93.13015394766394  2.1005465039861195 97.33124695563617 pid1174
93.70478679242278  4.6780344130065 103.06085561843578 pid1177
94.5172250160038  1.4700753867484369 97.45737578950067 pid116a
95.10489460252722  3.7133728591275768 102.53164032078237 pid11b9
95.68738898435855  2.0998578533706453 99.88710469109984 pid11b2
96.96929024870798  2.030626295728513 101.030542840165 pid11e1
97.95547144260993  3.4258786151143754 104.80722867283869 pid1198
98.16971872199161  3.701982588678219 105.57368389934805 pid119b
99.27375282236531  2.6347076858210086 104.54316819400732 pid119d
99.4735581774218  2.0858704888000648 103.64529915502192 pid1191
100.40034931189417  3.9648597707092894 108.33006885331275 pid11a7
101.22599287536798  4.60460403781239 110.43520095099277 pid1185
103.5195787047965  3.1287651165822075 109.77710893796092 pid116e
103.98257560003923  1.6202462204845052 107.22306804100823 pid1197
110.76564193090476  4.260699015990326 119.28703996288542 pid116b
111.96206991076068  1.9778007409243563 115.91767139260939 pid1163
114.22109628344106  1.161370193753691 116.54383667094844 pid11b5
114.27787404243178  4.257565804208557 122.7930056508489 pid1184
114.40309113010166  1.7038409215485868 117.81077297319884 pid117a
114.73033005058625  2.296279765666473 119.3228895819192 pid11b6
115.51609329001191  2.482125917599412 120.48034512521073 pid1195
117.00463209374884  3.455140929459432 123.9149139526677 pid11ac
117.19741693021511  2.2221996124385606 121.64181615509223 pid11d1
117.80043544715394  3.8400739734170894 125.48058339398813 pid11ad
118.63317671772408  4.112733683257495 126.85864408423907 pid118f
118.74856867662987  3.5572295848138284 125.86302784625752 pid11dd
119.80659124669904  3.418158275188962 126.64290779707697 pid11d5
122.27568155701587  3.452947515602427 129.18157658822074 pid11e6
122.38844029149914  3.5550410721482137 129.49852243579556 pid11d7
122.4068470150219  4.28682430518764 130.98049562539717 pid11a4
122.56083955479758  3.027981376651543 128.61680230810066 pid11f4
122.87862715559706  2.8910845928775077 128.66079634135207 pid1187
123.44873747817735  2.5241012764089183 128.49694003099518 pid11ec
123.7406428382567  1.126743003327725 125.99412884491215 pid11c6
125.83391301745753  2.7135438210625216 131.26100065958258 pid117e
130.85003309357205  2.1364112432919082 135.12285558015586 pid117d
131.04763733521747  4.420495715966744 139.88862876715098 pid11b8
131.69421296693127  3.588140346338024 138.87049365960732 pid11ba
132.051737730534  3.6673392846978237 139.38641629992964 pid11c5
132.3158428312017  1.2990701182198712 134.91398306764145 pid1169
132.5714619193225  4.571122350154521 141.71370661963155 pid11e0
133.83303236275995  2.344567461595961 138.52216728595187 pid11f0
136.05374985018156  1.4561262456693709 138.9660023415203 pid11bb
137.62619915375362  1.3060489102192059 140.23829697419202 pid11f5
137.75528177549643  1.4281076806648314 140.6114971368261 pid11ab
141.08581739853932  1.3266063514108777 143.73903010136107 pid11dc
142.077345788803  1.5974640322750342 145.27227385335306 pid1194
142.18382884407015  3.0390515177818043 148.26193187963375 pid11b7
144.4362853928871  4.800878167037938 154.03804172696297 pid1178
145.22103864746327  4.94267134926449 155.10638134599225 pid11f6
145.80037881119242  3.9864687655474724 153.77331634228736 pid119f
147.06208598898553  2.3353728325972853 151.7328316541801 pid11d0
148.0355836055106  2.8891734650767287 153.81393053566404 pid1162
149.8888246526623  1.592920788147206 153.07466622895672 pid11df
151.98843017854287  2.490078735181183 156.96858764890524 pid11d9
154.41348179134533  3.4551346940451673 161.32375117943567 pid1167
155.61456770356764  2.9306263177794794 161.4758203391266 pid1175
157.10428612002846  2.5043919553981344 162.11307003082473 pid118a
157.3567659014858  2.810011946000084 162.97678979348598 pid119e
157.74045640123686  3.307805610698441 164.35606762263373 pid11e2
157.95730143205304  2.5936512524344413 163.14460393692192 pid1172
159.70146413471957  1.1593313206365692 162.0201267759927 pid1193
162.20853158598527  2.0208410458743824 166.25021367773402 pid11c2
165.87642378747398  4.952038550544187 175.78050088856236 pid11e8
166.2494447492111  1.6587446633449603 169.56693407590103 pid11aa
166.5052374099754  4.937060179986188 176.37935776994777 pid11a9
168.21914781104869  4.775741541953682 177.77063089495604 pid11a8
168.23716173569255  2.704212528134658 173.64558679196188 pid11e4
170.44042803638524  1.1899165543126355 172.8202611450105 pid11a1
171.53873561781563  3.2228543871253064 177.98444439206625 pid11ea
172.80116236113543  2.310900390864915 177.42296314286526 pid11d2
174.95329390735935  1.9580348958004206 178.8693636989602 pid11bf
177.59129545791845  4.452665044602084 186.49662554712262 pid116f
