0.4829444300168073  2.433077474989376 5.349099379995559 pid180d
1.7511197593287453  2.4755424939694386 6.702204747267622 pid17db
3.0567928420356827  1.4446351774480912 5.946063196931865 pid17e5
3.312502370462378  0.521411211771317 4.355324794005012 pid1867
4.54386540138545  2.5663810753163196 9.67662755201809 pid1840
5.057895723606542  2.4675671554551597 9.993030034516861 pid184c
5.432504053076947  2.5592679627696358 10.551039978616219 pid17e8
5.844242559549495  1.7784334707313216 9.401109501012138 pid180b
5.928394247911495  2.726002536871958 11.38039932165541 pid17ff
6.075934340784006  2.3031701486666454 10.682274638117295 pid17e0
6.334782339013945  0.6010625671612734 7.536907473336491 pid183b
6.466466372940671  0.5724640381417555 7.611394449224182 pid180a
7.3299454789551355  2.5497135641642594 12.429372607283653 pid17f8
8.147606576835088  0.5906452559857974 9.328897088806682 pid17e7
8.294298076374663  2.3182954950277894 12.930889066430241 pid1835
8.888954221475998  2.326624985070634 13.542204191617266 pid1853
10.763391318881709  2.4334637442496314 15.630318807380972 pid182f
10.950556423024905  2.8535105704683 16.657577563961503 pid17d7
11.194717619241267  1.5228773233797854 14.240472266000838 pid17fd
11.24251493245585  0.5990902444432022 12.440695421342253 pid17d8
11.736560904049309  1.8495839433649528 15.435728790779216 pid181b
11.958769393481727  1.2822148519937275 14.523199097469183 pid1831
14.69517367761366  2.938442847742497 20.572059373098654 pid1868
15.142457095006412  2.3539718071785516 19.850400709363516 pid182e
15.388408208083792  2.3109162929704365 20.010240794024664 pid1807
15.823209246620685  1.6042626690362276 19.03173458469314 pid17ed
15.843416937005983  0.5424592307110038 16.92833539842799 pid1864
15.987059601495012  2.4201662927142604 20.827392186923532 pid1822
16.01619770403434  1.259617456933654 18.535432617901648 pid1815
16.177395204453916  0.577819995991183 17.33303519643628 pid1814
16.49513760056115  1.5891227019203642 19.673383004401877 pid17f4
17.541733899729405  1.430863295428146 20.403460490585697 pid17e6
17.67713384924461  1.5879505951070025 20.853035039458614 pid17da
17.780366713488903  1.0543084959806865 19.888983705450276 pid1829
18.84259223533701  1.617920839971147 22.0784339152793 pid180f
18.914822927122398  0.839618726038214 20.594060379198826 pid183f
21.419540391896962  2.416794788414141 26.253129968725244 pid17dc
23.03298911032705  1.3090074222632873 25.651003954853625 pid1866
23.822251428747133  2.7516585592181357 29.325568547183405 pid17df
26.45752641906476  1.5847204632994303 29.62696734566362 pid181a
27.450477206734114  0.6690309982049276 28.78853920314397 pid1809
27.72915097079722  0.6461315502578373 29.021414071312897 pid17f3
28.750496838836426  0.8469624112632899 30.444421661363005 pid1839
29.712648957173993  1.0869277432352147 31.886504443644423 pid17d9
30.2689744288819  0.9455369616944727 32.16004835227085 pid1856
30.34514312356341  2.1364082462405998 34.61795961604461 pid1812
31.29389539510302  2.006260104373729 35.30641560385048 pid1825
31.68454893077487  1.0219425701359945 33.72843407104686 pid17ee
32.02241330185096  1.3396112967703087 34.701635895391576 pid1838
32.391231740429305  2.0966593971334246 36.584550534696156 pid17eb
32.701333954271604  2.3861409988392377 37.47361595195008 pid17fe
33.297981578423105  1.0196118631342874 35.33720530469168 pid1869
33.53197079246999  1.3384033629861134 36.20877751844222 pid1818
33.88727812352439  1.9392307446216037 37.7657396127676 pid1842
34.22557513258552  2.7834894807612836 39.792554094108084 pid17d5
35.043838474965796  1.7851834897347483 38.61420545443529 pid17f6
35.271806239878  1.3771806852042183 38.02616761028644 pid1854
35.45454935600675  1.228758459345444 37.91206627469764 pid185e
35.84761449418296  0.43095103002994994 36.70951655424286 pid184b
36.00167141802111  2.199868649748478 40.401408717518066 pid1801
36.783932061231106  1.1640341562177443 39.112000373666596 pid181f
37.50371530571005  1.5210318656042463 40.545779036918546 pid180c
37.64901463240625  2.60936059610318 42.86773582461261 pid1827
38.34848215257488  1.2797206776855972 40.90792350794607 pid17fc
39.225600425503195  2.4773200996601252 44.18024062482345 pid1846
40.360171067584005  2.0458954446837656 44.451961956951536 pid1800
40.53027313561972  2.9774680029506815 46.48520914152108 pid1830
40.961394798012606  2.085479355476602 45.13235350896581 pid1813
41.67045513165917  1.486835528936688 44.64412618953254 pid1821
41.8544247769444  2.319616637446092 46.49365805183658 pid182c
41.86771679329229  1.2889944539751692 44.44570570124263 pid17e1
41.87437562000015  2.3046841749045397 46.48374396980923 pid1823
42.42878946866274  1.773060023531797 45.97490951572634 pid1837
44.539780663163064  0.8811640837381853 46.30210883063943 pid181d
45.715404670206695  1.257535606035674 48.23047588227804 pid17e3
46.65508527862258  1.5709761608028918 49.797037600228364 pid17e4
46.98206385434398  1.3629716245798593 49.7080071035037 pid1847
47.831476489124384  2.9710512922856247 53.773579073695636 pid182b
48.175101465272796  1.3115744959640727 50.79825045720094 pid181e
48.505415819656406  2.166861218053278 52.83913825576296 pid183c
48.918249793790615  2.3031814293477892 53.52461265248619 pid183d
48.96022311805126  2.444668687925172 53.849560493901606 pid180e
50.24523219881477  0.7427975293547114 51.73082725752419 pid1865
50.24564904277287  1.7059287287822928 53.657506500337455 pid1852
50.64764843182318  0.8034712090918901 52.254590850006956 pid17f1
51.56943814541266  2.433123334191829 56.43568481379632 pid181c
52.29339953686035  2.489944494628912 57.27328852611817 pid183a
52.35414981738838  1.8522364018907762 56.05862262116993 pid17f9
53.90265256422856  1.908060809520057 57.71877418326868 pid1832
53.93284081408524  0.6712184227991669 55.275277659683574 pid1803
54.576478368827885  0.8322221604742729 56.24092268977643 pid17ea
56.20047077787059  2.818332145301155 61.837135068472904 pid1824
56.38934853918261  0.9551924587249939 58.2997334566326 pid1817
56.58491753104175  1.8519686705040468 60.28885487204984 pid184d
58.94905912871666  2.246480977894845 63.44202108450635 pid1860
59.29494782426203  1.2565755780973191 61.80809898045667 pid17f5
59.9944469951452  2.5527717981262534 65.09999059139771 pid1810
60.679446855884436  0.48190272261986605 61.64325230112417 pid1858
61.28604739611742  1.6840841775823154 64.65421575128205 pid1808
62.6057855861095  2.3869713235253824 67.37972823316026 pid17fb
63.2176136834262  0.8459037013496717 64.90942108612555 pid1862
63.39087037716056  1.3242196773256887 66.03930973181194 pid17dd
65.70356043627473  1.2365818396387955 68.17672411555232 pid1804
66.60167798869824  0.8893057977250858 68.38028958414841 pid1819
66.80675076002409  0.4752269633878311 67.75720468679975 pid17e2
67.49419812259512  1.0532747026934413 69.60074752798201 pid1834
70.14473611971619  0.6094852332003309 71.36370658611685 pid1843
72.37051707673032  1.469314688520785 75.30914645377189 pid1836
72.58201468768293  2.886057204834694 78.35412909735231 pid1845
73.88855432199958  1.0609269056159585 76.0104081332315 pid17f7
74.45029103351824  1.773771844231629 77.9978347219815 pid1820
74.82187278297657  0.4199328764709911 75.66173853591854 pid17fa
74.83608679967213  0.4005749123246787 75.63723662432149 pid1848
75.26511317547165  0.8283783626634083 76.92186990079847 pid1802
76.41093647659022  0.7850988078590793 77.98113409230838 pid17d6
77.01813585315548  0.7500919621491335 78.51831977745375 pid17e9
77.26833997776859  2.066098344804067 81.40053666737673 pid1844
77.45102809347152  0.9323861204618422 79.3158003343952 pid17f0
77.98688386975084  0.694437846115784 79.3757595619824 pid185c
79.14932711754984  2.2479162737382197 83.64515966502628 pid1806
79.48323884979246  2.0982038803574254 83.6796466105073 pid184f
79.96970059401241  1.475865487268747 82.9214315685499 pid185a
81.2842148248891  2.745909168223879 86.77603316133687 pid1816
81.91714660448807  2.2719217553232913 86.46099011513465 pid183e
82.08215117051435  2.1146630955442256 86.3114773616028 pid17ec
82.98819070622535  2.6283157986192074 88.24482230346376 pid184e
83.4368238928814  0.44187104907881253 84.32056599103903 pid185d
84.56222031371648  2.8425137042976862 90.24724772231185 pid182a
84.74247859583234  2.593067891879725 89.92861437959179 pid1855
85.69297669837891  0.6860163686621004 87.06500943570312 pid17f2
86.16496887555869  0.6554381065755845 87.47584508870986 pid17ef
86.45474116236576  2.8584826976821907 92.17170655773015 pid182d
87.05414668943125  1.2044654555290573 89.46307760048937 pid1805
88.18063350641316  2.8311241969773904 93.84288190036794 pid1849
88.81309418772595  2.435227523424525 93.683549234575 pid185f
90.1027926783816  1.661206474591832 93.42520562756526 pid17de
90.39426443895917  0.4781972564998115 91.35065895195879 pid1833
90.99483731033045  1.1476503449157311 93.29013800016192 pid1841
91.66320472785976  2.8609399172044636 97.38508456226869 pid1861
91.75724755240789  1.8408417186490564 95.43893098970601 pid1859
92.37951733170524  2.2053119689791347 96.79014126966351 pid1851
95.47961711209615  0.46219407007723123 96.40400525225061 pid1828
96.04254118867588  1.6958260337006643 99.43419325607721 pid1857
96.74421210942845  0.937882998751866 98.61997810693218 pid1826
96.83537208323145  2.9467857863531695 102.72894365593778 pid184a
97.76783953672377  2.7028112124199644 103.1734619615637 pid1863
98.10472632442422  2.980664072262197 104.06605446894861 pid185b
98.10824556455213  0.7131132651331751 99.53447209481848 pid1850
98.62238206125167  2.560071583948347 103.74252522914837 pid17d4
99.86529807078729  1.708654531902635 103.28260713459255 pid1811
