0.18071679794862683  1.884752618456819 80.18071679794863 pid4c44
0.6696686810323982  0.9419895788736601 80.66966868103239 pid4bcf
1.0879594974233575  1.6741531425516074 81.08795949742336 pid4ade
2.051730062582818  1.1219526551236068 82.05173006258282 pid4c50
2.6550818159750857  1.7611008383387865 82.65508181597508 pid4c25
2.859614353027229  1.2869486406078259 82.85961435302723 pid4ba2
2.8915870067929452  1.7927952751865295 82.89158700679295 pid4c77
4.392658275424632  1.080918845082751 84.39265827542464 pid4b94
4.719163996866943  1.2938710924375663 84.71916399686694 pid4b6f
5.285904420389798  1.0719626756832232 85.2859044203898 pid4b05
5.607476294829638  0.8102869146874399 85.60747629482964 pid4c4e
5.683802631081009  1.931277753020215 85.68380263108101 pid4c34
5.83754894544144  1.375153369334602 85.83754894544144 pid4b8a
5.97163301468302  1.1800554967495112 85.97163301468302 pid4b2d
7.089950143269857  0.5571035341276679 87.08995014326986 pid4c88
7.976713244394157  0.9703200094037054 87.97671324439416 pid4c84
8.404128851708153  1.7058228197979 88.40412885170815 pid4c68
8.56195903588382  1.9056428974867778 88.56195903588382 pid4b3a
8.608719236540546  1.5976240372419057 88.60871923654055 pid4bc2
8.704600826924413  1.5637539255343942 88.7046008269244 pid4ad7
8.75873615107745  1.4963080958069948 88.75873615107744 pid4c63
9.415344346276655  0.7373502343100689 89.41534434627665 pid4c2a
9.734644092473326  0.6131335081093319 89.73464409247333 pid4b75
9.796670657178302  1.4799170985647585 89.7966706571783 pid4aff
10.110288927238953  1.1738823157533185 90.11028892723895 pid4c36
10.691260729460284  0.805842616928155 90.69126072946028 pid4c12
10.806955236814813  0.8012117253385619 90.80695523681482 pid4c70
10.997525709595374  1.6516388643231807 90.99752570959538 pid4b33
11.018335499391041  0.7397613086876789 91.01833549939104 pid4b42
11.128816711080441  0.710647847221155 91.12881671108045 pid4b54
11.625061980509377  1.430932739150286 91.62506198050937 pid4c4b
12.21354756863484  1.6635459764875646 92.21354756863484 pid4aed
12.402610356955075  1.4990108175762575 92.40261035695508 pid4c66
12.54684789947677  1.7337787697951492 92.54684789947677 pid4b67
12.624637678676114  1.209944866955491 92.62463767867611 pid4c3d
12.642942580219547  0.6832603429228481 92.64294258021954 pid4bfe
13.176580653321146  1.9119839624566382 93.17658065332114 pid4be7
13.244413121199134  1.0723996528205864 93.24441312119913 pid4b11
13.84962950605485  1.7382037615723125 93.84962950605485 pid4b9e
14.535080262676104  1.9721495432149097 94.5350802626761 pid4c73
14.599272854629925  1.862415580448588 94.59927285462993 pid4c1c
14.742995187835394  1.2391501291178615 94.74299518783539 pid4be1
14.892785899437749  1.2821634937063053 94.89278589943775 pid4bbf
15.319376177640592  0.5632229946648126 95.31937617764059 pid4b4b
15.407918956105343  0.574353108645216 95.40791895610535 pid4c8d
15.81057817739845  1.5700069379750716 95.81057817739845 pid4c0f
16.236527654586276  1.8911162277225992 96.23652765458627 pid4b6c
16.959148353985253  1.9885377447103867 96.95914835398526 pid4c28
17.130519777839996  1.4529674629013236 97.13051977784 pid4bac
17.1466031980206  0.7474844027867138 97.1466031980206 pid4bdf
17.753777007568267  1.0731231336675426 97.75377700756826 pid4bbe
18.255503830980825  1.6121973525462057 98.25550383098083 pid4b2f
18.475748313605894  0.8941865227124549 98.47574831360589 pid4b3c
18.946141838189845  1.9988806764494027 98.94614183818985 pid4bd5
19.054258600646722  0.8428459597838572 99.05425860064672 pid4c05
19.740674688229277  1.5213666055533137 99.74067468822928 pid4c5e
19.99849437146683  1.8105865362913247 99.99849437146683 pid4c6a
20.286107525959622  1.636067952114851 100.28610752595962 pid4c1b
20.32492977337233  1.8978284128949756 100.32492977337233 pid4c38
20.3541536083565  1.861485785247138 100.3541536083565 pid4b4d
20.373490342226848  0.6049511189948109 100.37349034222684 pid4bc6
20.38043457502362  1.5610203230925057 100.38043457502363 pid4bab
20.44937198092119  0.7817883985387476 100.44937198092119 pid4b1f
20.559114613869056  1.074785316250967 100.55911461386906 pid4b15
20.5639588157721  1.1676528463520117 100.5639588157721 pid4b55
20.969261795719436  1.1963728113981362 100.96926179571943 pid4bef
21.02979330617228  0.805907350221104 101.02979330617228 pid4c86
21.077040848982136  1.595372299983346 101.07704084898214 pid4c53
21.094686009929063  1.5263426076645579 101.09468600992906 pid4b5a
21.146221296396917  1.9709054198691964 101.14622129639692 pid4c5d
21.611147454449092  1.788957280576647 101.6111474544491 pid4b44
21.84978685772736  1.067102267725456 101.84978685772737 pid4b81
21.909967584247802  1.3637704468324037 101.9099675842478 pid4c6b
22.786470359384502  1.9172907271643922 102.78647035938451 pid4b3d
22.915736784447343  0.9229450212752568 102.91573678444735 pid4b27
22.954182798732713  0.8457121932445842 102.95418279873272 pid4b72
24.27016455190401  1.7487011090620896 104.270164551904 pid4b26
24.415020193281606  1.0948812616225476 104.4150201932816 pid4b7e
25.168219113581774  0.597971138370278 105.16821911358177 pid4b1b
25.466262091314036  1.8767104977937363 105.46626209131404 pid4c6e
25.83248597410056  0.8204008703201024 105.83248597410056 pid4c56
26.444699457754496  0.7377152470282781 106.4446994577545 pid4b0c
26.588391718607625  0.7672875611104397 106.58839171860762 pid4c46
27.070834630584578  0.7111224381513335 107.07083463058459 pid4b34
27.13081476512586  1.2591269193880734 107.13081476512586 pid4b5d
27.572694393399622  1.0684157285903184 107.57269439339962 pid4c85
27.653300289845394  1.0605036106215888 107.65330028984539 pid4b18
28.501194987146246  1.9348304315926073 108.50119498714625 pid4b02
28.932592937960123  1.168764688238576 108.93259293796012 pid4c0a
29.353947614571695  0.6097842765517205 109.3539476145717 pid4b97
29.487801157738364  1.653548593394533 109.48780115773836 pid4adc
29.559798237701273  0.5445668333687081 109.55979823770127 pid4b66
29.777193487823993  1.2044450334999806 109.777193487824 pid4c18
30.018604281186885  1.7973743080332238 110.01860428118688 pid4b8f
30.058044838666405  1.871629851569554 110.0580448386664 pid4b76
30.0945845853137  1.3247739405592462 110.0945845853137 pid4b4e
30.481934962978652  0.6246531814251036 110.48193496297866 pid4aeb
31.5377321726632  0.8971137693987584 111.5377321726632 pid4c48
32.082529889952276  1.5915985721015997 112.08252988995227 pid4c7f
32.444754364149546  1.822835109712152 112.44475436414955 pid4c07
32.486772637956506  1.4897658052794103 112.4867726379565 pid4c41
33.3095101066322  0.6122046679871926 113.3095101066322 pid4bed
33.45468719886643  0.9175846288134224 113.45468719886642 pid4bba
33.920737366650634  1.3112792216782465 113.92073736665063 pid4b63
34.018400093008374  1.7444351213299685 114.01840009300838 pid4bb2
34.24085803894626  0.835770493601518 114.24085803894626 pid4b96
34.75780529436829  1.1581845848029337 114.7578052943683 pid4be9
35.91532324223437  1.4607180006856808 115.91532324223436 pid4bf2
36.49926618450469  0.5326032444235964 116.49926618450469 pid4af6
36.70779468351613  1.9328506814449806 116.70779468351613 pid4c4f
36.979797414559634  1.6278737127618754 116.97979741455964 pid4be2
37.98420176157101  0.6490735935597428 117.984201761571 pid4b46
38.21925135833651  1.743214853717419 118.2192513583365 pid4b82
38.35117469189221  0.9506060872847456 118.35117469189221 pid4c83
38.649975667498325  0.6758228913029716 118.64997566749832 pid4c24
38.729041925914665  0.6468504672066493 118.72904192591466 pid4c0b
38.933102563115895  1.0745299857391832 118.9331025631159 pid4af5
39.06133448396028  1.035022271989643 119.06133448396028 pid4c23
39.29959456702947  1.0363097795816003 119.29959456702947 pid4c58
39.614698938801745  1.9575926174968725 119.61469893880175 pid4b50
40.64924109699318  1.0000892792983775 120.64924109699318 pid4ae5
40.763268512159115  0.5841181275879617 120.76326851215912 pid4af1
40.776469340466754  0.5000551142253951 120.77646934046675 pid4b92
41.844861227129556  1.4539866063285476 121.84486122712956 pid4b9a
42.15062790743525  0.782920963215416 122.15062790743525 pid4c2d
42.25024646275586  1.5227938638769025 122.25024646275585 pid4bf5
42.38997594189458  1.8942900894780108 122.38997594189459 pid4b47
43.43544011939226  1.4040866693341798 123.43544011939227 pid4c2b
43.55601662419046  0.5090120973977895 123.55601662419046 pid4afc
43.7044231537512  1.9679860251653878 123.70442315375121 pid4c2c
44.01177191641015  0.7219373079187528 124.01177191641014 pid4bb8
44.17752195098256  1.8693827982939393 124.17752195098257 pid4be8
44.24748408430187  1.8773635364701544 124.24748408430187 pid4b39
45.289851548734944  1.4160613352607418 125.28985154873494 pid4bf1
45.80132170816795  1.1182477370475015 125.80132170816795 pid4b99
46.1975057732385  0.6584091378514711 126.1975057732385 pid4c8b
46.28925759306375  1.266920636446786 126.28925759306375 pid4c78
47.09643762697101  1.5568933881918545 127.09643762697101 pid4b1c
47.236589302207484  1.1008737394765178 127.23658930220748 pid4be6
47.58156140075846  1.6663847897220312 127.58156140075846 pid4c49
47.898814554230924  1.6039836316609766 127.89881455423092 pid4b8e
48.43102798786281  0.6324307722210074 128.43102798786282 pid4ad6
48.76653275256395  1.8734755705833832 128.76653275256393 pid4b08
49.5678520562706  1.8667120682140728 129.5678520562706 pid4ad5
49.58408720227588  1.0590933241083953 129.5840872022759 pid4bc7
49.876744531055564  1.4685526256744157 129.87674453105558 pid4c42
50.259819072586126  0.9544706505500532 130.25981907258614 pid4c22
50.83473303915467  1.5279164125132956 130.83473303915468 pid4baf
51.08328644285093  1.0260764202061519 131.08328644285092 pid4b53
51.17533947981009  1.4528707649510724 131.17533947981008 pid4b22
51.88822524719301  1.7741085473499125 131.88822524719302 pid4c71
52.0617703673251  0.9970182476901738 132.0617703673251 pid4af7
52.124969838327345  1.3365635438380743 132.12496983832733 pid4ba7
52.48084642813693  1.5029035927998255 132.48084642813694 pid4ba4
52.50373665983012  1.331197858965465 132.5037366598301 pid4c32
52.79635216913744  1.6131862992208497 132.79635216913744 pid4c80
53.088833931024105  0.9645607198512188 133.0888339310241 pid4c74
53.65928957306287  1.4072237733428201 133.65928957306286 pid4b06
53.67182780360093  0.5185607425184056 133.67182780360093 pid4b7a
53.83390566800045  1.5685453179866726 133.83390566800045 pid4acf
55.75587962139454  1.6510315301982408 135.75587962139454 pid4b38
56.06853454650522  1.8351284841979294 136.06853454650522 pid4b6b
56.09000182797226  1.8218808901116872 136.09000182797226 pid4c1e
56.287094990454776  0.6127244494967994 136.28709499045476 pid4b2b
57.30183530277391  0.9890708620131672 137.3018353027739 pid4bd0
57.55923900620091  1.0996476833447024 137.55923900620093 pid4b14
57.880563165997  1.3217351683906828 137.880563165997 pid4b69
57.920439743691425  0.8667808297513335 137.92043974369142 pid4bfa
58.01676860512724  0.5426639542892014 138.01676860512725 pid4bc4
58.15006828442975  0.730404123542121 138.15006828442975 pid4b49
58.181809203463416  1.272562637028411 138.18180920346342 pid4b6a
59.20969334409211  1.0265053156887898 139.2096933440921 pid4b20
59.31359867569798  1.3842906039831984 139.313598675698 pid4b5e
59.38806315898345  1.423590426720558 139.38806315898344 pid4b36
59.44177649176479  1.2620531853350967 139.44177649176478 pid4b7b
59.81110080572568  0.5634987312260278 139.8111008057257 pid4b91
60.05070950122872  0.7811867109151328 140.0507095012287 pid4c8a
60.68977575783326  1.1710361062647714 140.68977575783327 pid4bf8
61.506228863076664  1.960539400790594 141.50622886307667 pid4bd9
61.90674099728152  0.5259483672261678 141.90674099728153 pid4bff
61.974356676794976  1.7773415215972228 141.97435667679497 pid4bbc
62.832652898968725  0.5490790244775863 142.83265289896872 pid4bc1
63.472859697612535  1.9531473762196652 143.47285969761253 pid4ace
63.99034449691631  0.7476017147122398 143.9903444969163 pid4b9b
64.09456982146378  0.5339666005319126 144.09456982146378 pid4c7a
64.7230133427265  1.6631437881071316 144.72301334272652 pid4b77
64.92780378708949  1.3306185120421161 144.9278037870895 pid4b56
65.46974674917165  1.461246869400029 145.46974674917163 pid4be4
66.06572600137108  1.2782419135492704 146.06572600137108 pid4b5b
66.5165364863102  0.8750050321827695 146.5165364863102 pid4bca
66.71434697102379  1.3616262504978596 146.7143469710238 pid4ba3
67.29301635469973  0.7789098783204865 147.29301635469972 pid4af2
68.2144426094279  1.1880830170742207 148.21444260942792 pid4b60
69.24122522403344  1.6489920227097747 149.24122522403343 pid4c7c
69.3968721004805  0.5307898074865043 149.3968721004805 pid4c40
69.91874910524221  1.0791831598478452 149.91874910524223 pid4ba1
70.02777873118139  0.8165413605287737 150.0277787311814 pid4bf6
70.05087089434615  1.4467833057152706 150.05087089434613 pid4ba9
70.05476908411643  1.7404676140635043 150.05476908411643 pid4ae7
70.28435030257663  1.1096984344186323 150.28435030257663 pid4bfc
70.31217800530901  0.6175706654671772 150.31217800530902 pid4b51
70.32573920861272  1.0657070510898914 150.32573920861273 pid4c7b
71.06150012870842  1.2405439281394695 151.06150012870842 pid4c4d
71.0712047811755  0.6080674188028545 151.07120478117548 pid4aec
71.55484992056263  1.8617438486830362 151.55484992056262 pid4b4c
72.75294362131139  1.4075843245605126 152.75294362131137 pid4ba6
72.88884516058843  0.6637193821976137 152.88884516058843 pid4bf4
73.47478500787774  0.5527180572529291 153.47478500787776 pid4b89
74.52336160922428  0.8812913046586441 154.52336160922428 pid4b74
74.79804233462966  0.7869679595670812 154.79804233462966 pid4ae4
74.85533354491751  1.9147694937284359 154.85533354491753 pid4c33
74.99218104010623  0.6965832044679596 154.99218104010623 pid4c57
75.57777127515381  1.6578144230789669 155.5777712751538 pid4c27
75.63971260913198  1.1872634716052497 155.63971260913198 pid4b70
75.66390425052664  1.9980504739430969 155.66390425052663 pid4b5f
75.71787488627717  1.527188151975728 155.71787488627717 pid4b8c
75.79258007811686  1.463881027069795 155.79258007811686 pid4c17
75.89462676608873  0.6583329956454395 155.89462676608872 pid4c15
75.93220112264764  1.1228372378202192 155.93220112264765 pid4bdc
76.26146870962081  0.887626360614461 156.26146870962083 pid4c6f
77.11575436098413  1.720966102739784 157.1157543609841 pid4c5c
77.16748170311637  1.0171046864298068 157.16748170311638 pid4b29
77.22853794907634  1.6482262494656408 157.22853794907633 pid4bd1
78.09574464732303  1.7917634049090725 158.09574464732304 pid4bfd
78.30568343377396  1.2226537588401793 158.30568343377396 pid4c3e
78.40776664438921  1.9986652185910374 158.4077666443892 pid4b98
79.09731221942552  1.7304639873582763 159.09731221942553 pid4bea
79.54973586099382  0.5874023336678597 159.54973586099382 pid4c81
80.43843545018464  1.6666036712413068 160.43843545018464 pid4bd7
81.1317978078239  1.7601519971756567 161.1317978078239 pid4b09
81.45552134599548  0.8919029814135342 161.45552134599546 pid4b5c
82.36225570062723  1.2539882164630078 162.36225570062723 pid4b9c
83.70985862664558  1.342617826888726 163.7098586266456 pid4c3a
83.73054650195095  1.8796992152664047 163.73054650195095 pid4bce
83.7694098390767  0.7705323398560364 163.7694098390767 pid4b04
84.15914819359423  1.1537678303721068 164.15914819359423 pid4ba5
84.19651576833446  0.9434720264318157 164.19651576833445 pid4b40
84.39325237982953  1.0075015510252916 164.39325237982953 pid4be0
84.544409370211  1.137580672113416 164.54440937021099 pid4b85
84.74602892369506  1.5271672073300495 164.74602892369506 pid4afa
84.88872097817469  1.632349899471887 164.8887209781747 pid4bb7
85.19239401182374  1.054330862854294 165.19239401182375 pid4c1d
85.30258433241025  1.6053846937547185 165.30258433241025 pid4b86
85.32960740150176  1.1413303178014815 165.32960740150176 pid4b8b
85.41293304413993  1.8687385422972873 165.41293304413995 pid4c75
85.52328508809313  1.2174140521407588 165.52328508809313 pid4c72
85.54256366722483  0.5975187987330244 165.54256366722484 pid4b90
87.50357294477513  1.7568594861652027 167.50357294477513 pid4b07
88.7465115392418  1.3685520731135452 168.7465115392418 pid4b01
89.21976125918084  1.5898600895565296 169.21976125918084 pid4b9f
89.23825188209545  1.6468672574615981 169.23825188209545 pid4b6d
89.29051229202813  1.99266779534071 169.29051229202813 pid4b4a
89.53949532460334  1.80921325575854 169.53949532460334 pid4c76
89.59052818683566  0.7889417316651404 169.59052818683566 pid4b43
89.61752289897642  1.2035150983114487 169.6175228989764 pid4c20
89.94951115181043  1.2309480583929022 169.94951115181044 pid4b9d
90.2127470796145  1.51828952556212 170.2127470796145 pid4bb0
90.26452052127851  0.6427799661850375 170.2645205212785 pid4b73
90.56440156490255  0.6472128556969085 170.56440156490254 pid4b19
90.67618690376759  1.4558816955793175 170.6761869037676 pid4ad0
90.82661228627634  0.5388920950939916 170.82661228627634 pid4b35
91.85125429538282  1.5260424306712028 171.85125429538283 pid4c45
92.04280332739673  1.487743994834519 172.0428033273967 pid4ae3
92.12479450991584  1.900538424767396 172.12479450991583 pid4b95
93.14224805805347  1.8953475410925713 173.14224805805347 pid4b45
93.66913027817967  0.961567859675042 173.66913027817967 pid4bcb
93.71683478233888  1.551612443608517 173.71683478233888 pid4ae0
93.90555580081788  0.5868652147341482 173.90555580081787 pid4af0
94.6905228113562  1.339326610515729 174.6905228113562 pid4b4f
94.72321866831525  0.8844130559503296 174.72321866831527 pid4bb3
94.75655763015973  1.1024357939668519 174.75655763015973 pid4b48
95.52537328348158  1.6254017083119194 175.5253732834816 pid4afe
95.90629883929735  0.5042417658345164 175.90629883929734 pid4bb1
96.15357876050368  1.381207609373901 176.15357876050368 pid4c26
96.28466990454766  0.848612289094395 176.28466990454766 pid4c69
96.41099419831691  1.0245480998410057 176.41099419831693 pid4aea
96.79266659591441  1.414839969247553 176.7926665959144 pid4b28
96.9516853602268  1.190138970783839 176.9516853602268 pid4bde
97.15073011544777  0.7526484834036242 177.15073011544777 pid4af8
97.21042984767188  1.2701794897198568 177.2104298476719 pid4c3f
97.91663634073664  1.5691899036738746 177.91663634073666 pid4c03
98.10470898210559  1.8192504366566036 178.1047089821056 pid4c6c
98.16745120120814  1.733600832746378 178.16745120120814 pid4b0e
98.98511188131675  0.856828917809067 178.98511188131675 pid4c04
99.16418592659258  0.7360263724163763 179.16418592659258 pid4b79
99.50370217429969  0.7314990111638425 179.5037021742997 pid4b52
99.81602992934445  1.458737652095432 179.81602992934444 pid4c19
99.83895881021101  1.2362603371612417 179.838958810211 pid4c11
100.06921456437105  1.9515966215144767 180.06921456437107 pid4c61
100.42049582701745  1.3844416187310968 180.42049582701745 pid4c79
100.81061563408409  1.3044493042527536 180.8106156340841 pid4b13
100.97091664054575  1.4201501903551599 180.97091664054574 pid4b84
101.66486883075699  1.1883567406569848 181.66486883075697 pid4bf3
101.97340039662905  0.903832933396711 181.97340039662905 pid4bd4
102.16269002316055  1.8770742010412471 182.16269002316056 pid4b64
102.38488479296825  1.864333548346505 182.38488479296825 pid4c2e
103.54878345314091  0.9671154540043303 183.5487834531409 pid4c31
104.17630033275908  1.3054454418563477 184.17630033275907 pid4aef
104.40079457359236  1.696918365239546 184.40079457359235 pid4bc0
104.84171714294949  0.6864848810197179 184.8417171429495 pid4b88
104.98043398107474  0.5705269850436656 184.98043398107473 pid4b41
105.07369279887574  0.9907803130952578 185.07369279887575 pid4c1f
105.21625766154007  1.3334881413366102 185.21625766154006 pid4b87
105.51473798370118  0.7585402201384303 185.5147379837012 pid4aee
105.6797203675083  1.3755675741184998 185.6797203675083 pid4b61
106.41794934207243  1.1649660663013752 186.41794934207243 pid4c54
106.58941314461998  1.3858697141726402 186.58941314461998 pid4c2f
106.74474280451763  1.9528145394452199 186.7447428045176 pid4b32
106.9072472714179  0.7270419265242429 186.9072472714179 pid4bcc
107.14613138683669  1.5803966938589145 187.1461313868367 pid4adf
107.50160189022718  1.420394811456722 187.50160189022716 pid4beb
107.6107037019266  0.6384241314483825 187.61070370192658 pid4b25
108.19777038160119  0.8070955707168421 188.19777038160117 pid4c87
109.38993972812733  1.475443903625047 189.38993972812733 pid4b8d
109.48949300825139  0.5416730232345626 189.48949300825137 pid4b7f
110.90660905703388  1.981428245326672 190.90660905703388 pid4c62
111.11786603004886  1.91083918451405 191.11786603004884 pid4c29
111.27845360870803  0.8177169700596668 191.27845360870805 pid4c10
111.32564848162613  1.7368514133523554 191.32564848162613 pid4b10
111.72978927702695  1.454064291771517 191.72978927702695 pid4bf7
112.06304682561029  0.7318170816543004 192.0630468256103 pid4b24
112.11642821826993  1.7764306955762839 192.11642821826993 pid4bf9
112.55766508491295  1.7999734997518961 192.55766508491297 pid4ad3
112.69242717469469  1.0708532158136015 192.69242717469467 pid4bd6
112.88994551922607  1.65414461851815 192.88994551922607 pid4ad2
113.12411003512301  0.9261724296505931 193.124110035123 pid4b1a
113.23297499224294  1.8253910794666908 193.23297499224293 pid4be3
113.24605662872189  1.3915423107472695 193.24605662872187 pid4c0e
113.25292449130667  1.2505192798128353 193.25292449130666 pid4ae6
113.61740337681007  0.8869149525220108 193.61740337681007 pid4b3f
113.75293311953057  0.7355924378915097 193.75293311953055 pid4b68
113.84387987752577  1.7659219126657837 193.84387987752575 pid4bc5
114.47974333533041  0.6263597497499881 194.4797433353304 pid4bd3
114.61048748317138  1.1421280128300504 194.61048748317137 pid4c64
114.87408829786237  1.093463965224835 194.8740882978624 pid4b2a
114.91348507639901  0.8510043533483505 194.913485076399 pid4bad
114.92017770062445  1.5996772149744327 194.92017770062444 pid4bee
115.09281139507638  0.6355586156714159 195.09281139507638 pid4c1a
115.32402603472445  1.628308108105701 195.32402603472445 pid4c09
115.82695025373087  1.6444855563397973 195.82695025373087 pid4b83
115.90708103578756  0.6338913376332962 195.90708103578754 pid4bae
116.10559493912831  0.647511032064077 196.1055949391283 pid4af3
116.16169542357811  0.9528616345874408 196.16169542357812 pid4b3b
116.35071957778982  0.7483400711519368 196.35071957778982 pid4c4c
116.6812878228855  1.2521139827392398 196.6812878228855 pid4b37
116.87921299822914  1.3527670658604596 196.87921299822915 pid4b1e
117.15658578040305  0.6648286488346029 197.15658578040305 pid4b59
117.19921522340458  1.3375831492046157 197.19921522340456 pid4bfb
117.20501295058435  1.016663663453666 197.20501295058435 pid4b93
117.40445894031531  1.0169052309472884 197.4044589403153 pid4b03
118.3191283005625  1.1794694803808505 198.3191283005625 pid4bda
118.34770064586608  0.633402044973354 198.3477006458661 pid4b1d
118.37212210588476  0.717423729161855 198.37212210588476 pid4c5a
118.67707386714046  1.4784892435579844 198.67707386714045 pid4b12
119.23728364116718  0.7934693698960295 199.23728364116718 pid4adb
119.40936915676191  0.5073262066085994 199.4093691567619 pid4b3e
119.48651908664033  1.4684754408582281 199.48651908664033 pid4bc3
119.68603180828782  1.5036531830042177 199.68603180828782 pid4c13
120.07319769297204  1.3669090325185762 200.07319769297203 pid4b62
121.22721775238688  0.9052104750213743 201.22721775238688 pid4bdb
121.91479871485113  1.4635763938972364 201.91479871485114 pid4c0c
122.4393158510742  0.6782473799171014 202.43931585107418 pid4c43
122.60197419288076  0.7855016775970828 202.60197419288076 pid4c08
123.48279202059784  0.7378593785311709 203.48279202059786 pid4c8e
123.65261656505717  0.6162644330100218 203.65261656505717 pid4b30
123.90137183007703  0.8110137281068346 203.90137183007704 pid4c5b
124.55085880826756  1.3913480998165273 204.55085880826755 pid4c52
124.64355447344512  1.1021588155376296 204.64355447344514 pid4c8c
124.90756267499162  0.816408145634926 204.90756267499162 pid4ad1
125.36774785186552  1.9313152183783002 205.36774785186552 pid4b16
125.64721022424736  0.814708835666198 205.64721022424737 pid4c37
125.9388012809036  1.6481016198185283 205.9388012809036 pid4b17
126.06204436176809  1.5695396780886681 206.06204436176807 pid4c14
126.68639129758732  0.6992781446668718 206.6863912975873 pid4b6e
126.72740668143187  1.7365349759673658 206.7274066814319 pid4c8f
126.76680716022254  1.96151830928836 206.76680716022253 pid4afd
127.20593830443188  1.6269562177228352 207.20593830443187 pid4af9
127.55424327772042  0.7889191462121922 207.55424327772042 pid4c67
127.97193741900205  0.7151709739906419 207.97193741900205 pid4b0b
128.01680035049193  0.7539774068703412 208.01680035049193 pid4bb6
128.7355594417475  1.5720084254691873 208.7355594417475 pid4ba8
128.7414257707514  0.8672403018479753 208.7414257707514 pid4c39
128.998990023409  0.544763702360233 208.998990023409 pid4c55
129.03003331763617  1.702511060320131 209.03003331763617 pid4bd8
129.61156960925354  1.6261242958727296 209.61156960925354 pid4c89
129.86114597668464  0.5799835199587131 209.86114597668464 pid4ae8
130.1739010156549  0.8481886584754883 210.1739010156549 pid4b80
130.46437968585911  0.996079758663573 210.46437968585911 pid4af4
130.75788279398367  1.3227211597674533 210.75788279398367 pid4ae1
130.78286900634725  1.1459410404223935 210.78286900634725 pid4bd2
130.91098701426387  1.930797148275768 210.91098701426387 pid4bf0
130.98010646078606  1.9914170715753583 210.98010646078606 pid4b71
131.55425718647112  0.9262960546251489 211.55425718647112 pid4ad9
131.65282222922292  1.4826214364694543 211.65282222922292 pid4c3c
131.9389128026164  1.2637569349928983 211.9389128026164 pid4bcd
131.97543110335343  1.306002093502165 211.97543110335343 pid4b0d
132.88036290944632  1.0138125082812424 212.88036290944632 pid4b31
132.9451070117705  1.0615315480272753 212.9451070117705 pid4bb9
133.8129271139459  0.7405459788752649 213.8129271139459 pid4b57
134.19052615864433  0.5289328287154712 214.19052615864433 pid4b65
134.1960835509598  1.2489210831907676 214.1960835509598 pid4c3b
134.45411532573894  1.6625589043437974 214.45411532573894 pid4c60
134.46706334202608  0.8492681173837251 214.46706334202608 pid4c30
134.82170307872076  0.5203763885651778 214.82170307872076 pid4c4a
134.8797333370864  0.8669464929457782 214.8797333370864 pid4b7c
135.23846495472344  1.6554337463973738 215.23846495472344 pid4bbb
135.41678618262713  0.7110467680449073 215.41678618262713 pid4bc9
135.48730838802652  0.9256539895422509 215.48730838802652 pid4bc8
136.07238563492933  1.8553240966716202 216.07238563492933 pid4c02
136.20339905071907  0.6015920491945654 216.20339905071907 pid4b58
136.31119959152016  1.9859668404712365 216.31119959152016 pid4c21
136.57324048730837  0.7483208344266955 216.57324048730837 pid4c6d
136.61561420470707  1.2155541151700484 216.61561420470707 pid4add
136.62963517167591  1.751323428796326 216.62963517167591 pid4ad4
136.7039345363315  0.8185730747639391 216.7039345363315 pid4c51
136.97537812211064  1.7591191430794044 216.97537812211064 pid4afb
137.10477243864926  1.2092921410482274 217.10477243864926 pid4b2e
137.152293346681  1.3212475236420214 217.152293346681 pid4c00
137.6181685572824  1.225601864311339 217.6181685572824 pid4b0f
138.2299020397916  1.1691945961081607 218.2299020397916 pid4c5f
138.86224426101808  1.9764530262456677 218.86224426101808 pid4b78
138.9929845848271  1.919782427942703 218.9929845848271 pid4baa
139.31789686554373  0.6062447477989302 219.31789686554373 pid4c7d
139.91042592080854  0.914070013008907 219.91042592080854 pid4bb4
139.97102516236262  0.5448166448471874 219.97102516236262 pid4c7e
140.03066716757127  1.850085428768343 220.03066716757127 pid4bb5
140.4694832333258  0.9554541028173049 220.4694832333258 pid4bec
141.21615376266772  1.9633908648018301 221.21615376266772 pid4ba0
141.92388878896372  1.2786010779139472 221.92388878896372 pid4c16
142.0338159441658  0.9339780175886727 222.0338159441658 pid4c65
142.71183778659184  1.2202191658306645 222.71183778659184 pid4c06
142.80428148397337  1.348979057178412 222.80428148397337 pid4bbd
143.09107175179844  1.1245196677671103 223.09107175179844 pid4c35
143.26931624461463  1.1250202327916952 223.26931624461463 pid4c0d
143.4011551411807  1.1384089101853894 223.4011551411807 pid4b0a
143.70045161583272  0.8447996769902091 223.70045161583272 pid4bdd
144.09914729695004  1.1435327819697996 224.09914729695004 pid4c47
144.15485039492006  0.9597679380094395 224.15485039492006 pid4b2c
144.66916196601443  1.2894495741755165 224.66916196601443 pid4c82
144.86933429797745  0.9559213341151925 224.86933429797745 pid4ae9
144.93719758004895  1.4651392107510863 224.93719758004895 pid4ad8
145.15427032954673  1.9992698259887622 225.15427032954673 pid4b21
145.69421604812624  1.958723249451447 225.69421604812624 pid4c01
146.6195258840641  1.645513371011769 226.6195258840641 pid4ada
146.81257087708985  0.6938413910323211 226.81257087708985 pid4c59
146.8868840253356  1.1292094337795366 226.8868840253356 pid4b00
148.24205312846263  1.5152414021592269 228.24205312846263 pid4b23
148.7354291799888  1.7865853807783074 228.7354291799888 pid4b7d
149.10168482351938  0.7798521041472444 229.10168482351938 pid4ae2
149.94911591562277  0.8402964599807805 229.94911591562277 pid4be5
