0.13056731210450145  2.2837244706532838 4.698016253411069 pid1138
0.6935990780604251  0.5412218307285603 1.7760427395175458 pid1108
1.132195951579118  0.5826827704951317 2.2975614925693817 pid1137
2.807163382714617  0.43231240334879384 3.6717881894122044 pid1103
2.8944503380175512  1.589617536197693 6.073685410412937 pid10df
2.9816402060017344  0.9687023567018396 4.9190449194054136 pid1127
3.896675575671471  1.1862584633570092 6.26919250238549 pid1152
5.030033063559558  0.6780226325882454 6.3860783287360485 pid10fb
5.80491221985765  2.6263771661392843 11.057666552136219 pid10ee
6.096174158242218  2.882087213650852 11.860348585543921 pid1121
8.007370000560055  0.7456758722452262 9.498721745050508 pid1147
8.204548496496333  0.45471289902264134 9.113974294541615 pid10f4
8.682068092590312  2.3712532223150715 13.424574537220455 pid10d8
9.260724063947235  0.9220455356112565 11.104815135169748 pid10e9
9.555369892590072  0.8952550892699593 11.34588007112999 pid10fd
10.168115692700342  2.524401955646865 15.216919603994072 pid112d
10.206101677172807  2.997960774246268 16.202023225665343 pid112e
10.473454310786146  2.8650635634597057 16.20358143770556 pid1161
11.14518914816337  2.683619311674302 16.512427771511973 pid113b
11.831137874347487  1.5780732615594268 14.98728439746634 pid1105
11.840649535157032  0.8697868725269016 13.580223280210836 pid10dd
12.754276781500495  2.7129779553758495 18.180232692252194 pid10e3
12.819680218994456  1.8264715025956777 16.47262322418581 pid10f2
13.750618335489694  2.3748651067696716 18.500348549029038 pid1120
14.989951285668369  2.2894536702524944 19.56885862617336 pid1135
16.711084011879194  2.2402991498925844 21.191682311664362 pid1116
17.247537492545796  1.3365984436953324 19.920734379936462 pid1156
17.252255196971067  0.7191703844066022 18.690595965784272 pid1117
17.723139543778956  2.3520423105797126 22.42722416493838 pid10d5
18.30901365444514  1.5145905091600445 21.338194672765226 pid114b
20.734630781410267  1.0253032955386399 22.785237372487547 pid1136
21.98180814394305  2.757980941131861 27.497770026206773 pid1153
25.246770533661167  1.9790808500918633 29.204932233844893 pid1125
25.510626139655045  2.208661224663315 29.927948588981675 pid1160
25.517136108036652  1.2339429992901694 27.98502210661699 pid114d
27.7527831538107  1.1089068441683243 29.970596842147348 pid10d0
27.88178474108578  2.2369141390436935 32.35561301917317 pid10d7
27.90850941417481  1.8110060446437353 31.53052150346228 pid1134
28.439742942493908  2.8971401594878596 34.23402326146963 pid10e1
28.543392087549037  0.6605986742482952 29.864589436045627 pid113f
28.554365030410246  0.46619744614178094 29.486759922693807 pid10f5
30.745788395847107  2.9914769582795975 36.728742312406304 pid1123
32.08774269040647  2.2067575578339707 36.50125780607441 pid110a
32.367473542655965  2.188744103016941 36.744961748689846 pid1150
33.70341266389918  1.5454206211574948 36.794253906214166 pid1157
34.52922560096805  2.0538564333774185 38.636938467722885 pid111a
34.67237433056651  2.1717127243054826 39.01579977917748 pid112c
34.95202576811174  0.4998789878857774 35.95178374388329 pid10ce
35.52925330419608  2.9489117820107777 41.42707686821764 pid115e
35.78829852322922  0.5895761773510595 36.96745087793134 pid1155
35.90842232579974  1.9799812643402164 39.868384854480176 pid111f
36.71249581814167  0.48053610191925655 37.67356802198018 pid10e2
37.018362223046765  1.7606989332511565 40.53976008954908 pid10d6
37.258907875944026  2.026443161243182 41.31179419843039 pid112f
37.44474333686596  0.7645124621576534 38.97376826118127 pid1140
37.58421125871091  2.4489969861151226 42.482205230941155 pid1139
37.76726514626453  0.69447780595285 39.15622075817023 pid111c
38.1475827054764  2.613309467718791 43.37420164091398 pid114c
38.63296595643416  2.4902387765790763 43.613443509592315 pid1146
38.87753268095465  2.843020593447408 44.56357386784947 pid10f7
39.06531024514452  1.6962539964024343 42.45781823794939 pid1109
40.150471084256864  2.5575562157094596 45.265583515675786 pid1114
42.390724375633816  1.988408676895848 46.36754172942551 pid1149
42.79539985102443  2.6344123133380486 48.06422447770053 pid10dc
43.9546978728121  2.072271355806 48.099240584424095 pid113a
44.81405814802947  2.936985911071288 50.688029970172046 pid10d4
45.466523052465625  2.299945274018256 50.06641360050214 pid10f6
45.58247503373547  0.9299275384233309 47.442330110582134 pid110c
46.12901152229281  2.43270353796632 50.994418598225444 pid10e0
48.13155243372482  2.0460213445348865 52.22359512279459 pid115f
48.263061071930856  2.5264209976388803 53.315903067208616 pid10d2
48.964285734610726  1.0914830377239593 51.14725181005865 pid110f
49.317779675662145  2.8915179938985234 55.100815663459194 pid10fc
49.406553128056  1.308240184797233 52.02303349765046 pid10e4
49.66658022581644  2.031095502124076 53.728771230064595 pid110d
50.479273918912035  1.798584514806905 54.076442948525845 pid1104
53.631072998020414  1.9449093890505202 57.52089177612145 pid1158
54.03114286406981  0.8405767153522514 55.71229629477431 pid10d1
54.130414313960465  0.4908276844510367 55.11206968286254 pid1151
55.49792056871793  1.6164644688085739 58.730849506335076 pid111b
55.909698694042035  2.5428946149450233 60.99548792393208 pid10f0
56.10987647226903  2.976193876383218 62.06226422503546 pid111e
57.77480004466226  2.043795200778045 61.86239044621835 pid10db
58.6543562980371  2.0078431483272974 62.670042594691694 pid1159
61.68161743639751  2.7228019989107928 67.1272214342191 pid10fa
61.813442804866035  2.0098323388735833 65.8331074826132 pid1100
63.00937141985047  0.8403768478858091 64.69012511562208 pid10e6
63.93503356320429  2.0589462194502217 68.05292600210474 pid114e
64.48525385394298  1.7788722344356627 68.0429983228143 pid1142
65.37363029302351  0.881438852028156 67.13650799707982 pid1112
65.39953405656603  1.637965015158768 68.67546408688357 pid1132
66.72627753072531  2.223155438467112 71.17258840765953 pid10eb
67.92965941235944  2.2893814417774823 72.5084222959144 pid1113
67.97464177297863  0.5997267608474819 69.17409529467359 pid113e
68.14904241833544  2.5503833653664874 73.24980914906841 pid1111
68.19477388291371  0.9660768956175092 70.12692767414873 pid10e7
68.99357596672942  0.7498441971397634 70.49326436100895 pid111d
69.03415544313584  2.6353219462002766 74.3047993355364 pid1145
70.40624828314886  2.617028889290206 75.64030606172926 pid1126
70.41563314789471  2.628192303155042 75.67201775420479 pid1101
70.5344325777461  2.656185916430697 75.84680441060749 pid1144
70.66901435390999  0.6284435328906768 71.92590141969134 pid1131
70.713190250667  1.3175983678358651 73.34838698633872 pid114f
70.9172872479987  2.761024576353403 76.43933640070551 pid1128
72.66528135984382  2.32307482496665 77.31143100977712 pid1148
72.90615875883502  1.3042959773576437 75.51475071355031 pid10f1
73.31501997999894  1.1027715444152029 75.52056306882935 pid1141
73.33422579760995  0.9786314770038903 75.29148875161772 pid10ff
73.7637046900551  1.796516450903646 77.3567375918624 pid110b
73.97528202130343  2.3213967155832895 78.61807545247001 pid115d
74.39673732508322  2.9904113030064856 80.37755993109619 pid1129
74.614705373044  2.3870603823603846 79.38882613776477 pid10e8
75.8874582408743  1.0019403580760882 77.89133895702648 pid1133
76.72181889336372  2.193647987180375 81.10911486772447 pid10f3
77.83717903086823  2.6434829803295976 83.12414499152743 pid1124
78.6465167393389  2.4519592509320125 83.55043524120293 pid1102
78.73656250675485  1.2651350894386022 81.26683268563205 pid1154
79.41373462692536  0.6127337383271514 80.63920210357966 pid10fe
79.73256279520352  2.5091970572703666 84.75095690974425 pid10cc
81.72901299324133  2.52762732088394 86.7842676350092 pid1115
83.20027114312943  1.1413404207434037 85.48295198461624 pid1143
83.57832200709645  1.5175919016362882 86.61350581036902 pid10ed
84.22813192925452  2.506899558492372 89.24193104623926 pid114a
85.32062550386837  0.8867710866897442 87.09416767724785 pid1119
85.60063181682317  1.5199418878967745 88.64051559261672 pid112a
85.9451151762358  0.7696893278703192 87.48449383197644 pid1107
89.50970891019658  1.0015714088257848 91.51285172784814 pid1130
90.37306724107007  1.998514541716065 94.3700963245022 pid10ef
90.73535342955401  0.9775970271934563 92.69054748394092 pid113d
90.97591137283251  2.482544055314449 95.94099948346141 pid1110
91.27359688470187  0.6745544902961325 92.62270586529414 pid115c
92.27113185157785  1.1181748523454251 94.5074815562687 pid10cd
92.3334251102048  0.7237230033171154 93.78087111683904 pid10da
93.24616886994362  2.214761754227151 97.67569237839791 pid1106
93.45150109965765  1.7555603592951448 96.96262181824794 pid115b
93.91308771910421  2.572927038123827 99.05894179535187 pid110e
94.24850033311817  2.3840291590222624 99.0165586511627 pid113c
94.72615911025638  0.8684399680904449 96.46303904643726 pid1122
95.31138330794752  2.849164068020162 101.00971144398784 pid1118
95.64339594207112  1.3438195822466217 98.33103510656437 pid10e5
95.96738508153618  2.51606112525798 100.99950733205213 pid115a
96.03459302681047  1.6709099022643845 99.37641283133924 pid112b
96.48404414557872  1.2755959986084808 99.03523614279568 pid10d3
97.18255277670816  1.0638151514603036 99.31018307962877 pid10cf
98.23870609194034  1.9180338468007947 102.07477378554194 pid10f8
98.49902838578565  2.820927510458626 104.1408834067029 pid10de
99.19638330793265  0.4716813151576805 100.13974593824801 pid10d9
99.44406623364672  1.92183848909316 103.28774321183305 pid10f9
99.77263335840519  2.2549252114432674 104.28248378129172 pid10ec
99.8486919623515  1.6901781422266198 103.22904824680474 pid10ea
