0.1538716708298593  4.943255360982651 10.040382392795161 pid3dde
0.8172167490008242  4.0357566673739464 8.888730083748717 pid3dbe
0.9766780979966327  1.4288865012516871 3.834451100500007 pid3d21
2.1250316891473586  2.04392804095746 6.212887771062278 pid3d14
2.144256776218285  4.632399345761601 11.409055467741487 pid3d69
2.805317757682677  1.124980029502102 5.055277816686881 pid3e5f
2.9582968224276307  2.412740973788608 7.783778770004846 pid3e36
4.3387906229534074  4.636824687617602 13.612439998188611 pid3dc4
4.37311502648265  1.1081599080241862 6.5894348425310225 pid3d62
4.824795507891029  3.6761797071591116 12.177154922209251 pid3dff
4.843281621850293  2.0557884321397357 8.954858486129766 pid3d5d
4.907809634977694  4.977904289767339 14.863618214512371 pid3d84
6.121683921503642  4.506045846698237 15.133775614900117 pid3dfe
6.615684291587105  4.116838310905284 14.849360913397673 pid3deb
6.904565978158366  4.708646742548135 16.321859463254636 pid3cdf
7.453445334408055  1.0805734733109333 9.614592281029921 pid3cea
7.68462737402621  2.891273507903807 13.467174389833824 pid3e67
7.8388670958870215  3.2911172372619895 14.421101570411 pid3dca
7.91301922112863  1.3411359179078421 10.595291056944315 pid3d79
8.001458904964947  3.6707710279299985 15.343000960824945 pid3e76
8.424764686773774  4.896381758095835 18.217528202965443 pid3e4d
8.67499523876591  3.785978469697814 16.246952178161536 pid3e5e
8.675980442458977  2.2702664969203745 13.216513436299726 pid3cd7
8.863291797830108  4.243470680746114 17.350233159322336 pid3cf3
9.691799900127814  3.146986238460707 15.985772377049226 pid3dec
10.059233424424221  4.231587120348417 18.522407665121055 pid3e28
10.072491103312473  2.91058111110111 15.893653325514693 pid3cf1
10.27099480070169  1.343395216549096 12.957785233799882 pid3da1
10.28239328093887  1.2074675031414515 12.697328287221772 pid3d54
10.514224346818018  1.8092433825889644 14.132711111995947 pid3e25
10.547765216829772  1.373631498392172 13.295028213614117 pid3d4a
11.280693609862983  3.796035969943219 18.87276554974942 pid3d9f
12.336807156889087  2.2680726682822434 16.872952493453575 pid3db4
12.807446814782521  1.93135740134533 16.67016161747318 pid3d0c
13.37944401230754  4.368046297743794 22.11553660779513 pid3d37
13.470344507682197  1.1134382956897793 15.697221099061757 pid3d45
14.062431721077225  1.6155226360128534 17.29347699310293 pid3cdd
14.14442767719943  3.4444628038263456 21.03335328485212 pid3df4
14.190292359890652  1.255414716389942 16.701121792670534 pid3e35
14.524020449939828  1.2060410689838807 16.93610258790759 pid3dfb
14.622840636232691  3.238186552941936 21.099213742116564 pid3cc8
15.755162222092975  2.440361403907683 20.63588502990834 pid3d2e
16.53548958050101  1.1293435944177501 18.79417676933651 pid3d5b
17.271805884147092  2.904233594424043 23.080273072995176 pid3e18
17.683855954715224  4.34081855217509 26.365493059065404 pid3e19
18.74360724126528  2.5423593431613547 23.82832592758799 pid3cd0
19.159584008186965  4.936422356525108 29.03242872123718 pid3cc3
19.298876535882044  2.715902304870423 24.73068114562289 pid3e51
21.243197415598686  3.5652679879866116 28.37373339157191 pid3e20
21.47583867494563  3.4865699866919413 28.448978648329515 pid3d97
21.798703432377483  3.720280756119158 29.239264944615798 pid3de6
23.03641985300182  3.9311367370249695 30.89869332705176 pid3ccf
24.51550940641878  3.4669557211798816 31.449420848778544 pid3db0
24.566652338557656  2.086763599762783 28.740179538083222 pid3d6a
24.700102745985024  2.1729012698784316 29.04590528574189 pid3e7a
24.90309877376702  1.1835884007533544 27.27027557527373 pid3cdc
25.823260504278437  4.549477515968004 34.922215536214445 pid3ddd
26.086782198500384  4.088822765360797 34.26442772922198 pid3d38
26.75592276561064  4.730744396191234 36.21741155799311 pid3d48
26.91025778253881  3.351250381438169 33.61275854541515 pid3db2
26.927668923419102  3.0336914164153708 32.99505175624984 pid3d1d
27.23023663062351  4.726926909856318 36.68409045033614 pid3e0b
27.272629484721577  1.7645017885638183 30.801633061849213 pid3e4b
27.79143543628178  3.4391128227678793 34.66966108181754 pid3d2c
28.29472779913315  1.8222708955915725 31.939269590316293 pid3e13
28.64021286162954  4.490658404178006 37.62152966998555 pid3e46
29.114935812787206  2.844183757382859 34.803303327552925 pid3e06
30.326844980991808  3.3472791019932844 37.021403184978375 pid3e02
30.63406796238247  1.1533174273231523 32.94070281702878 pid3e70
30.684775048511828  2.4979601195034746 35.68069528751877 pid3d2f
30.7022016354898  2.8003269120549525 36.302855459599705 pid3e2f
31.154131836874697  1.738521912187609 34.63117566124991 pid3d5e
31.454600107268543  1.7442681939772222 34.94313649522299 pid3e27
31.842713230094873  1.9895910147953821 35.82189525968564 pid3ce1
32.425199778364345  3.587523122784804 39.600246023933956 pid3cfe
32.72785582628631  1.9931377050568106 36.71413123639993 pid3d7b
33.38299323806442  4.197894594037601 41.77878242613963 pid3ccb
33.92838870487134  1.9159922407847558 37.76037318644085 pid3e14
34.537809540089306  4.442320925795526 43.422451391680355 pid3dbc
35.34799105833123  3.720828614921692 42.78964828817462 pid3d24
35.67233258794011  3.1190382888938957 41.910409165727906 pid3e2b
36.00868135517065  2.489957006160377 40.988595367491406 pid3d3c
36.20090131795153  4.240315540865678 44.681532399682894 pid3e1d
36.5588188093942  1.8260997569785258 40.21101832335125 pid3d7f
36.60376659710782  1.2244837403258448 39.05273407775951 pid3dee
36.75265701794993  4.127260872970124 45.00717876389018 pid3d74
36.907723326041264  1.3631675228358096 39.63405837171288 pid3dc6
37.278790159609436  3.443382672128643 44.16555550386672 pid3e16
37.71615601503949  2.5275620417913958 42.77128009862228 pid3da8
39.714343860616346  1.8068504145186415 43.32804468965363 pid3d99
40.37253060323335  4.583470851317273 49.539472305867896 pid3d83
40.575094982131226  3.127466825905672 46.83002863394257 pid3e64
40.602170856107286  4.438263649460964 49.478698155029214 pid3d9c
41.82951065827188  1.850810283791819 45.53113122585552 pid3cfa
43.74006380188174  2.7396961821411083 49.21945616616396 pid3df7
43.92851493460569  2.6436789153146902 49.21587276523507 pid3da5
44.022477036105364  3.1078212573420383 50.23811955078944 pid3dd0
44.43905931357881  3.171490432334118 50.782040178247044 pid3cc6
44.743491652928405  2.0523757273476018 48.84824310762361 pid3d73
45.10075314049932  3.3373582076871195 51.77546955587356 pid3e7d
45.106447200985976  1.2984224218330507 47.70329204465207 pid3d7c
45.141255910633845  3.932636257353112 53.00652842534007 pid3e3a
45.21979771528688  3.018778483312923 51.25735468191273 pid3d35
45.2479045568961  4.874692761490497 54.9972900798771 pid3cd5
45.6433268311181  1.324783595450921 48.292894022019944 pid3e05
45.64912888488821  3.529400214548068 52.70792931398435 pid3e71
46.05277796666379  4.340261769349803 54.7333015053634 pid3d44
46.66521171409801  4.701372864305753 56.06795744270951 pid3d7e
47.22725069339417  4.231031874684653 55.689314442763475 pid3cce
47.62781599627212  3.1811633186548183 53.990142633581755 pid3dcd
47.748839255876874  3.1845075547238575 54.11785436532459 pid3d86
47.86078844033195  4.440804227655899 56.74239689564375 pid3e1c
48.30701435900153  2.2303443606389823 52.76770308027949 pid3e11
48.32859563288392  3.075106826007394 54.4788092848987 pid3db8
48.44406168026142  3.704415632273307 55.85289294480803 pid3d56
48.638474586177466  2.515459249537744 53.669393085252956 pid3e61
48.76129857984155  1.277833735945646 51.31696605173284 pid3e59
48.999309219684875  3.511429107873694 56.022167435432266 pid3dd7
49.00596809398438  4.06081636071344 57.127600815411256 pid3cdb
49.06053209110795  3.40736687401497 55.87526583913789 pid3d0d
49.17780834716419  4.447116701586445 58.07204175033708 pid3e08
49.41244071847396  3.0208686846429735 55.45417808775991 pid3cde
50.33066188423986  1.6658447446626479 53.66235137356516 pid3d6e
50.46318653002353  3.5225970309788206 57.508380591981165 pid3cfc
50.50835245817416  2.035788803814091 54.579930065802344 pid3d12
51.38069946975578  1.5151529587759511 54.41100538730768 pid3da9
52.182724546727925  1.0522979017800962 54.28732035028812 pid3dd5
52.98259520447063  2.8686069245501504 58.71980905357093 pid3df8
53.34860122092564  1.779976113414718 56.908553447755075 pid3d5c
53.55747472863179  1.8809524595959353 57.31937964782366 pid3dc2
53.86084494874792  3.9593460176372117 61.77953698402234 pid3d19
54.20206322244068  4.191982986204658 62.58602919484999 pid3d8f
54.36017373018171  3.8874517940118603 62.135077318205425 pid3e39
54.41074036757832  3.3899638743487364 61.190668116275795 pid3e04
54.48669259812109  3.5234888033718246 61.533670204864734 pid3e0e
54.53222937185003  1.9876292793344543 58.507487930518934 pid3d0b
54.82737271138926  4.036768865367247 62.90091044212375 pid3d17
55.066846005582846  4.167851331263302 63.402548668109446 pid3d27
55.593708641156724  2.883044127650204 61.359796896457134 pid3dd9
55.83372442263946  2.681848277152785 61.19742097694503 pid3d76
56.07035614358133  2.584597760020698 61.23955166362273 pid3e40
56.204308090308366  4.75714060788469 65.71858930607775 pid3dcb
56.2107884952359  2.9857032133094434 62.18219492185479 pid3d3a
56.22289594090872  3.5962114121529867 63.41531876521469 pid3d08
56.28907916993846  3.8978190554726733 64.08471728088381 pid3dae
56.413761918885875  3.222169540702046 62.85810100028996 pid3e66
57.64737004300424  4.469972873854667 66.58731579071357 pid3dd4
57.90854096280286  2.1314084066511843 62.171357776105225 pid3d25
58.14008793634428  1.179543528170444 60.49917499268517 pid3ceb
58.64328727231674  1.0863661763230987 60.81601962496294 pid3e74
58.70983009913275  2.758778001553788 64.22738610224033 pid3e73
59.14480249566575  4.481081117028079 68.10696472972191 pid3d58
59.75263605668248  3.056494000917245 65.86562405851697 pid3d75
60.275144016152474  4.610876357184294 69.49689673052106 pid3d8b
60.45829683772881  1.7547556787601715 63.967808195249155 pid3dd6
60.51007231399538  1.374163466188862 63.2583992463731 pid3e42
60.81765844657111  1.6562896525514534 64.13023775167402 pid3d53
61.03338482770892  4.136205727146492 69.30579628200191 pid3d2b
61.11983785341615  4.631062936916318 70.38196372724879 pid3cf9
61.507140596083765  4.9790678279465155 71.4652762519768 pid3d9e
62.03440901669883  3.5838581107609846 69.2021252382208 pid3e3f
62.114011601286  2.571747496605227 67.25750659449646 pid3e15
62.29851508129731  2.3622766519698493 67.02306838523701 pid3ce8
62.9413887361215  4.271592164324504 71.48457306477052 pid3d4d
63.10849361658141  4.427434754456474 71.96336312549437 pid3da4
63.23532038128028  1.0522554617849145 65.33983130485011 pid3cff
64.24352980605114  2.188466487547261 68.62046278114566 pid3e01
64.9863457571717  2.512276097680231 70.01089795253216 pid3cc0
65.12718186739181  2.451690621077272 70.03056310954635 pid3d47
65.25152800007184  3.866032243212259 72.98359248649636 pid3de9
65.43329883529346  1.312109267409979 68.05751737011342 pid3d70
65.74133303454406  1.2257905885847853 68.19291421171363 pid3ce3
66.11311343760666  2.443778769625629 71.00067097685792 pid3dad
66.55626045463482  1.7512435668828594 70.05874758840054 pid3db5
66.63787214124575  1.0869885980586353 68.81184933736301 pid3cd3
67.58988128546247  1.7913837263250234 71.17264873811251 pid3e79
68.07177021591951  3.4637691067034755 74.99930842932646 pid3e37
69.48775495203996  2.254718372123648 73.99719169628726 pid3d0f
69.59510900542256  3.771351567655882 77.13781214073433 pid3d43
69.8216672776409  2.42703874659012 74.67574477082114 pid3de0
70.88673999505032  3.1279643773437305 77.14266874973778 pid3e6e
71.01621304189347  1.875321695341476 74.76685643257642 pid3cfd
72.09305987872469  1.7020083949019438 75.49707666852858 pid3e3c
72.87687923329831  2.3253285792857916 77.52753639186989 pid3cc4
72.92314972925651  1.2864960005324706 75.49614173032145 pid3daf
72.98327666708471  4.540349312569742 82.0639752922242 pid3d77
74.14501130087154  4.092082988792641 82.32917727845683 pid3d92
74.55614449420591  3.419318043990906 81.39478058218772 pid3e78
74.6035888817757  1.151254519088719 76.90609791995314 pid3dbd
75.62429113593807  4.790255416986948 85.20480196991195 pid3cd4
75.64760755423336  1.243168314166447 78.13394418256625 pid3dc8
75.83741634944634  3.026005294701093 81.88942693884853 pid3dba
76.36772884146633  2.9997286001824244 82.36718604183118 pid3df2
77.12924695481615  1.4922411400188973 80.11372923485395 pid3e5b
77.89780997802143  2.614462362559891 83.12673470314121 pid3ddf
78.05704874815186  4.207124052740896 86.47129685363365 pid3e4e
78.08026950433975  3.3108050665169824 84.70187963737372 pid3de7
79.23789358407677  2.380446022940093 83.99878562995696 pid3e6f
79.31030034914275  1.9154288410480067 83.14115803123876 pid3cf0
79.32086408657636  2.5296765866435873 84.38021725986354 pid3e52
80.01675508212135  2.0625101495636176 84.14177538124858 pid3cd6
80.25548420084255  2.538791534695199 85.33306727023295 pid3de3
81.24978825361922  3.1667286852880108 87.58324562419524 pid3d68
81.2709400226363  3.077728576632215 87.42639717590073 pid3d71
81.31137241078466  4.805838759509821 90.9230499298043 pid3dfd
82.53557135665793  2.2653494857131493 87.06627032808423 pid3d66
83.34981101577559  4.22876036593099 91.80733174763756 pid3e3e
84.33603900114795  3.0390631351467143 90.41416527144138 pid3d8c
84.4638141111663  4.621041478741622 93.70589706864955 pid3d9a
84.56221142763714  4.531607576287223 93.62542658021158 pid3d80
84.61472423450836  1.1542239881186034 86.92317221074556 pid3e60
84.73547922904216  4.711578745832431 94.15863672070702 pid3e58
84.80356681085487  2.9412473291701273 90.68606146919512 pid3e4c
85.23132923049083  3.538269214254281 92.30786765899938 pid3d0a
85.34966656718865  4.469231709996823 94.28812998718229 pid3d6f
85.60652097448812  3.9031150472689875 93.4127510690261 pid3dbb
86.61445176855227  1.3934021212101335 89.40125601097253 pid3da0
87.75346259141908  3.563722142323394 94.88090687606586 pid3cd2
88.01204826329455  3.2687475166571356 94.54954329660882 pid3d93
88.13833308282236  2.195517425066995 92.52936793295635 pid3d13
88.20969405447386  4.371738680248069 96.95317141497 pid3e63
89.09805812237893  1.3494693089165612 91.79699674021205 pid3d57
89.37115977359045  1.1735496816116058 91.71825913681366 pid3ce0
90.2822504959895  2.0869934254384535 94.4562373468664 pid3de4
90.39954528023644  3.1193840846574994 96.63831344955143 pid3d63
91.60192744949052  4.824362794060502 101.25065303761153 pid3d7d
92.3362882780157  4.295619933777174 100.92752814557005 pid3de8
92.53376502509398  1.6156770073389306 95.76511903977185 pid3e0d
92.89161029927219  4.403637138367804 101.6988845760078 pid3e57
93.1391220458391  3.0753014993274923 99.28972504449409 pid3e49
94.94503674029933  1.9247335584084215 98.79450385711617 pid3d59
95.1873327606053  2.7246432512256717 100.63661926305664 pid3dcc
95.29231828387312  2.5133542800678437 100.3190268440088 pid3dd2
95.68762834469558  1.2808817113830337 98.24939176746165 pid3d4c
95.78943771705751  2.4540199052640497 100.6974775275856 pid3e0c
96.68934474526249  2.746146788524434 102.18163832231136 pid3cd8
96.9963741775841  1.3862762250056386 99.76892662759538 pid3e1e
97.23082175277882  2.838813319234821 102.90844839124847 pid3dda
97.25745823698256  4.657897927599723 106.573254092182 pid3cf7
97.49885182704543  3.962846150182717 105.42454412741085 pid3cf6
97.5099665389269  3.3444902369824487 104.19894701289181 pid3d36
98.64388562317733  4.674570026424519 107.99302567602636 pid3d31
98.85848384784673  2.3674897319942367 103.5934633118352 pid3dd3
98.88442137485987  3.7726610677365335 106.42974351033294 pid3dac
100.76805030668976  4.658022379595227 110.0840950658802 pid3d8d
100.77911509535205  3.428462516072441 107.63604012749694 pid3e62
101.98408241139506  4.079688180404346 110.14345877220376 pid3e48
102.2428220130272  2.044054815581619 106.33093164419043 pid3e77
102.47822871437799  1.1406643945674073 104.75955750351281 pid3da6
103.71603995997935  3.59898290930733 110.91400577859402 pid3cf2
104.85118433650936  2.886868564795998 110.62492146610136 pid3e6c
105.12252278380716  3.0569983176853834 111.23651941917792 pid3d09
105.24915519135294  3.965880180303147 113.18091555195923 pid3d60
105.43259847342334  3.3170032084834182 112.06660489039018 pid3d81
105.45305008439925  1.9308990805928339 109.31484824558493 pid3dab
105.86112996956527  3.735886471991318 113.33290291354791 pid3d03
106.68926374633615  3.4697109942340543 113.62868573480426 pid3dd8
106.73896508248389  3.0636403611929377 112.86624580486976 pid3cda
107.32590347943028  1.8536502133989954 111.03320390622827 pid3d7a
107.51319355653484  1.6643521657909917 110.84189788811683 pid3e4a
109.0051768173443  4.248053875128578 117.50128456760146 pid3dc3
110.01107638757554  1.043076494894963 112.09722937736547 pid3e7e
110.04533109005463  4.61729044193056 119.27991197391574 pid3e72
110.07330851608704  3.3378847824518183 116.74907808099067 pid3d29
110.37412796351245  4.069404893499149 118.51293775051074 pid3ccc
110.8146700772667  4.571098375869598 119.95686682900589 pid3cc2
110.90805701796924  4.034641808494583 118.97734063495841 pid3dea
111.41473056726325  3.3092264973943046 118.03318356205186 pid3d6c
111.45999750242126  1.4056285963696067 114.27125469516048 pid3ddb
112.41512428117794  1.334532240943925 115.08418876306578 pid3d6b
113.09266026760683  3.9011778827249923 120.89501603305682 pid3d52
113.34460166678707  4.390520756460958 122.12564317970899 pid3ce7
113.40211070265771  1.258293465513379 115.91869763368447 pid3d30
113.5927257951194  1.5970135544384934 116.78675290399639 pid3ded
113.6253011017  4.439134441233884 122.50356998416777 pid3d2a
114.48620284935278  4.188298549460703 122.86279994827419 pid3cbe
114.85830058000255  1.9047987057648474 118.66789799153224 pid3df3
115.19297853465324  1.3516507032503942 117.89627994115402 pid3daa
115.62106685745042  3.9749328204908094 123.57093249843203 pid3e0a
115.69732786762498  2.443805085873747 120.58493803937247 pid3e68
115.75784941164304  2.2725612297220366 120.30297187108711 pid3e17
116.60683506916756  3.66775834868052 123.9423517665286 pid3d46
117.74850693975087  4.677880063807435 127.10426706736574 pid3d3f
117.85140586789895  2.8000910555691165 123.45158797903719 pid3d28
117.96396120495575  2.6109971156608545 123.18595543627745 pid3ccd
117.99190163134367  1.421823874455769 120.8355493802552 pid3dce
118.30181848828055  1.3011944516809058 120.90420739164236 pid3d50
118.30516405154013  1.517271738721878 121.3397075289839 pid3cc9
118.8446512968035  1.5000927316491888 121.84483676010188 pid3d0e
119.27837869240048  1.1196666489068487 121.51771199021418 pid3e6d
120.16872640037325  4.282136628844452 128.73299965806214 pid3d96
120.49191186024757  4.229945343144411 128.95180254653638 pid3d8e
121.17858232702598  1.4792544980231583 124.1370913230723 pid3e1a
121.32752365987028  4.855825503256412 131.0391746663831 pid3cee
121.36745758247449  2.617888185561046 126.60323395359657 pid3d33
122.12368751210268  1.9605684677371689 126.04482444757701 pid3df0
122.42406066821809  3.043258903838833 128.51057847589576 pid3e38
122.50827133899799  1.0800143884063522 124.6683001158107 pid3dd1
122.83487125780331  1.5183029160046329 125.87147708981259 pid3d1f
122.9355046133201  4.328856319745926 131.59321725281197 pid3d40
123.190364958453  3.2953595434414313 129.78108404533586 pid3e5a
124.21705396170152  4.672089319717221 133.56123260113597 pid3dbf
125.0316072089579  1.6156156959333643 128.26283860082464 pid3d15
125.39296143988311  2.835404092494939 131.06376962487298 pid3d07
125.66353202035656  3.2636171385189403 132.19076629739445 pid3e23
125.69308428964126  3.1993437829811313 132.09177185560353 pid3e6b
126.14037072063846  3.1437956270603347 132.4279619747591 pid3cef
126.25545615823013  1.9735735358588058 130.20260322994775 pid3e5d
126.32195398658601  4.748612683137374 135.81917935286077 pid3d04
126.33868315969742  3.1950854631065853 132.7288540859106 pid3d55
127.08215429109448  1.8455871487789532 130.7733285886524 pid3db7
127.19738338532656  2.0136361795815922 131.22465574448975 pid3dfc
127.62248145445295  4.528268994813601 136.67901944408015 pid3ddc
127.70506050481235  1.8641256027131425 131.43331171023863 pid3e50
128.0772293797089  2.5512021199051964 133.1796336195193 pid3d9d
128.71590083347172  4.738917374473525 138.19373558241878 pid3d39
128.73274135608017  3.88603012126264 136.50480159860544 pid3de2
129.6365274461151  2.4424065764436387 134.5213405990024 pid3cec
129.89827856335614  2.448858242591123 134.7959950485384 pid3d00
130.74410272764158  2.4637951125457698 135.6716929527331 pid3def
130.88622759939898  3.9632315191836627 138.8126906377663 pid3d85
130.97680331556546  3.5920393675093893 138.16088205058423 pid3d9b
131.53378353799022  2.3859242207073077 136.30563197940484 pid3da7
131.5558494156168  1.9490948069929703 135.45403902960274 pid3e22
131.82549980661986  4.927614186450741 141.68072817952134 pid3e34
132.72798032343053  3.6139536846258937 139.95588769268232 pid3db3
134.41546887364396  1.1805053575102935 136.77647958866456 pid3cd1
134.71132640297623  4.055727492885751 142.82278138874773 pid3d32
134.9167900574901  2.789767005318699 140.49632406812748 pid3d11
135.63080443480385  4.075722938996488 143.78225031279683 pid3e47
136.71252337717948  4.455820157032094 145.62416369124367 pid3ce5
137.8961622128568  2.546778487179395 142.9897191872156 pid3dfa
138.37275596904323  1.7338102044360402 141.8403763779153 pid3ce6
139.3838915489484  2.3038085752759634 143.99150869950034 pid3d65
140.01634234961483  1.7615838042603582 143.53950995813554 pid3d98
140.1508108329299  1.0424956531511391 142.23580213923216 pid3e69
140.37474381566994  4.661878795906091 149.69850140748213 pid3ce9
140.82969502931195  1.677088258589575 144.1838715464911 pid3d18
141.35527316765246  4.848500666337816 151.05227450032808 pid3d34
141.4825901276101  1.5456007357527106 144.57379159911554 pid3d5a
141.5565576997985  1.9231392168676646 145.40283613353384 pid3d16
141.57873268455396  4.962045586062313 151.5028238566786 pid3db6
142.20329589987224  2.8205018473867733 147.8442995946458 pid3e31
142.22763541567787  4.743721098478943 151.71507761263575 pid3d95
142.55418066123542  1.1630107158351404 144.8802020929057 pid3e1b
142.60587154087912  1.2841056791493535 145.17408289917782 pid3dc0
142.6094692185777  1.4138623564205868 145.43719393141885 pid3e24
142.8345118162371  1.891783499754629 146.61807881574634 pid3e56
143.04124596953062  1.2634371840723304 145.56812033767528 pid3dcf
143.65432412002053  4.467804828097277 152.58993377621508 pid3e7b
143.90141430021896  2.4750800887740803 148.85157447776712 pid3e29
144.3460089737007  4.794733737597737 153.93547644889617 pid3e7c
144.36652675791964  4.141430960930576 152.6493886797808 pid3e07
145.0031428334443  4.670710236554485 154.34456330655325 pid3df1
145.93106209617167  1.1890819379458035 148.30922597206327 pid3d1e
146.01283270629813  3.965985422334698 153.94480355096752 pid3e54
147.1056210444374  3.376066297178927 153.85775363879526 pid3e03
147.6502008362586  1.8259601100375282 151.30212105633365 pid3d89
147.83807297376444  2.5498221147134874 152.93771720319143 pid3d67
148.01924093780008  1.0592076472317093 150.1376562322635 pid3cbf
148.52380800586928  1.760250888470817 152.04430978281093 pid3d1c
148.5497701896604  1.572136300346076 151.69404279035254 pid3cc5
148.82382685041202  2.079023894688726 152.98187463978948 pid3d4b
149.1863572720057  1.1773997347119622 151.54115674142963 pid3cf5
149.65453416681083  2.496284920112587 154.647104007036 pid3d41
150.88162739060814  2.1643374697085607 155.21030233002526 pid3e5c
151.66092719266592  3.2216021212975394 158.104131435261 pid3e6a
151.80769303118853  1.5578948473885368 154.9234827259656 pid3e3d
151.86773073749293  3.459798179161988 158.78732709581692 pid3d1b
152.2092974516796  2.1542581804062952 156.5178138124922 pid3e41
152.2572398194073  2.66100041703517 157.57924065347763 pid3e00
152.40974976177367  1.505126137170743 155.42000203611516 pid3cca
152.64758751470097  4.255972417809884 161.15953235032075 pid3e26
152.8360760548989  3.296915304155022 159.42990666320895 pid3dc1
152.91912918159102  3.8216770572296292 160.5624832960503 pid3d49
152.9324248204459  2.1695662117699137 157.27155724398574 pid3d6d
153.2318090073767  1.0003093680491073 155.23242774347491 pid3d72
153.2991111634879  3.4924715383675418 160.28405424022299 pid3d01
153.90401261566794  1.7186107013030902 157.34123401827412 pid3e10
155.5304013670766  4.603074853484948 164.73655107404647 pid3d8a
155.91198652465843  3.6046479564652434 163.12128243758892 pid3e21
156.71667088637506  1.493651203501146 159.70397329337735 pid3d20
156.86844410514982  2.369900420998828 161.60824494714748 pid3d5f
157.00905862596116  3.9938094404605087 164.99667750688218 pid3cf8
157.96931366507758  1.4007877238085662 160.7708891126947 pid3d3b
158.0967698965352  3.928088545485164 165.95294698750553 pid3e1f
158.32295570998323  3.6746349587551106 165.67222562749345 pid3d42
158.87206365947222  3.3128980102435848 165.4978596799594 pid3d4f
159.01278394694702  1.0333298144521197 161.07944357585126 pid3d88
159.05842562645662  3.065218614945162 165.18886285634696 pid3d26
159.21653252923429  3.8134173841807617 166.84336729759582 pid3d64
159.26753664119332  2.818483667357615 164.90450397590854 pid3e45
159.63275160421577  4.109030899220974 167.8508134026577 pid3d3e
160.18767640836793  4.970056660374613 170.12778972911715 pid3dc7
160.22054974219202  2.7431851198879813 165.70691998196799 pid3d82
161.14977870505763  4.042498045683154 169.23477479642395 pid3e12
161.67180795538164  4.283561791013337 170.23893153740832 pid3da3
161.71294599446952  2.0859002112964755 165.88474641706247 pid3cfb
163.13442777920375  1.2278992956567691 165.59022637051729 pid3df9
163.2374886845556  3.4848066140290963 170.20710191261378 pid3db1
163.72123937711257  1.3559213329199875 166.43308204295255 pid3cf4
163.8472281091074  2.484010727899889 168.81524956490716 pid3e2d
164.33932963965822  3.3734303635042364 171.0861903666667 pid3cc1
164.3573232376831  3.413157651601104 171.1836385408853 pid3e55
164.44143364275203  4.347428011090133 173.1362896649323 pid3e2c
164.6923672654534  3.2870118521261102 171.26639096970564 pid3e75
165.1928312777408  4.640028354611241 174.4728879869633 pid3ced
165.54060797114823  1.0225371492398976 167.58568226962802 pid3d90
165.7581252458361  1.4818336007097939 168.7217924472557 pid3de5
165.80102094206904  3.3133824773433243 172.4277858967557 pid3dc5
165.83425348455452  3.520941869923613 172.87613722440176 pid3da2
165.98634853807744  4.456694852107348 174.89973824229213 pid3e2e
166.85776949271255  3.723212006593904 174.30419350590034 pid3ce4
167.0872092480668  1.1136300603074214 169.31446936868164 pid3e43
167.24780965369447  4.667750911311968 176.5833114763184 pid3d61
167.55053967525131  3.2632665713345883 174.07707281792048 pid3d05
167.60393076829024  2.4092395131568973 172.42240979460402 pid3e2a
168.2131545785203  4.307916255091667 176.82898708870363 pid3d94
168.77277343023647  2.6346317863337907 174.04203700290404 pid3d51
169.7982477652136  1.2599879749085163 172.31822371503063 pid3db9
171.1497551576807  4.2155408220951225 179.58083680187093 pid3d3d
171.17935925423376  2.8747715418019615 176.92890233783768 pid3d91
171.75525992223834  1.020114466210071 173.7954888546585 pid3ce2
172.09604113418817  3.878339612491153 179.85272035917046 pid3e30
172.38044282657282  1.8048089582072357 175.99006074298728 pid3d1a
173.80196684023753  3.4079188720015363 180.6178045842406 pid3e44
173.85035405144598  2.8746699981769885 179.59969404779994 pid3d22
173.8598516834692  2.3886159086589536 178.6370835007871 pid3d02
174.2550566996029  1.8950895610639718 178.04523582173084 pid3e4f
174.5128207505821  4.629885614437566 183.77259197945725 pid3d10
175.03900782091142  3.443445780949934 181.92589938281128 pid3cc7
175.11552500005402  4.162729493536967 183.44098398712796 pid3e09
175.21354562534583  2.8095783715047222 180.83270236835529 pid3e32
175.26408842880159  3.277035052823352 181.8181585344483 pid3e65
175.4221901387872  1.190159710631943 177.80250956005108 pid3d78
175.59178906725882  2.2492184406632254 180.09022594858527 pid3d87
175.64422712835753  2.9983254288470516 181.64087798605163 pid3d4e
175.69986062327092  2.0123930978187654 179.72464681890844 pid3e3b
175.82783138300138  1.2238805758169602 178.2755925346353 pid3df5
176.4726066694041  1.0622437089821988 178.59709408736848 pid3e33
176.71259796700522  4.543496444003042 185.7995908550113 pid3cd9
177.05932668231986  4.038002082943029 185.1353308482059 pid3e53
177.5038927218155  2.183880619925137 181.87165396166577 pid3e0f
177.68853911633914  2.3951304457393867 182.4788000078179 pid3d06
177.72652012627324  2.2028707881548333 182.13226170258292 pid3d23
177.9467372099615  1.9946559861851285 181.93604918233174 pid3dc9
178.09186669741433  4.394863807601753 186.88159431261784 pid3df6
179.04903178554292  3.4257679583008294 185.90056770214457 pid3e7f
179.50046704875737  3.079791916385618 185.6600508815286 pid3d2d
179.8369046602492  1.50318644045527 182.84327754115972 pid3de1
