0.23637616287826013  1.2105038963680743 80.23637616287826 pid13c8
2.9582281364253116  0.5107137970682176 82.9582281364253 pid13bc
3.105900587760174  1.8906628817575146 83.10590058776017 pid1400
4.37050685908229  1.1728081754683157 84.3705068590823 pid1421
5.861403157699136  1.5342844999925762 85.86140315769913 pid1438
6.45070521156132  1.2981606487484676 86.45070521156131 pid13f1
7.515666076816391  1.4613687163693356 87.51566607681639 pid1409
9.049447857589977  1.2068658171901074 89.04944785758998 pid13d3
10.816926253386288  1.5552655368430248 90.81692625338628 pid144a
11.123755416027109  1.411448929979774 91.12375541602711 pid13e1
11.778140070853738  1.1803284704216173 91.77814007085374 pid1442
16.21580131238173  0.9812579683459981 96.21580131238173 pid1405
16.534940414134052  0.598699704891944 96.53494041413406 pid13e0
18.420513521849664  1.0028312673901179 98.42051352184967 pid140a
19.31604134776276  1.2187968728808238 99.31604134776276 pid1408
20.506672203614052  1.836143142498313 100.50667220361404 pid13fe
22.980735917959755  0.8456972625676528 102.98073591795975 pid13ca
23.80589447171762  1.3045295362344973 103.80589447171762 pid13ea
23.872463722465874  1.985628363706503 103.87246372246588 pid13d9
25.596649645476433  0.508192623588785 105.59664964547643 pid13cc
25.804714351408144  0.6228964659679006 105.80471435140814 pid13c6
27.896113128001616  0.9026047222575677 107.89611312800162 pid141f
28.95828558250151  1.230997837033493 108.9582855825015 pid13bb
29.543071481407342  1.161833050446012 109.54307148140734 pid13e5
32.0485743247926  1.199158547422746 112.0485743247926 pid13ba
32.27375724274492  1.6413395563434394 112.27375724274492 pid1404
32.529917006272804  1.8888192481594357 112.5299170062728 pid13ed
33.53767943205072  0.7708056341202727 113.53767943205072 pid1435
36.32600043077838  1.204312774940059 116.32600043077838 pid1437
38.523113719977495  1.1145144214300169 118.52311371997749 pid1401
39.07797875097219  1.3084284993583288 119.07797875097219 pid13c3
39.484899650423884  0.965514600188 119.48489965042388 pid1420
41.94316058654659  1.1975328268540835 121.94316058654658 pid13e6
41.99095039030912  1.2624435459917929 121.99095039030912 pid13df
42.42802398482725  1.0824746145629611 122.42802398482725 pid141b
44.0231700609565  0.7158814949721898 124.0231700609565 pid141e
44.16500518899099  0.9413822515686581 124.16500518899099 pid13e4
44.5534357892434  0.9651810600452684 124.5534357892434 pid13ee
44.55349750381054  1.5407799044147785 124.55349750381055 pid142a
45.88266357219143  1.471269471072579 125.88266357219143 pid144b
47.26094590669153  1.2960317723616057 127.26094590669153 pid143a
48.575598678457524  0.7405679342873668 128.57559867845754 pid1432
50.47854408074491  0.9553877917024729 130.4785440807449 pid13fb
50.66079157883595  0.9219280137388072 130.66079157883595 pid140b
51.61139757269305  1.728404743835271 131.61139757269305 pid1402
51.84396929744112  1.755757812113659 131.8439692974411 pid1411
52.04124895673844  1.8595401061868817 132.04124895673846 pid13dd
53.432241118104706  1.307653086956682 133.4322411181047 pid141a
56.2977488367553  1.7563266660028207 136.2977488367553 pid1428
57.0486072786737  0.8373742830637965 137.0486072786737 pid1444
57.7281894864138  0.7276708943889498 137.72818948641378 pid1447
59.52206903245539  0.6807541370536756 139.5220690324554 pid143d
59.72018761949747  0.9494975752437937 139.72018761949747 pid13d5
60.18606029126334  0.9678852941014398 140.18606029126335 pid1416
61.28047555761235  1.1315653492699282 141.28047555761236 pid1406
61.76300024775021  1.917528473875798 141.7630002477502 pid13dc
63.77782020568697  1.951615970830171 143.77782020568696 pid144c
65.65286080637604  0.9437688818913516 145.65286080637605 pid1439
66.15889670361167  0.9594205746307038 146.15889670361167 pid1449
66.3866973512179  1.6751027844515929 146.3866973512179 pid13d8
66.39346408857718  1.4612704325654964 146.39346408857716 pid144f
66.93197863069412  1.3650656250361521 146.93197863069412 pid1436
69.19434048494836  0.6287879089062486 149.19434048494836 pid1403
72.67844827901193  0.8068932806570138 152.67844827901195 pid144d
73.83464656050967  0.8149281131355317 153.83464656050967 pid13de
74.420869281583  1.7294096997013795 154.420869281583 pid13fd
77.5867010647961  0.6962014762459172 157.5867010647961 pid143c
77.59739747435071  1.1266722019502604 157.59739747435071 pid13eb
79.2334144688806  1.752615945682594 159.2334144688806 pid144e
79.53705952839853  1.5908968106129038 159.53705952839852 pid143b
79.58069815285691  1.4221961576139792 159.5806981528569 pid13f8
80.00693369650511  0.5209486325414974 160.00693369650511 pid1426
80.90870291650624  0.9551084123749287 160.90870291650623 pid13be
81.38828564601876  1.540727322750001 161.38828564601874 pid13ec
81.58660980295208  1.3264589600951031 161.58660980295207 pid13c1
83.84703848204377  0.8359929553808293 163.84703848204379 pid13d1
86.35688467209621  0.6021038059791697 166.35688467209621 pid140d
89.50555032121326  1.261006457188394 169.50555032121326 pid13cf
91.79584326856498  1.7072388870331563 171.79584326856497 pid1410
92.41467593314047  1.7200356971917268 172.41467593314047 pid13d4
92.66069025674547  0.526061176212343 172.66069025674545 pid1431
93.48882872305204  1.7353747383753768 173.48882872305205 pid13f3
93.51589332486166  1.3183783094799446 173.51589332486168 pid13da
93.72233366180212  1.4547948067071252 173.7223336618021 pid1445
94.02147836658916  1.211329609347732 174.02147836658918 pid13d6
99.2886690382767  1.6733720842121502 179.28866903827668 pid13f2
101.10063312666406  1.071591282240983 181.10063312666406 pid1427
102.24648195854321  0.9090318859179369 182.2464819585432 pid13c0
102.80154669149526  0.9178984266036099 182.80154669149528 pid13c4
103.86580935275934  1.3149747163844856 183.86580935275936 pid1440
104.24161231955988  1.7433124356379852 184.24161231955986 pid13e7
107.89038692263753  1.4301097894152268 187.89038692263753 pid13e8
108.08072192428529  1.5579514976493405 188.08072192428529 pid13bd
109.11633329579553  0.9109052487627507 189.11633329579553 pid1443
110.33704567857086  0.9322946231661928 190.33704567857086 pid1413
110.90613568287463  0.774087483541227 190.90613568287463 pid142c
111.87559351478991  1.9353658745775448 191.8755935147899 pid13c7
111.89923765214286  0.6573622452795973 191.89923765214286 pid142f
113.19903680134749  0.9462855326923978 193.1990368013475 pid13cb
113.81276039873079  1.1083479047575975 193.8127603987308 pid13c9
114.5103802732605  0.6807763431471441 194.5103802732605 pid13f9
114.51970192105503  1.7141995153368916 194.51970192105503 pid1441
114.8191388923893  1.9069763246173275 194.8191388923893 pid141c
115.32131335530268  1.9357809435235358 195.32131335530266 pid13f4
115.40473640474251  1.1439017172885524 195.4047364047425 pid1419
117.23110083150908  0.8880674706630262 197.23110083150908 pid1422
117.2489228693618  0.7712068856730305 197.24892286936182 pid1412
120.954162688999  1.9450961338057882 200.95416268899902 pid13f5
121.49850687149473  0.7613743798694724 201.49850687149473 pid13fc
121.86221499099217  0.8140658561017723 201.8622149909922 pid1434
122.06512682124426  1.3846482899206631 202.06512682124426 pid13ef
123.04864260667566  1.6066072539390626 203.04864260667566 pid13d7
123.98506161088473  1.2268655109789322 203.9850616108847 pid1446
124.16887290705324  1.394270522073907 204.16887290705324 pid1430
124.43299754402989  1.7917232074135319 204.4329975440299 pid13c2
124.6423948618307  1.6437550948802915 204.6423948618307 pid140c
124.75535516596464  1.6572566558669075 204.75535516596466 pid1425
125.24845705324603  1.8553665668326667 205.24845705324603 pid13e2
125.27355006184429  1.805099792485635 205.27355006184428 pid13ff
127.2328930471891  1.9985306715287847 207.2328930471891 pid143e
127.96583990954373  1.9944461553158581 207.96583990954372 pid13d2
128.80247040246306  1.3366023735278447 208.80247040246306 pid1417
130.7871289339201  0.8507469694678143 210.7871289339201 pid13f7
130.9368839761247  0.6299266281835068 210.9368839761247 pid13bf
130.94259451011203  1.12403263423553 210.94259451011203 pid13cd
131.58707719367567  1.1182850675617009 211.58707719367567 pid13fa
132.07104788521943  1.8815013933525888 212.07104788521943 pid13f6
132.4888954239741  1.0382211053892965 212.4888954239741 pid13ce
132.54890473012549  1.6433497672001947 212.54890473012549 pid13d0
133.80889161174412  0.5417319330440977 213.80889161174412 pid13e3
135.3008512940074  1.454417506754183 215.3008512940074 pid1424
135.78044649274779  1.8774670725269416 215.78044649274779 pid13c5
135.9583288780066  1.4373306734907099 215.9583288780066 pid13e9
136.8827493356566  0.6160053146642309 216.8827493356566 pid141d
137.61600045288972  1.6940066093716721 217.61600045288972 pid142e
138.6690870750811  1.2011968650053209 218.6690870750811 pid1415
139.18325788059448  0.9928368651079358 219.18325788059448 pid1407
139.4690916816593  0.5512311748610408 219.4690916816593 pid1423
139.53273839827716  1.3884817385114845 219.53273839827716 pid1418
140.13877685718543  0.5618226956826661 220.13877685718543 pid13f0
141.6325497044402  1.9546419461001836 221.6325497044402 pid143f
141.99411269188994  1.4852795210566807 221.99411269188994 pid140f
142.18414492577602  0.9916892334014034 222.18414492577602 pid142b
144.4249261018526  1.8381851095260915 224.4249261018526 pid140e
144.6171394307251  0.7866303226091844 224.6171394307251 pid1433
145.21673167226035  0.8285879890006225 225.21673167226035 pid142d
146.26949261324685  0.8648956973070012 226.26949261324685 pid13db
147.44813100687477  1.67886822186326 227.44813100687477 pid1429
147.71157849411932  1.8670515760647406 227.71157849411932 pid1414
148.71014340278722  1.3265562958218928 228.71014340278722 pid1448
