3.3444737842394545  2.9373429238184734 9.219159631876401 pid691
4.230922895312739  0.5600300050021891 5.350982905317117 pid686
4.455435148821385  2.673246648330126 9.801928445481636 pid68b
5.184960571797214  2.6249286616467513 10.434817895090717 pid68c
6.633523998392521  2.693598406722861 12.020720811838242 pid67a
7.692634699187173  1.3829661662092798 10.458567031605732 pid679
8.057622787519481  2.174423694261677 12.406470176042834 pid69a
8.600020683517684  1.278640787344859 11.157302258207402 pid6a2
15.851610774219527  1.2987236472613073 18.44905806874214 pid692
16.572221502674388  0.872346618845945 18.31691474036628 pid67f
19.80712362944007  2.2199322996056283 24.246988228651325 pid69f
20.12181724055254  2.3785788403945154 24.878974921341573 pid67e
20.152733380672228  2.0970447899522475 24.346822960576723 pid672
20.23751648649451  2.6533329336137395 25.54418235372199 pid696
23.752803192516915  2.7165841080983673 29.185971408713648 pid688
30.498472148611945  1.9069893003284095 34.31245074926876 pid68e
38.24847261463352  1.0682995302058491 40.38507167504522 pid693
40.18794703981106  2.1830286399754253 44.55400431976191 pid681
40.34201192327404  2.1159969892252906 44.574005901724625 pid689
43.338540141329865  1.8629139365188179 47.0643680143675 pid69e
44.199088154127594  1.0793265180845149 46.35774119029662 pid6a3
45.64320679127086  1.2538798280306915 48.150966447332245 pid673
48.06472422316575  1.9463256436903316 51.95737551054641 pid677
50.07146450330845  2.8423527896952154 55.75617008269888 pid682
51.77311438371244  1.4926581285580203 54.75843064082848 pid674
53.710239446440944  1.1406833471919713 55.991606140824885 pid6a0
56.26863531497156  2.9615455011726346 62.19172631731683 pid69b
56.47634835500766  0.771307026568793 58.01896240814524 pid675
59.031193486463664  1.3891459072414345 61.809485300946534 pid68a
60.926138895244264  0.9605420891592992 62.847223073562866 pid687
62.13779312233284  1.4154885942586608 64.96877031085016 pid698
62.49032910133878  2.038305554302001 66.56694020994279 pid68d
63.68705886662897  2.225491126592164 68.1380411198133 pid697
64.35348442757127  2.7031334904836943 69.75975140853866 pid678
65.80880177610257  2.8401202385048574 71.48904225311229 pid67b
67.08332036731403  0.9396929880109257 68.96270634333588 pid69d
72.53880261438259  2.855367276007188 78.24953716639696 pid683
75.15963196400858  2.2988220551293814 79.75727607426734 pid6a1
76.34337807361568  1.6996619668164965 79.74270200724868 pid699
77.72676183178999  2.2888973429040225 82.30455651759803 pid67d
78.16203080764335  2.1977734699287406 82.55757774750083 pid694
80.85971882683329  1.1011618198294175 83.06204246649212 pid676
82.35060683712216  2.212701316939532 86.77600947100122 pid690
83.61655876121388  1.4074063680485542 86.43137149731099 pid685
85.46132261103556  2.375397991822334 90.21211859468022 pid684
87.2606115789551  0.906471341400282 89.07355426175567 pid695
92.88215628202894  2.217653612429471 97.31746350688789 pid69c
94.52919713706316  2.505813876635153 99.54082489033347 pid67c
95.9899011223771  1.937923143837795 99.86574741005269 pid680
97.44756367980555  2.088723999471725 101.625011678749 pid68f
