0.385873175835727  1.1825472694754642 80.38587317583573 pid4ee2
0.491932080324875  1.681764904707788 80.49193208032487 pid4ef3
0.4995432537362343  1.5512214015485766 80.49954325373623 pid4ec8
0.6415445179434875  1.47614913014286 80.64154451794349 pid4e72
0.7321444079930461  1.907298538703755 80.73214440799305 pid4ff5
0.7655968606348651  1.7940038475322964 80.76559686063487 pid4ebe
1.1328535289977848  1.0807400735959072 81.13285352899779 pid4fd0
1.262874510192069  1.6727574437015404 81.26287451019206 pid4e81
1.9452856021984766  1.5572558861761039 81.94528560219848 pid4e82
1.9725482090809598  1.7130338308963007 81.97254820908095 pid4fe6
2.075275233141083  1.0292497522262718 82.07527523314108 pid4fd7
3.0882530620592377  1.3688956246611206 83.08825306205924 pid4e8b
3.2618846571660196  1.7888991964485474 83.26188465716602 pid4faa
3.4286548563776496  1.1370197466646284 83.42865485637765 pid4f4f
3.54868079922529  0.7282131924866362 83.5486807992253 pid4f89
3.559751050667642  1.668338602368141 83.55975105066764 pid4fe3
3.6123258951793416  0.9749041722001366 83.61232589517934 pid4e93
4.288677630635135  1.8826445274909327 84.28867763063514 pid4fda
4.861284000529132  1.7306362243621405 84.86128400052914 pid4ea3
5.066306650146757  1.7087358287351107 85.06630665014676 pid4eb5
5.435575783604779  1.0436034063236939 85.43557578360478 pid4eaa
5.500671245731292  1.6624722136741128 85.5006712457313 pid4f88
5.758061273399839  1.8558847823507127 85.75806127339985 pid4ffe
6.236246750750885  0.6016073121718971 86.23624675075088 pid4fea
6.591210462700381  0.9481522444017467 86.59121046270039 pid4e65
7.084257779442405  1.082347904130242 87.08425777944241 pid4f3c
7.126456660378966  1.2216694025943753 87.12645666037896 pid4edc
7.407466491576215  1.0042745811881721 87.40746649157622 pid4fae
7.467680871842797  0.533796363374506 87.4676808718428 pid4fd2
7.9560042023690825  0.8650895841221482 87.95600420236909 pid4f36
8.104676050025612  1.221518141791081 88.10467605002562 pid4ece
8.279507870712816  0.7125400846021754 88.27950787071282 pid4eb3
8.335694306740349  1.8483039046804062 88.33569430674035 pid4f23
8.797381781606372  1.201646548962221 88.79738178160638 pid4f8b
9.05817440435891  1.5359609826814964 89.05817440435891 pid4e6e
9.26206321651305  1.97120077582569 89.26206321651306 pid4f77
9.396925192909672  1.1579070449182831 89.39692519290968 pid4f46
9.524822705250136  1.3861123508240987 89.52482270525013 pid4e86
9.845140993896639  1.222983812373917 89.84514099389663 pid4f21
10.530942647172292  1.6309901709101613 90.5309426471723 pid4e67
10.738183846908816  1.7638850556783485 90.73818384690881 pid4e58
10.740779656984023  0.7850886379011832 90.74077965698402 pid4fd5
11.058715417029784  0.6874754164187935 91.05871541702979 pid4f13
11.252785906177193  1.4310533128196858 91.2527859061772 pid4f1b
11.736258378242997  1.9134221282659187 91.736258378243 pid4e5a
11.753318776009996  1.2608790633808473 91.75331877600999 pid4fed
12.077953835506428  1.9876737458072298 92.07795383550643 pid4e8e
13.40527567910222  0.612145182623821 93.40527567910222 pid4fd8
13.561008579675166  0.5452905446279047 93.56100857967516 pid4e6a
14.354311222142519  1.6447623758698144 94.35431122214251 pid4f0d
14.748049243262711  0.7622998108653056 94.74804924326271 pid4fe8
14.857012308589857  1.1968782691598112 94.85701230858986 pid5010
14.979769488843353  1.9171974783595764 94.97976948884335 pid4f8d
15.123605312043543  0.8822451377509611 95.12360531204354 pid4ecb
15.286850702108712  1.286433389922216 95.28685070210871 pid4ff1
15.863764324826136  1.1817909393009522 95.86376432482614 pid4e71
16.43902803862442  1.2569934790720225 96.43902803862443 pid4eba
16.80884172260803  1.622427570394651 96.80884172260804 pid4f25
17.899444604066034  0.718898262996337 97.89944460406603 pid4eb9
18.279991129976185  1.1089158210819725 98.27999112997618 pid4e94
18.600414820267602  1.4854858831515105 98.6004148202676 pid4ebb
18.749810932863355  1.8585282819857485 98.74981093286335 pid4fdb
19.098074827628373  0.5256588302541276 99.09807482762838 pid4e5b
19.129256980339427  0.5341666714951894 99.12925698033942 pid4f48
20.151822440806043  0.9350925861956569 100.15182244080604 pid5008
20.183464888477893  1.7421396348918985 100.18346488847789 pid4ffd
21.172935685025323  0.8263269620873983 101.17293568502532 pid4fc7
21.936852421504007  1.2062959820887695 101.936852421504 pid4e9a
22.390129969098282  1.3825229760243571 102.39012996909828 pid4e55
23.827741578255875  1.5487553521560125 103.82774157825588 pid4e9b
24.149884756390733  1.4733086174409247 104.14988475639073 pid4ec5
25.445391888132473  0.6811653041143941 105.44539188813248 pid4f29
25.485570591210404  1.8275366397181418 105.4855705912104 pid5012
25.609165150613304  1.3315325834977259 105.60916515061331 pid4fe1
25.74887273749687  1.39863504375265 105.74887273749687 pid4f40
26.91001887109016  0.6320496349047118 106.91001887109016 pid4f4a
26.927831392858003  0.5681268833199563 106.927831392858 pid500f
27.101163144987005  0.8391715861313009 107.101163144987 pid4f3f
27.58014654329994  1.7023556310580767 107.58014654329995 pid4e56
27.654266130966544  0.9550454292094954 107.65426613096655 pid4e6b
27.655392148608122  1.4844786162861296 107.65539214860812 pid4f95
27.658535691130993  1.6071959937676081 107.658535691131 pid4e85
27.887051385481808  0.794725160301113 107.88705138548181 pid4fb9
27.957632835891822  1.2023748884569525 107.95763283589181 pid4f5c
28.500408746685675  1.3220132815144159 108.50040874668568 pid4fb1
28.584075722335527  1.3662173196851901 108.58407572233553 pid4eae
28.605100662364574  1.0965967227058853 108.60510066236458 pid4f2a
29.086105531219182  1.9069986290637533 109.08610553121918 pid4fad
29.124341906600797  1.9867802473847336 109.12434190660079 pid4f17
29.13931687043557  1.3182767001148086 109.13931687043558 pid4f7a
29.811916720880195  0.9592090328157639 109.81191672088019 pid4f49
29.842348632447752  1.8277640820106635 109.84234863244775 pid4f92
30.471668562225098  1.696465033791279 110.47166856222509 pid4f62
30.50107172574284  0.666260805309211 110.50107172574283 pid4f44
30.94861007232332  1.5858821175523572 110.94861007232332 pid4f93
31.316356180197573  1.0625858361861824 111.31635618019757 pid4eab
31.698134682609208  1.1695611991047419 111.69813468260921 pid4f07
31.827737218241957  0.5646766442108933 111.82773721824196 pid4f3e
32.650290704006416  0.9550017397693464 112.65029070400641 pid4f22
32.80873377885328  0.5840836569484915 112.80873377885328 pid4f06
34.147948971326905  1.93068827179476 114.14794897132691 pid4fc4
34.16395011667369  0.7946172808707013 114.16395011667369 pid4f4c
34.741008121997105  1.9835979783938282 114.74100812199711 pid4ed8
35.53559606211896  1.843711627267688 115.53559606211897 pid4fca
35.798580827122656  1.3899973465903817 115.79858082712266 pid4fe2
36.28797886400748  1.6965157392770602 116.28797886400747 pid4f94
37.00811125634325  1.5703563618998522 117.00811125634326 pid4fa2
37.64239675596353  1.3277207747643869 117.64239675596353 pid4e6c
38.33206271594173  1.1477796177551043 118.33206271594173 pid4fac
38.359885157369  1.9644585973665576 118.359885157369 pid4f05
38.455622062888295  1.9578761770641766 118.4556220628883 pid4f9b
38.87683058430224  1.5480214261072656 118.87683058430224 pid5009
38.90798792350952  1.5403261813056826 118.90798792350952 pid4e76
39.13172569598461  1.360953996535868 119.13172569598461 pid4ea8
39.68171828334232  1.7992626757775505 119.68171828334232 pid4eac
39.72276747628379  0.912411551640101 119.72276747628379 pid4e91
40.1414702755279  1.716363015327459 120.1414702755279 pid4f76
40.40230667641384  1.5087720889386658 120.40230667641384 pid4eda
40.45585691742269  0.6387513054320153 120.4558569174227 pid4e5e
40.751980524978094  0.8381611378870659 120.7519805249781 pid4f5f
40.96848855080543  1.1700797362729323 120.96848855080543 pid4fb8
41.06457429015187  1.3179569114713006 121.06457429015187 pid4e73
41.27827707746719  0.8024459868194302 121.27827707746718 pid4f1a
41.38753977527586  1.6712005948263442 121.38753977527585 pid500b
41.82736090199089  1.0438548040953268 121.82736090199089 pid4f9c
42.13365505572842  1.7223280409933603 122.13365505572841 pid4f2d
42.63393452660289  1.9589016478755543 122.6339345266029 pid4ed7
42.71988095311309  0.7707031900755552 122.71988095311309 pid4ee5
42.80483843972412  0.9293679185948706 122.80483843972412 pid4f4b
43.03634176921892  1.5791040868340789 123.03634176921892 pid4f99
43.52631518779202  1.855716683540887 123.52631518779202 pid4f11
43.580568506105074  1.9199917776049622 123.58056850610507 pid4fa7
43.633999059636814  0.5670591800051548 123.6339990596368 pid4f2e
43.976391399933625  1.7402233400289433 123.97639139993362 pid4e75
44.2845806894065  0.8782191107760057 124.28458068940651 pid4ef0
44.713281131830605  1.4929080882540544 124.7132811318306 pid4fb2
45.111113178650356  0.9879997511751641 125.11111317865036 pid4f9e
45.292820425306964  0.6827491401782081 125.29282042530696 pid4e84
45.31484345982024  1.9407218667485864 125.31484345982024 pid4f1d
45.50614259008615  0.8288279779099277 125.50614259008614 pid4fdc
45.54638831763955  0.5086497665449651 125.54638831763955 pid4fa5
45.75856161711724  1.383991066750284 125.75856161711724 pid4f82
45.916154884882246  0.5112673722481191 125.91615488488225 pid4f6c
46.925436071803645  0.8994612007587865 126.92543607180365 pid4f15
47.047465479199964  1.4364038579984184 127.04746547919996 pid4f5d
47.50881909066156  0.7676137158284797 127.50881909066156 pid4fdd
49.23206157565579  1.0651370228170893 129.2320615756558 pid4fbf
49.45932003803362  0.7660742820549774 129.4593200380336 pid4eb4
49.51465344900791  1.9517953342413166 129.5146534490079 pid4f67
49.66518723131361  1.1843650124377592 129.6651872313136 pid4faf
50.012651758804445  1.1518217011729917 130.01265175880445 pid4f6a
50.78878326462994  0.5434014194936247 130.78878326462996 pid4f7f
51.02151154609045  1.9560814948084209 131.02151154609044 pid4fd9
51.175429390592356  1.090664505775929 131.17542939059234 pid4e96
51.45323673170149  1.2962263375454945 131.45323673170148 pid4e88
52.228537854824225  1.6534254466186677 132.22853785482422 pid4f73
52.65245125944129  1.668046510995692 132.6524512594413 pid4ee9
52.736495343632086  1.2107749402891195 132.7364953436321 pid4f1f
53.583631835820015  1.7794262980296431 133.58363183582003 pid4ee7
53.86913976861932  0.5062928807967522 133.86913976861933 pid4fbb
53.938643432075  1.3612809202280696 133.938643432075 pid4e95
54.04481184275424  1.9441825916608517 134.04481184275426 pid4ead
54.36267787424098  1.6429096613355565 134.36267787424097 pid4e63
54.84515582121309  1.7541088045887054 134.8451558212131 pid4f81
55.165177133794366  1.140706955598782 135.16517713379437 pid4f61
55.280133618238445  1.0393253400312008 135.28013361823844 pid4f59
55.34196916545015  0.6372735969985799 135.34196916545017 pid4e69
55.34746917002508  1.1743164471492937 135.34746917002508 pid4f52
55.372677957433055  1.3362020657067717 135.37267795743304 pid4fc3
55.465460665723505  0.5925770519151181 135.4654606657235 pid4ec7
55.81638129654326  1.3883067892873335 135.81638129654326 pid4e60
56.04986536340088  1.457792151431945 136.0498653634009 pid4ff7
57.83361824287524  1.3463468071918814 137.83361824287525 pid4fcc
59.5861047888076  1.0150758541009415 139.5861047888076 pid4feb
59.66228387235344  0.9797898138227391 139.66228387235344 pid4f30
59.701111063928515  1.8353269446760327 139.70111106392852 pid4f26
60.133788835261036  1.0214767214421658 140.13378883526104 pid4fb7
60.16713489450248  0.8821505012935889 140.16713489450248 pid4eb2
60.68399252865957  1.763238724051571 140.6839925286596 pid4ed1
60.822832387875955  1.169996352857335 140.82283238787596 pid500a
61.66247336237326  1.5442064125246464 141.66247336237325 pid4ebc
61.66423327550976  1.514712984400314 141.66423327550976 pid4f00
62.2729395713644  1.7634699157208253 142.2729395713644 pid4f50
62.944158152190234  0.6467774614115049 142.94415815219023 pid4fc1
63.11232823495567  1.0735354885525643 143.11232823495567 pid4ed4
63.68665338245241  1.709373243356629 143.68665338245242 pid4f64
63.789468337326866  1.0769133340828703 143.78946833732687 pid4ffb
63.864946681774825  0.6744150033823403 143.86494668177482 pid4e7b
64.32999756066164  1.4834733611384976 144.32999756066164 pid4fcb
64.45045413589715  0.663859333493231 144.45045413589713 pid4f58
64.79134808119728  1.9944032068385804 144.79134808119727 pid4f3a
65.8265781309256  0.9451770055288518 145.8265781309256 pid4f86
66.37628216002093  1.8452442910417879 146.37628216002093 pid4ef6
66.52689852026323  1.7182791283986976 146.52689852026322 pid4ea7
66.84614750715171  0.8766380875758235 146.84614750715173 pid4f63
67.40259957469829  1.8951330291945947 147.40259957469829 pid4f60
67.55228860088597  1.674780869650292 147.55228860088596 pid4ee8
68.63877762753359  1.9225580593126683 148.63877762753359 pid4ecc
68.81804674732305  0.6819784805746927 148.81804674732305 pid4f39
69.48447927467002  1.036626981126011 149.48447927467004 pid4f79
70.3047893659442  1.6841160435060494 150.3047893659442 pid4f0a
70.34127122673682  1.0313154777913232 150.3412712267368 pid4f5a
71.15843611564587  0.9730343210587785 151.15843611564588 pid4e5c
71.30394164748698  0.7060899446576672 151.30394164748697 pid4fef
71.46612815474916  1.4198762156314713 151.46612815474916 pid4edf
71.60479338017907  1.8623410517960715 151.60479338017907 pid4f47
72.47115191466763  0.7004921831575548 152.47115191466764 pid5000
72.75246814463239  1.0706917122975974 152.7524681446324 pid4f54
72.81095716081873  0.9455275696232084 152.81095716081873 pid4edb
73.22297481415796  0.5820035924455824 153.22297481415796 pid4e8d
73.58546479806476  1.8995423742915327 153.58546479806478 pid4fe5
73.80914558494891  1.8062548195474348 153.8091455849489 pid4f5e
74.04940719624437  1.978467291968797 154.04940719624437 pid4f8c
74.7168295057597  1.1814321980852422 154.7168295057597 pid4f8e
75.15120293135323  1.0663148194409968 155.15120293135323 pid4ef5
75.42986603647243  1.1307372892713194 155.42986603647245 pid4fa6
75.46428374980768  1.0227224851324526 155.4642837498077 pid4f8a
76.01765906026995  1.481076470902051 156.01765906026995 pid4f70
76.10609496659296  1.1386027270796162 156.10609496659296 pid4fa0
76.43873938021413  1.7582190920535705 156.43873938021414 pid4f4e
76.6162758057829  0.9329151088417806 156.6162758057829 pid4fb5
77.0568141396276  1.7497860621852304 157.0568141396276 pid4eb6
77.17100866773042  1.8006186481996267 157.1710086677304 pid4f53
77.34430317976643  1.8008812572326678 157.34430317976643 pid4fd1
78.75662398159537  1.1983956194065313 158.75662398159537 pid4f51
80.28665184713576  0.8668484270522556 160.28665184713577 pid4eea
80.33039133793787  1.1039861306235268 160.33039133793787 pid4e6f
80.6122204408143  0.9487661341636746 160.6122204408143 pid4fec
80.65099302933474  1.2101125516725086 160.65099302933476 pid5011
80.97717703828455  1.4345651348253168 160.97717703828454 pid4f03
81.0601605989237  1.1564490293322383 161.0601605989237 pid4e77
81.10495029089931  0.7591934875477413 161.1049502908993 pid4ed2
81.31970002582817  1.479318175826405 161.31970002582818 pid4e8c
81.34237088370996  1.240605348908152 161.34237088370998 pid4efe
81.78229069012673  1.9614016920162638 161.78229069012673 pid4fbc
82.09101029525081  1.7726157111555754 162.0910102952508 pid4e8f
82.49409047509339  0.9099414205356524 162.4940904750934 pid4fe4
82.65957465917923  1.2357069010040862 162.6595746591792 pid5003
83.40582621890495  1.3952443978882554 163.40582621890496 pid4ec1
83.50077423246485  1.924730179027099 163.50077423246483 pid4f08
83.62639283284474  0.5465883609190545 163.62639283284474 pid4e66
84.02193598819682  1.1415970126781605 164.02193598819682 pid4fba
84.74735794433944  1.9591783388344808 164.74735794433946 pid4fa8
85.44526386340563  1.3717246002651693 165.44526386340561 pid4ec3
86.15901203598422  0.8619047510884097 166.15901203598423 pid4e90
86.90593703741044  1.1666300768763211 166.90593703741044 pid4e5d
86.99968809632283  1.8398665002563275 166.9996880963228 pid4ea0
87.14970217663927  1.6055615025602865 167.14970217663927 pid4f55
87.8064918558497  1.4692441047847131 167.80649185584969 pid4e78
88.1042094347741  0.5953779039308207 168.1042094347741 pid4fff
88.42561424982246  1.1615921046760624 168.42561424982244 pid4ee3
88.63809421592312  1.0806593388359271 168.6380942159231 pid4f2c
89.0189664209578  0.5719373160292983 169.01896642095778 pid4f7b
89.09053017081938  1.5759956760838194 169.09053017081936 pid4fe7
89.48862594450432  0.8935313835432921 169.48862594450432 pid4f84
89.79626388552192  1.4610582225362325 169.7962638855219 pid4e80
89.96506168485718  0.7401277055459253 169.96506168485718 pid4ec6
89.97515725768427  1.8908761885532255 169.97515725768426 pid4fcf
91.16629525617412  1.2253542124616559 171.16629525617412 pid4f66
91.309430125074  1.7927501374861081 171.30943012507402 pid4ee6
91.39134976022528  1.456136713380649 171.3913497602253 pid4ebd
91.80920230792452  0.6264991468081087 171.80920230792452 pid5004
92.12126603029324  1.321826081902562 172.12126603029324 pid4ecf
92.18153095016515  1.67520676960025 172.18153095016515 pid4f6d
92.57417384122685  0.9315353004676218 172.57417384122687 pid4e59
93.05019181086406  0.7502242865245276 173.05019181086408 pid4fd6
93.56827531768317  1.7660390298768194 173.56827531768317 pid4e54
94.26046189558642  1.0054875089743232 174.26046189558642 pid4e52
94.32732771592325  1.6509981709979926 174.32732771592325 pid4ea5
94.99866404009285  0.6017808067849738 174.99866404009285 pid4f9a
95.08008431093998  1.5461317361847495 175.08008431093998 pid4fbd
95.09297231461659  1.5383125001942628 175.0929723146166 pid4e79
95.39455776052291  1.8832853727243777 175.3945577605229 pid4f56
95.65908099594893  1.8349091896650873 175.65908099594893 pid4ff3
96.0222441021576  1.9233708168817023 176.0222441021576 pid4ea6
97.21489858180253  1.8728931182335855 177.21489858180252 pid4e61
97.4992961672961  0.7617909762053421 177.4992961672961 pid4f31
97.98259134119381  1.5397038051190557 177.98259134119382 pid4f42
98.49442134453403  1.2534517032843655 178.49442134453403 pid4f68
98.59805893222457  0.626066184637094 178.59805893222457 pid4fa1
98.80393976736728  1.7536831464174147 178.8039397673673 pid4e7e
99.14745708007123  1.69683255772442 179.14745708007123 pid4f0e
99.29971395625753  1.205306702608872 179.29971395625753 pid4ed0
99.60179922803974  0.8132324945101251 179.60179922803974 pid4f12
99.92348660903961  0.7218860524597901 179.92348660903963 pid4f04
101.77254559671199  1.717284222400079 181.772545596712 pid4f27
102.19381650716473  1.1464297031409612 182.19381650716474 pid4f74
102.41056663721096  0.9074912035880685 182.41056663721096 pid4e87
102.87225889618219  0.8054592253429318 182.8722588961822 pid4e83
103.38165655200241  1.5804615231145291 183.38165655200243 pid4e7a
103.71270114335925  1.0063787937732545 183.71270114335925 pid4ff2
103.99026094283886  1.1714708956724693 183.99026094283886 pid4f72
104.3453913121874  0.9690440847209882 184.34539131218742 pid4fb4
104.59646846198143  0.9048793763896719 184.59646846198143 pid4fc2
104.75401919866532  0.6098377886645592 184.75401919866533 pid4f20
104.79036236831892  1.2489438095361047 184.79036236831894 pid4fb0
105.61722204099681  1.0808910437209605 185.6172220409968 pid4e64
105.84643269395507  1.0875164736188552 185.84643269395508 pid4ed5
105.90956917731604  1.3809136763592536 185.90956917731603 pid4f45
106.63769228151479  0.9294474934885011 186.63769228151477 pid4eef
106.68419978130201  1.483911500854035 186.68419978130203 pid4ffc
106.68764946176518  1.676262531683244 186.68764946176518 pid4f1c
106.76290307371139  1.8618081725345288 186.76290307371139 pid4f4d
107.488719831395  1.6970083678813979 187.488719831395 pid4fa4
107.51499006969098  1.6371405819299474 187.51499006969098 pid4f18
107.62240954686146  1.268029100009183 187.62240954686146 pid4ef1
108.13667944860973  1.643757039897947 188.13667944860973 pid4fe0
108.5651390221889  1.4654543041970243 188.5651390221889 pid5013
109.12290654689676  1.5018489058020075 189.12290654689676 pid4f6e
109.38227935016324  1.953351659527644 189.38227935016323 pid4ea4
110.13015546824445  0.5005144715831087 190.13015546824445 pid4fc0
110.29628124962227  0.8665464450055242 190.29628124962227 pid4f65
110.56243044892872  1.3551940783432301 190.56243044892872 pid4ec4
110.6392883575051  1.3726930096338044 190.6392883575051 pid4f57
110.95421311370524  1.9809195811055007 190.95421311370524 pid4e9d
111.79981334770004  1.1404994605275733 191.79981334770002 pid4e62
111.82261223873688  1.1668840330994807 191.8226122387369 pid4fc5
111.99774594394299  1.2958293261617089 191.997745943943 pid4f3b
113.3874600013483  0.7782700660287113 193.3874600013483 pid4eaf
113.40216115850077  0.5489646029402269 193.40216115850077 pid500c
114.29813069411519  1.5171803888057218 194.29813069411517 pid4ebf
114.58291298637316  0.7062503481441122 194.58291298637317 pid4f5b
115.18621718991675  1.0058009550087945 195.18621718991676 pid4fa3
115.58984228763354  0.6566628771348886 195.58984228763353 pid4eec
115.92074090293839  1.649779114356304 195.9207409029384 pid4ef7
115.99083151373853  0.8846203312858143 195.99083151373853 pid4ff6
116.08206542359702  1.1181563385892075 196.08206542359702 pid4f85
116.58623778114755  0.8793017791635157 196.58623778114753 pid4ed9
116.67002687547549  1.3211471666871306 196.6700268754755 pid4f02
116.83434746848046  1.915369244719849 196.83434746848047 pid4e7f
117.0499535519759  1.8829934034600035 197.0499535519759 pid500d
117.39951105920552  1.130657606283747 197.3995110592055 pid4fd4
117.44865682604295  1.2379018775059751 197.44865682604296 pid4eed
117.46516400357721  1.033902696749608 197.46516400357723 pid4f6f
117.79948887211071  1.1587746459548558 197.79948887211071 pid4f97
117.80524899425075  1.3942420713872838 197.80524899425075 pid4ea9
118.11761124041814  0.98788584561329 198.11761124041814 pid4ea1
118.31879730477135  1.8953641111627075 198.31879730477135 pid4fab
118.7162237285974  1.9094569533763546 198.7162237285974 pid4ecd
119.14568854488027  1.9022621884412412 199.14568854488027 pid4ff9
119.1630153807465  0.6658678618580101 199.16301538074651 pid4f33
119.55579920140599  1.098878728490957 199.555799201406 pid4f41
120.17405815362771  0.7581155181957555 200.1740581536277 pid4fc8
120.21143651830626  1.278747182195709 200.21143651830624 pid4eca
120.21174366504913  0.7425881417715897 200.21174366504914 pid5001
120.41321953610601  0.8744599429214636 200.413219536106 pid4f0f
120.56709490869058  0.9440049360577341 200.5670949086906 pid4e89
120.57687468428634  0.9802579833290029 200.57687468428634 pid4ee4
120.68902570492813  1.4678811020353244 200.68902570492813 pid4f34
120.78889124042166  1.4357913885235594 200.78889124042166 pid4efb
120.96164605497675  0.720097563105671 200.96164605497677 pid4f83
121.17052770424648  0.6407733761215861 201.17052770424647 pid4f96
121.23739305430226  1.8017831633207415 201.23739305430226 pid4e92
121.28921798347751  1.6668520000683906 201.2892179834775 pid4fd3
121.6488118137275  1.377477205859511 201.6488118137275 pid4ef4
121.8558854361966  1.6200030399241836 201.85588543619662 pid4e53
122.22588246652845  1.1733786616347917 202.22588246652845 pid4fce
122.603196113724  1.0773531052547651 202.60319611372398 pid4ec2
122.77628845971044  1.7175013165200281 202.77628845971043 pid4ec0
122.95049526537674  1.1731251051512643 202.95049526537673 pid4fc6
123.19951464421726  0.8960747311511946 203.19951464421726 pid4eee
124.09889344166689  1.181353837127157 204.0988934416669 pid4fb3
124.70971142855404  0.9193638361408295 204.70971142855404 pid4eb7
124.87407566337232  0.9487993591451074 204.8740756633723 pid4f35
125.00426321148659  0.9668485023248123 205.0042632114866 pid4f01
125.20600629171882  1.8146035630016804 205.20600629171884 pid4fde
125.3236706022908  1.6031707359979526 205.3236706022908 pid4e8a
125.36951554109231  1.5945526326296438 205.3695155410923 pid4efc
126.09806391916285  0.8809058765354006 206.09806391916285 pid4f90
126.30493486041597  1.3487553875205407 206.30493486041598 pid4ef9
126.37734644283776  1.3126351169366859 206.37734644283776 pid5006
126.71309176736162  1.9684447253329822 206.71309176736162 pid4fdf
126.74306201108267  0.5992259273730489 206.74306201108266 pid4f2f
127.0636140941893  0.9590314228251295 207.0636140941893 pid4e5f
127.09212487832036  1.38112498216663 207.09212487832036 pid4f0b
127.095611399691  1.8410378351860284 207.095611399691 pid4eff
127.54191415656526  0.9466570361219292 207.54191415656527 pid4f24
128.29972079550865  1.201377001154605 208.29972079550865 pid4e7c
128.5748807753337  0.8807771830539705 208.5748807753337 pid5007
128.88958918534303  1.1763991879593196 208.88958918534303 pid4f7d
129.32595771282877  1.314024783189352 209.32595771282877 pid4f38
129.72896695739288  1.270597793809118 209.72896695739288 pid4f8f
129.9230835809471  1.7756988750664795 209.9230835809471 pid4fc9
130.05713587025878  0.7479381262798209 210.05713587025878 pid4e99
130.37114829217825  0.7475538654786592 210.37114829217825 pid4f10
130.4547895700473  1.4502482730662916 210.4547895700473 pid4fcd
130.6134138028502  1.753283803841201 210.6134138028502 pid4ff0
130.90117571229442  0.8655846905773171 210.90117571229442 pid4ea2
131.07506128958312  1.4713059186974633 211.07506128958312 pid4e74
131.31277816706975  0.7762032302481559 211.31277816706975 pid4f71
131.3735202478069  0.9805585485736137 211.3735202478069 pid4efd
131.50523026780664  0.7198751475087246 211.50523026780664 pid4efa
132.45851902753512  1.0513875501252148 212.45851902753512 pid4f28
132.6153218906136  1.4389105641189037 212.6153218906136 pid4f9d
133.1290738473873  1.963334322884275 213.1290738473873 pid4eb8
134.1578400075667  0.6850606370790508 214.1578400075667 pid4e98
134.4614238357514  0.622452345925866 214.4614238357514 pid4f98
134.4757012870195  0.553141492751705 214.4757012870195 pid5002
134.70146406398976  1.4790245381422538 214.70146406398976 pid4e9c
135.2525213482838  0.596139307185389 215.2525213482838 pid4e6d
135.28955531438868  1.7391947904008256 215.28955531438868 pid4f37
135.38590198297638  1.7247921891845321 215.38590198297638 pid4ef8
135.53637811280885  1.9361495271535596 215.53637811280885 pid4f9f
135.54286651301825  1.1268678498051785 215.54286651301825 pid4ffa
135.67005376853342  0.6660481334332052 215.67005376853342 pid4ec9
136.4919095487822  1.0191569556864417 216.4919095487822 pid4e57
136.51669379052316  1.6609400766467803 216.51669379052316 pid4e9f
136.67036521713638  1.4219036272697911 216.67036521713638 pid4e70
136.96757438398984  1.788910785652266 216.96757438398984 pid4ef2
136.99618620325785  0.7627566098412228 216.99618620325785 pid4e68
137.3013152885896  1.7600837486610679 217.3013152885896 pid4fa9
137.72745711728192  1.510746494085132 217.72745711728192 pid4fbe
137.88572617811704  1.5103530712693731 217.88572617811704 pid4ff8
138.35732696262647  1.4872143670139142 218.35732696262647 pid4ede
138.53401241674274  0.6747580162132227 218.53401241674274 pid4fb6
138.66892038620665  0.9262905279606761 218.66892038620665 pid4f91
139.471964640839  1.3318950624436707 219.471964640839 pid4f32
139.6528251287882  1.0090551443891358 219.6528251287882 pid4eeb
139.73856440594312  1.613008950288583 219.73856440594312 pid5005
139.78299947626098  0.8450417103089274 219.78299947626098 pid4f69
139.91552201936304  0.9222128930103992 219.91552201936304 pid4f3d
140.2430135614308  1.9552406575683188 220.2430135614308 pid4f16
140.71592631377217  1.3721176457297035 220.71592631377217 pid500e
141.04002720721545  0.7122432306134606 221.04002720721545 pid4f75
141.0765959406165  0.9113757811017461 221.0765959406165 pid4f14
141.36240152844007  0.6153661910912342 221.36240152844007 pid4f2b
141.3969568387739  1.8890122278582797 221.3969568387739 pid4e97
141.63825505227888  1.91252705964776 221.63825505227888 pid4eb0
141.64158777532708  1.081966668483997 221.64158777532708 pid4f78
141.8082018492425  1.4612958882492264 221.8082018492425 pid4f09
141.83915442128867  1.7902077993781276 221.83915442128867 pid4edd
142.1088064687281  1.4202361546434596 222.1088064687281 pid4e9e
142.49248995125177  1.4527720030707938 222.49248995125177 pid4ed6
142.86841297908805  1.0632716883327635 222.86841297908805 pid4f6b
143.00886913812553  0.8613628300109937 223.00886913812553 pid4e7d
144.15152075640785  1.8602385252839535 224.15152075640785 pid4f19
144.73477126240164  1.5593191330876186 224.73477126240164 pid4fee
145.01234570022916  1.8932367207968623 225.01234570022916 pid4f80
145.18864694140174  1.921206101828085 225.18864694140174 pid4ed3
145.78847315910158  1.8718019384016582 225.78847315910158 pid4f7c
146.45967408225073  0.7218905729622185 226.45967408225073 pid4ee1
146.5815341559303  0.7072340889173896 226.5815341559303 pid4ee0
147.67348431801028  1.7156643989345062 227.67348431801028 pid4fe9
147.89432068383795  1.9384227100094815 227.89432068383795 pid4ff4
148.48532712201472  1.8056773478554025 228.48532712201472 pid4f43
148.7419717886838  0.5952988817136771 228.7419717886838 pid4f1e
149.03125097635643  1.6619039179383406 229.03125097635643 pid4f87
149.03167693589822  1.1606350228241902 229.03167693589822 pid4eb1
149.11002782457524  1.6533655612067975 229.11002782457524 pid4f0c
149.52103478782112  1.2935591210823674 229.52103478782112 pid4f7e
