0.9006862575233088  1.5047025643031082 3.9100913861295252 pid864
2.0260050255645035  0.7654707329293673 3.556946491423238 pid845
2.6035709509445115  0.7914036530361765 4.186378257016864 pid85b
6.719889040392446  2.5486453473450372 11.81717973508252 pid860
13.21656245207251  0.41530106976766434 14.047164591607839 pid838
13.681787112913735  2.7416087371876907 19.16500458728912 pid834
15.164382788832953  2.621364704194506 20.407112197221963 pid853
15.646611279022638  2.5037404226677507 20.65409212435814 pid856
15.953077224428524  2.066354239169437 20.0857857027674 pid83e
20.257401945487153  2.1852756541078038 24.62795325370276 pid85a
22.148446576862526  2.2901840470987405 26.728814671060007 pid844
26.87434587433031  1.6462249271313647 30.166795728593037 pid850
27.61636418142284  1.13653191956517 29.88942802055318 pid858
30.235111230141342  2.983170290346322 36.20145181083399 pid83a
30.85044519886798  0.7314290216814776 32.31330324223094 pid84d
32.76674266716228  0.7145452818303324 34.19583323082295 pid839
34.363500090744104  1.600123696075269 37.56374748289464 pid84c
36.095769893811315  2.566288369720138 41.22834663325159 pid85e
38.57020372668968  2.165500502955665 42.90120473260101 pid857
42.13473684165325  1.393497092933715 44.92173102752068 pid861
43.315262859528346  0.5401914125078292 44.39564568454401 pid859
43.32330798117927  0.8286311695027675 44.9805703201848 pid85d
45.226974336074534  0.48973571907973507 46.206445774234005 pid83f
45.55151312829362  2.6580544429351827 50.867622014163985 pid852
45.614982966497294  1.2686762723709677 48.15233551123923 pid854
45.68063860052758  1.298774897927475 48.27818839638253 pid83b
47.09812599607935  1.2476992992866764 49.5935245946527 pid865
51.794086294559904  1.3600076975368802 54.51410168963366 pid837
55.28333019789928  2.9492554656073007 61.181841129113884 pid842
56.62040425815192  0.6322324545540021 57.88486916725993 pid84b
57.942792984935444  2.9758119091669064 63.89441680326926 pid843
58.83518985923211  0.7278676714263701 60.29092520208485 pid862
58.85578396779242  2.759921909445436 64.3756277866833 pid83c
61.824991598356085  0.4110673070396688 62.647126212435424 pid851
62.154891309922135  2.033045473939102 66.22098225780034 pid840
65.59124359063023  0.48800546991216376 66.56725453045456 pid863
69.23104681704888  2.027454002068578 73.28595482118604 pid849
70.06185836341405  1.8666624429594347 73.79518324933292 pid835
71.73449846714168  1.4308161534297095 74.5961307740011 pid83d
74.46299678636187  0.6080925833924021 75.67918195314668 pid84a
76.8255890735102  0.7684748966256232 78.36253886676145 pid855
79.37120136785381  0.6475211961389485 80.6662437601317 pid84f
79.88351124995938  1.9902382861727834 83.86398782230495 pid85c
79.89828077907404  2.3472555784282823 84.5927919359306 pid836
82.15752530928589  2.8409035515672727 87.83933241242043 pid846
82.27962451167822  0.7078258099230885 83.6952761315244 pid84e
85.59690843401359  2.68235167354991 90.9616117811134 pid848
87.83122978364429  0.4984699788010052 88.8281697412463 pid847
88.86797630097264  1.5817729628932318 92.03152222675911 pid85f
96.4716725542575  0.5351541118033685 97.54198077786423 pid841
