2.406804047743021  1.1561239642771808 4.719051976297383 pid535
7.155540595818161  1.7951802671700992 10.745901130158359 pid522
7.8500863141936  1.6323696562790047 11.11482562675161 pid53b
11.580045359896323  3.801652764065286 19.183350888026894 pid541
13.29756337348966  4.9609145020513505 23.219392377592364 pid538
16.57614843383916  1.7233927695730258 20.02293397298521 pid53a
17.229130371831772  1.4605881728131074 20.150306717457987 pid51e
22.425967030002962  4.618844499831235 31.663656029665432 pid527
26.831956383818596  3.4453274297926164 33.72261124340383 pid53f
30.998120767524977  4.14294839463233 39.284017556789635 pid519
31.095625494577465  2.1234570772481565 35.34253964907378 pid516
43.26884391920033  3.8080853044551586 50.885014528110645 pid52c
47.06130669363208  1.038753744000192 49.13881418163247 pid53e
54.05791049856772  4.35464713180308 62.76720476217388 pid51c
57.486995149236776  2.2569925400674595 62.00098022937169 pid533
57.86068381108511  3.27570374506154 64.41209130120819 pid52f
58.92995043373364  2.320482624394532 63.5709156825227 pid52e
63.53031417331895  3.0042537099433657 69.53882159320568 pid52a
66.33568775335146  1.177734507115733 68.69115676758292 pid520
69.72975856958179  1.4891943121673212 72.70814719391643 pid523
72.3662381550785  4.658053154244174 81.68234446356685 pid528
73.49683038917881  1.3985188498805692 76.29386808893994 pid524
75.73553984664863  4.435939800273186 84.60741944719501 pid515
84.42827614186923  4.8162651991089644 94.06080654008716 pid544
85.19322067317026  1.5994165094245263 88.39205369201932 pid530
86.98842522293879  4.189471956806736 95.36736913655226 pid52b
87.7189740535697  2.8172137718319368 93.35340159723357 pid536
90.15408947570829  3.891580139264835 97.93724975423795 pid51b
92.01489765425264  3.1236272865579813 98.2621522273686 pid532
92.60223167670063  3.547009590892443 99.69625085848551 pid539
97.64332676061406  3.2443031285518455 104.13193301771776 pid525
98.42523576509483  3.5980374985034986 105.62131076210183 pid51f
100.48230138900387  2.2226799666395354 104.92766132228293 pid52d
102.35466224119604  1.5963683189681075 105.54739887913226 pid514
102.86065171405504  4.444864579244582 111.7503808725442 pid53d
103.92628222522464  4.411293819159012 112.74886986354267 pid51a
111.18409369426097  4.339211542873571 119.86251678000811 pid542
126.02164823006518  3.6862978296673536 133.3942438893999 pid529
128.92235268661133  1.9348678773797707 132.79208844137088 pid517
137.79070127955197  2.9465679273959644 143.6838371343439 pid545
146.89240028524551  2.7549046269886803 152.40220953922287 pid531
147.6010752074655  2.4751516676732486 152.551378542812 pid537
150.18489778791292  4.864644149201281 159.91418608631548 pid534
153.41918914236058  3.2292504173995495 159.8776899771597 pid51d
155.6241375530519  1.0710446792146606 157.76622691148123 pid543
156.0766573017694  1.5392997991170785 159.15525690000354 pid518
159.43023102431988  2.2383106569151474 163.90685233815017 pid53c
173.378541096811  1.2994998580366266 175.97754081288426 pid540
175.30500875153288  4.548782744079485 184.40257423969186 pid521
178.56669160696515  1.0176717136831135 180.60203503433138 pid526
