0.004136303275332764  2.311922011435113 4.6279803261455585 pid39e8
0.06518927742733771  3.1345018498690487 6.334192977165435 pid3a53
0.9039752270950596  4.088570614653506 9.081116456402071 pid394e
1.3648823876841032  2.9040901828877175 7.173062753459538 pid3aa1
1.8574048154891254  3.1661953769005855 8.189795569290297 pid3a95
2.131761074733187  2.9771946834077743 8.086150441548735 pid3a66
2.7661910739912043  2.7687574534858532 8.30370598096291 pid3957
3.6781481267252802  1.4235195048382598 6.5251871364018 pid3a1c
4.561195894400665  3.7591980288139317 12.07959195202853 pid3a16
4.803086013036644  4.093822626760408 12.99073126655746 pid39e5
5.330358377518227  1.2394638073616417 7.80928599224151 pid3971
5.648892754879213  4.527990896169069 14.70487454721735 pid3a15
5.911817293620995  2.143671435166243 10.199160163953481 pid39db
5.982755887464761  1.522380782752645 9.027517452970052 pid3aa8
6.062625628856766  4.403088231484382 14.86880209182553 pid39b8
6.083992463825984  1.9697636203661073 10.023519704558199 pid3af3
6.157537249751295  2.0491738370551205 10.255884923861537 pid3ab0
6.306204564297526  4.536519598783499 15.379243761864526 pid3add
6.941887713211368  1.2018592194801117 9.345606152171591 pid3a07
6.944986563053639  3.842379207723592 14.629744978500824 pid3a52
7.189567947988973  1.197449114071015 9.584466176131002 pid3a1a
7.252930483736488  2.0294192552959966 11.311768994328482 pid3aad
7.400690075704617  3.8910254841293 15.182741043963217 pid3ac9
7.740560814690154  4.465480451811424 16.671521718313002 pid39a2
7.951425776623728  1.9520824995625974 11.855590775748922 pid39ef
8.026607230459277  4.616878396051016 17.26036402256131 pid39eb
8.159095046085875  1.8723652740335557 11.903825594152988 pid39bd
8.49694163722324  3.1792656043467233 14.855472845916687 pid3ae8
9.129743576843152  4.748005053169771 18.625753683182694 pid39e7
9.512395436347411  2.8425396728810437 15.197474782109499 pid3ae3
9.580778218060784  2.1691342869433377 13.919046791947459 pid39cf
9.876104708486332  2.0558510635838267 13.987806835653986 pid3a83
11.644305868065619  4.190010703809929 20.024327275685476 pid3ac2
11.80089686876668  1.0371328649706024 13.875162598707885 pid3ab7
11.814782309328036  2.6549742986893095 17.124730906706656 pid3a26
12.294828672727503  1.302859889375108 14.900548451477718 pid39bc
12.915906898910585  2.3089338406484328 17.53377458020745 pid3ae5
12.91873871842059  1.2032955715459424 15.325329861512476 pid39ee
12.94006055585557  3.040021084305914 19.0201027244674 pid3ad8
13.51792114031123  3.93061709585327 21.37915533201777 pid3a6d
13.77091705351261  4.301917766315533 22.37475258614368 pid3a7e
15.931892060302497  2.9353223188009196 21.802536697904337 pid39d2
16.132170710698386  4.469019791082701 25.070210292863788 pid3978
17.1781349745057  4.675109354745401 26.5283536839965 pid3aaa
17.712747471228482  4.828404798237827 27.369557067704136 pid3a57
18.26830384341546  4.144853722260537 26.558011287936534 pid3951
18.33665261635144  2.702708994201031 23.7420706047535 pid399b
18.761462407350656  4.82085904696234 28.403180501275337 pid3a9b
18.925274385685633  2.955151680094231 24.835577745874094 pid395a
19.065491570938033  2.6148442639013303 24.295180098740694 pid3a43
19.108483086750304  3.6675035707486416 26.443490228247587 pid3a92
19.99587204542407  4.6031656315124145 29.202203308448897 pid3995
20.22344287960538  3.073032451139089 26.369507781883556 pid3aca
21.24613802330744  3.0380068354137753 27.32215169413499 pid3a41
21.512469013659572  4.047115879705133 29.60670077306984 pid3abe
21.652067572287624  2.7599203405659503 27.171908253419524 pid3ac3
21.88717608128989  1.2061694514127197 24.29951498411533 pid39c6
22.089331116549964  3.1720988449743763 28.433528806498718 pid393e
22.836384704157332  2.0353969609791145 26.90717862611556 pid3a4a
23.208848188655153  2.302977775379399 27.814803739413954 pid3a09
23.261879514027296  1.1123476301595114 25.48657477434632 pid3aaf
23.280791577130337  4.748367241705386 32.777526060541106 pid3aec
23.854364752618107  4.93525562961112 33.72487601184035 pid3950
24.21503973564558  2.4615310448056533 29.138101825256886 pid39dc
24.425210334879736  3.574109620548151 31.57342957597604 pid395c
24.56783610949391  1.9582192992108132 28.48427470791554 pid39d5
24.76711211978434  2.557340039344451 29.881792198473242 pid3984
24.86134721970337  1.0734672687418958 27.00828175718716 pid39ba
25.226220904029002  2.928714191789806 31.083649287608615 pid3a11
25.46960837016327  3.1656980003947948 31.80100437095286 pid3a8b
25.478528481977804  4.7733992458271555 35.02532697363212 pid39a7
25.934213305598497  2.261429279217508 30.457071864033512 pid39b7
27.114167691456053  2.8941953997430296 32.90255849094211 pid3ada
27.2329519095629  3.831976136222016 34.896904182006935 pid3a5e
27.533002126775134  4.2608179624367795 36.054638051648695 pid3ab8
27.94726059894126  1.8685362940742127 31.684333187089685 pid3958
28.017816149495818  4.782965508341832 37.58374716617948 pid3a03
28.440764550289465  1.9167441861520733 32.27425292259361 pid3a4e
28.719133435982517  2.4494187155314773 33.61797086704547 pid3973
28.94076804964067  3.533707982443762 36.0081840145282 pid3991
28.988849446742723  4.183509313341659 37.35586807342604 pid39a8
29.535549564346596  2.171098543112644 33.877746650571886 pid3a54
29.583397059383532  2.6347151687990857 34.8528273969817 pid3ad0
29.888404330561052  1.9312587675842496 33.75092186572955 pid3adf
29.937414480169526  3.2059224951358685 36.34925947044126 pid3aa0
30.848094335371908  4.997267282385634 40.842628900143175 pid3a4f
31.530942853377418  1.6134935594537896 34.757929972285 pid3966
31.58308375229721  4.683200422342152 40.94948459698151 pid3a90
32.03888895330546  2.838624051239875 37.71613705578521 pid393f
32.16080952564999  4.350821691629356 40.8624529089087 pid3987
32.607730458281786  1.3998520575466271 35.40743457337504 pid3996
33.67239093381887  1.768534134752997 37.20945920332486 pid3ac1
34.08166164087172  1.6678579181801316 37.41737747723199 pid39e2
34.31840184524309  2.65270914710586 39.62382013945481 pid399f
35.06054570616191  1.2369890955043696 37.53452389717065 pid3a72
35.18354746632201  3.6922523484612517 42.568052163244516 pid39f1
35.58342934915111  2.5911562022062955 40.7657417535637 pid3a0c
35.79663408982924  1.5241346828874303 38.8449034556041 pid39c1
35.81310613683179  1.4226870425435831 38.65848022191896 pid3acc
36.332971174267115  4.772292296327597 45.87755576692231 pid3a87
36.847522590900695  1.491442645389867 39.83040788168043 pid3a20
37.2827620202945  1.6953734320496605 40.67350888439382 pid3a73
37.68550887133931  4.97708869014377 47.63968625162685 pid3972
37.91297375759656  1.2640702009738187 40.4411141595442 pid3969
38.20134770502182  4.263433383382257 46.72821447178633 pid3a17
38.531113760177504  4.156034630035183 46.84318302024787 pid3a28
38.563415192460106  4.093353287910367 46.75012176828084 pid39a4
38.94024828508606  3.495224594727143 45.930697474540345 pid39ae
39.786143248291324  3.242549434579182 46.27124211744969 pid3aed
39.93036069099421  2.145971648769544 44.2223039885333 pid3ae1
40.32287444729244  4.393870954579005 49.11061635645045 pid39ad
40.36641781248275  4.192146601745941 48.75071101597463 pid3a13
40.82365028332634  4.575706166401583 49.975062616129506 pid3afa
41.04874548897738  1.2204792276095873 43.489703944196556 pid3a75
41.35332401892624  2.195090490199414 45.74350499932507 pid395f
43.3902847836801  4.069521748693816 51.529328281067734 pid3ac8
43.509774518421445  2.1883803521223135 47.88653522266607 pid398d
43.84655852957706  2.270828744642763 48.388216018862586 pid3a3c
44.490542009941  3.943204275516579 52.37695056097416 pid3974
45.7714033187647  1.1411629368462184 48.05372919245713 pid3a6a
46.49803217129259  1.8743279574242364 50.24668808614106 pid3ab6
46.602859227587786  1.9544163738509837 50.51169197528975 pid39f9
46.73675848081813  3.0712126096238825 52.879183700065894 pid3a7a
47.290394042585575  2.4815089623056377 52.253411967196854 pid3a2a
47.406367828033126  3.088840528939506 53.58404888591214 pid39be
47.73157515579575  4.592967538141815 56.91751023207938 pid39a1
48.01119994569922  3.0078613481017187 54.02692264190266 pid3a30
48.14700096486294  4.814638529302906 57.77627802346875 pid39f5
48.17409817284856  4.366622715224009 56.90734360329658 pid39da
48.22453172550758  2.017730259165982 52.25999224383955 pid3a23
48.68170355422301  4.945951504474989 58.57360656317299 pid3a82
49.60288613346642  1.9929396435086764 53.588765420483774 pid3aa4
50.08669002947297  3.5647838276190758 57.216257684711124 pid39d8
51.8303875552632  1.8049538361652968 55.44029522759379 pid3a24
52.07839605536979  2.7869612501240417 57.65231855561787 pid3aa2
52.38116833228167  1.188676940718889 54.758522213719445 pid3ac0
52.497100531075596  4.987408894769947 62.47191832061549 pid3a8f
52.74191765812772  3.186931891095678 59.115781440319076 pid3abf
53.940687023773826  4.850819413189157 63.64232585015214 pid3aa5
54.10991718747044  2.3147515823621534 58.73942035219474 pid3960
54.5524451303022  3.9923754407564065 62.53719601181501 pid3aa6
54.64964284808263  2.5359402762050838 59.7215234004928 pid3a80
54.6582468993544  2.0740120252827183 58.80627094991984 pid3a2b
54.8273104857963  3.613269552661476 62.05384959111925 pid39fa
55.423258739233674  4.139038529538395 63.70133579831047 pid39ac
56.00363844279629  3.003102905434669 62.00984425366563 pid3a3f
56.697157205897014  2.7277768560799487 62.15271091805691 pid3a47
57.09617884427765  3.955547743940211 65.00727433215808 pid3a93
57.56054614360877  2.9419036619893246 63.44435346758742 pid3abc
58.175872364120124  3.267931356467371 64.71173507705487 pid3a58
59.251548361564055  3.0427528293106363 65.33705402018532 pid3945
60.40891551047088  2.420838694736031 65.25059289994294 pid3ab3
60.786854890582006  3.891127995388128 68.56911088135826 pid39e6
61.432202681071765  2.615639321885011 66.66348132484178 pid3a56
61.58572816076003  1.769144251024878 65.12401666280978 pid39ce
61.68260797630949  3.4560032294712455 68.59461443525198 pid3a6c
61.82473734577848  2.570055975029186 66.96484929583686 pid3a0e
62.56962207674874  3.340832341969656 69.25128676068806 pid3a69
63.14492404190409  1.3562367928238364 65.85739762755176 pid3a22
63.24159418299476  2.939824647930836 69.12124347885643 pid3a31
63.45566741454559  1.6482630590011382 66.75219353254786 pid3a61
65.38195636198347  3.654340147475075 72.69063665693362 pid3a40
66.16227823555964  2.8961156936289525 71.95450962281754 pid3a5d
66.46415647428056  1.1014409561970009 68.66703838667456 pid3976
66.66611653490698  2.9905373036423395 72.64719114219166 pid397b
67.57222388054737  1.4666201288220186 70.5054641381914 pid396c
67.65804576325209  1.4510026155283087 70.56005099430871 pid39f4
68.35133959671447  4.875336150802903 78.10201189832027 pid3a7d
68.47128657154526  1.013513762214433 70.49831409597412 pid398a
68.8890924099928  4.6302516828365015 78.1495957756658 pid393c
69.5290020371289  4.084910004524005 77.69882204617691 pid3a1e
69.9304738839895  2.512850581026143 74.95617504604179 pid3abb
69.93576037941052  3.5335008008737407 77.002761981158 pid3a04
70.33984169561084  4.939584714044733 80.21901112370031 pid3a3e
70.49740582513215  2.323454753452214 75.14431533203657 pid3980
70.54339494594414  1.8315507573234906 74.20649646059113 pid3946
70.95072923694042  1.0841508933117643 73.11903102356395 pid395e
70.98699510147895  3.568007819988519 78.12301074145599 pid3ad3
71.02232222821354  2.8295020956423773 76.68132641949829 pid3aac
71.57256904791653  2.4922380796544163 76.55704520722536 pid3a45
71.63871033227991  2.174195650652045 75.987101633584 pid3a98
72.03783961091821  3.9571672001487967 79.9521740112158 pid3a2f
72.084702873234  3.2179954930003225 78.52069385923464 pid39a5
72.38818826982951  3.6388909513717977 79.66597017257311 pid3a3b
72.49442210303701  4.730322241898687 81.95506658683439 pid3979
72.6038437838577  1.907500916590041 76.41884561703777 pid395b
72.87076569580451  4.811177546540678 82.49312078888586 pid394c
73.6599944276866  2.740037056904086 79.14006854149477 pid397f
74.69006668145951  1.4776522381052652 77.64537115767004 pid396f
74.72183138615219  4.0276922063541996 82.7772157988606 pid3944
75.30886829600423  1.3122726112391123 77.93341351848245 pid3ad5
75.6674848684264  2.9790756899037683 81.62563624823393 pid3ad1
76.86116301930807  4.261102882353453 85.38336878401498 pid3af2
76.99905881644783  2.537333569517838 82.07372595548351 pid3953
77.25983486266071  1.6296343381233043 80.51910353890732 pid3a3d
77.53825775506023  4.487888544908868 86.51403484487797 pid395d
77.68746529499738  4.246909180187902 86.18128365537319 pid3a9e
77.70657445299736  3.2874342167813952 84.28144288656014 pid398f
77.71147388036731  1.614366805148849 80.940207490665 pid3a8a
78.3209999832043  1.9240429864523123 82.16908595610893 pid393b
80.26408572916613  4.751266638592852 89.76661900635183 pid39a3
80.33822527645059  2.1894002550089393 84.71702578646847 pid396e
80.50092946213582  4.5138925954385885 89.528714653013 pid3a9c
80.79659315202683  1.2302750367724977 83.25714322557182 pid39e4
81.86122485477225  4.537810246910863 90.93684534859398 pid39af
82.06944025544536  1.733085308188706 85.53561087182277 pid3a27
82.915595010843  4.892297501740291 92.7001900143236 pid3a89
83.05036538236088  2.28834894284029 87.62706326804145 pid3a19
83.19694253813269  2.690369555369594 88.57768164887187 pid3ade
83.70192586913862  2.8399041707124946 89.38173421056361 pid3af4
83.93900709012665  1.5461981157052063 87.03140332153707 pid3a1d
84.32364579813193  1.0158196493579612 86.35528509684785 pid3abd
84.45929511628083  2.7081534268237393 89.87560196992831 pid39b4
85.47518556641973  3.5409378470329584 92.55706126048564 pid39f6
85.792168158088  4.970042674771433 95.73225350763087 pid3a39
85.91319864255217  1.951765652603028 89.81672994775823 pid3a4c
87.02552362901692  1.0305927167725533 89.08670906256202 pid3a49
87.94627538305008  2.7164585630501987 93.37919250915047 pid39cb
88.50396876398514  4.704147613889962 97.91226399176506 pid3981
88.99341765474661  2.454270419374344 93.9019584934953 pid3a96
89.23720143685603  3.41514426881139 96.0674899744788 pid39a9
89.70614385243843  1.0626201872012166 91.83138422684087 pid3aeb
90.13007498703418  2.4353871999256054 95.00084938688539 pid3a01
90.32642551708145  1.6595014166370925 93.64542835035563 pid39c7
90.97108914803867  2.3290591365044273 95.62920742104752 pid3a94
91.14029873758194  1.1734340734888287 93.4871668845596 pid3a2d
91.28196815859383  3.5484331990628966 98.37883455671962 pid396a
93.07553580185649  4.122062052168106 101.3196599061927 pid3ab4
93.23953708291616  2.7589287373549434 98.75739455762604 pid3ae2
93.4935181267264  4.932547291065042 103.35861270885648 pid3aa9
94.45288866441797  1.1731491244785959 96.79918691337517 pid39d4
94.99895924348759  4.806837638440728 104.61263452036904 pid3a8d
95.33807637458102  4.950769928963153 105.23961623250733 pid39bb
95.47160846406516  1.7737256767030303 99.01905981747122 pid39a6
95.84226715472718  1.2024591160054237 98.24718538673802 pid3ab5
95.92765441038209  3.751122564005552 103.42989953839319 pid39fd
96.777533098102  3.613066124100595 104.0036653463032 pid3a33
97.21890996053844  4.386061238415779 105.99103243737 pid39fc
97.52632107766847  4.213065739545838 105.95245255676015 pid3ae4
97.61972550118024  1.616675323479409 100.85307614813905 pid39c9
97.72800049289827  3.7036973248647076 105.13539514262769 pid3a32
98.05763350859561  1.8278023055028156 101.71323811960124 pid3988
98.17745020081605  1.098551534379201 100.37455326957445 pid3a44
98.80149072077725  4.222216789667311 107.24592430011188 pid3af7
99.76149107154954  3.8597332092919743 107.48095749013349 pid39dd
99.83385945248882  3.7507274696190995 107.33531439172702 pid3aa3
99.95840396352378  3.6233682483051086 107.20514046013399 pid3a84
100.29358577788513  2.7661729240560486 105.82593162599723 pid3965
101.05497466828112  1.2123191202969785 103.47961290887508 pid3aea
101.48499867644576  3.179990982699667 107.84498064184508 pid3a51
101.55984447429063  4.571673930348208 110.70319233498705 pid3a08
101.72901768138661  2.831731591216248 107.3924808638191 pid39c0
102.2488064461914  3.604987333882036 109.45878111395547 pid3a79
102.26594876407984  4.336908496251148 110.93976575658213 pid3af6
103.25633233748061  2.915623106942749 109.08757855136611 pid3a0b
103.85900393699603  1.9683954570878472 107.79579485117172 pid3993
103.97008313814506  1.4029436373192716 106.77597041278361 pid39b0
104.21262954907169  2.149938246025757 108.5125060411232 pid39a0
105.11002163867582  4.488758017746861 114.08753767416954 pid3a00
105.6495855794758  2.249457259525295 110.14850009852638 pid3963
105.75036149445515  2.1470108816746594 110.04438325780447 pid3952
105.77217176238085  2.949628481344661 111.67142872507017 pid3a63
106.48500921310354  2.099765212108433 110.6845396373204 pid3a5c
107.45547288193347  1.4043250363427986 110.26412295461907 pid398e
108.84711445296038  1.6729762695215062 112.1930669920034 pid39c2
109.00949188127123  1.3677064040954292 111.74490468946209 pid39de
109.02680834876702  1.1015524731145243 111.22991329499607 pid3ae7
109.7045035402991  4.287182365607148 118.2788682715134 pid3adc
110.27903175419013  1.2523900271325887 112.78381180845531 pid3998
110.37297696909283  4.583009827250478 119.53899662359379 pid3a9f
111.4996876814124  1.6343300887509988 114.7683478589144 pid3a5f
112.7306624360571  1.874776782301888 116.48021600066087 pid3a5a
113.86277858943909  2.717372446039648 119.29752348151838 pid3a60
114.0369377833452  4.451777750210836 122.94049328376687 pid3940
114.27997591473213  3.5003944366165367 121.28076478796521 pid3adb
114.95046248456231  1.7596447814566152 118.46975204747554 pid3ab9
115.5303369955377  1.4122023035393765 118.35474160261644 pid3997
115.76340589061262  1.4915296153557862 118.74646512132419 pid3a65
116.02666641167012  1.5040608863632072 119.03478818439653 pid3ae9
116.05171965840213  3.6893417074274124 123.43040307325695 pid3a1f
116.9164295024737  3.148422787472245 123.21327507741819 pid39d7
117.24490748796863  1.5326669526486616 120.31024139326595 pid3acf
117.7738619524321  2.601369238340857 122.97660042911382 pid393a
118.5214230764507  1.2529980820214228 121.02741924049354 pid3a21
118.68602604724356  2.785480821478079 124.25698769019972 pid3941
118.71739708940405  4.317084277508737 127.35156564442153 pid39f0
118.73882068497404  4.967830378420949 128.67448144181594 pid3959
119.9005964618058  2.3837549988428632 124.66810645949153 pid3942
120.37209076716552  2.8259764713364115 126.02404370983834 pid39c5
120.5089188652428  1.9653751131036272 124.43966909145006 pid39f8
120.5505897728434  1.2445656114470292 123.03972099573745 pid3af9
120.82906142696385  4.699664265901217 130.2283899587663 pid3a97
121.06222172438487  2.742300982186075 126.54682368875702 pid3a76
121.27772712891618  1.822125086708545 124.92197730233327 pid3a25
122.34748088466185  4.470243759754066 131.28796840417 pid3a3a
122.79832843660066  2.315655020012118 127.42963847662489 pid3aba
123.36936312275033  3.6324745098159164 130.63431214238216 pid39aa
123.37898319109492  4.567870224129553 132.51472363935403 pid39b9
123.53810343127927  1.0807006460197313 125.69950472331873 pid3985
124.06038491314479  1.1187216451344622 126.29782820341372 pid3990
124.40554421067408  4.006635105379434 132.41881442143296 pid3983
124.56672625312949  1.2065168580171748 126.97975996916384 pid3ac6
125.5446355212315  2.9807938186522875 131.50622315853607 pid3a91
125.55135889263352  3.012455460744429 131.57626981412238 pid3acd
125.6139607143945  4.640918599996391 134.8957979143873 pid3ab1
125.75424993773633  4.222462711195638 134.1991753601276 pid39c4
125.88112554971616  1.497890450494281 128.87690645070472 pid3a7b
125.92427932763576  3.8804349524382404 133.68514923251223 pid3a34
126.60503620961256  3.1453174430415043 132.89567109569558 pid39ed
126.6830275084295  2.1229077261784455 130.9288429607864 pid39d9
127.08595115542772  2.260787475950706 131.60752610732914 pid3a1b
127.6659653611041  4.541988568549613 136.74994249820332 pid3a18
127.74841562631657  2.0749187145731818 131.89825305546293 pid3a6f
127.89546394336323  1.770904394775087 131.4372727329134 pid3a29
128.6800295572883  4.282281798121522 137.24459315353133 pid39cc
129.17282912113927  2.561968995275331 134.29676711168995 pid3a2e
129.2263391407288  4.6384869000832465 138.5033129408953 pid3a6b
129.2841189178007  3.4186290741916228 136.12137706618395 pid39ca
129.3564239152036  3.0617565907433977 135.4799370966904 pid3a9a
129.4431010264956  1.3175620421864718 132.07822511086854 pid39fb
129.75030611805116  3.681024295688499 137.11235470942816 pid39d6
130.56835445716445  4.299467467087471 139.16728939133938 pid3ace
130.60927777151684  2.277026217752429 135.16333020702172 pid3977
132.07783678416627  3.887024471128638 139.85188572642355 pid3a7f
132.6789898215069  3.039832292833163 138.75865440717322 pid39ea
132.76237748281878  3.861068201278498 140.48451388537578 pid3a55
132.77183328305202  1.052994139796998 134.877821562646 pid3954
132.97995162208264  1.157071548146043 135.29409471837474 pid3956
133.4710129330028  3.402921094051175 140.27685512110517 pid3a36
133.79792419478454  3.9434799941952896 141.68488418317511 pid3a0a
134.4105498674595  4.362357125293853 143.13526411804722 pid39d0
134.76600979164544  1.5287712729266016 137.82355233749865 pid39f3
134.8393484281  2.0823978419990956 139.0041441120982 pid3af5
136.34364431395852  4.787831744748848 145.9193078034562 pid399c
136.43443251406077  4.315917144274781 145.06626680261033 pid3a02
136.61349190698905  4.191803002478043 144.99709791194513 pid399a
136.65419728592263  1.8650067726933055 140.38421083130925 pid3aee
136.6842463432381  4.786083304711973 146.25641295266206 pid397d
137.02462061563284  3.899344599910511 144.82330981545385 pid3a46
137.2489399682842  3.265225901341473 143.77939177096712 pid3a10
138.34869797745222  3.572611632296753 145.49392124204573 pid3968
138.87790962988203  1.6837746469088408 142.24545892369972 pid3af0
138.94861676484751  2.070850984537892 143.0903187339233 pid3a14
139.06244191413347  1.342251162668945 141.74694423947136 pid3a81
139.2553375344423  4.170845392503946 147.5970283194502 pid3986
139.34376996923334  4.612653246098592 148.5690764614305 pid3a0f
140.39556719994744  4.47083687142392 149.3372409427953 pid3a99
140.94922019170582  2.9135313635347977 146.77628291877542 pid3af8
141.30774948106065  3.161620994070163 147.63099146920098 pid3aef
141.91643977312907  1.1196127495281334 144.15566527218533 pid3a5b
141.91736872352058  3.9162353834608106 149.7498394904422 pid3948
142.92176382045994  2.33249976962355 147.58676335970705 pid39b3
143.38334585947376  2.761043109025589 148.90543207752495 pid394b
143.4403604941536  2.641549183261445 148.7234588606765 pid3a8e
143.68174036773348  4.989166731103351 153.6600738299402 pid39d1
144.27303714505007  1.7509148227975784 147.77486679064523 pid39d3
144.32878982402045  3.2886723395852187 150.90613450319088 pid3ad9
144.35428485978042  3.8735881832947188 152.10146122636985 pid398c
144.41937303337534  4.87343286027807 154.16623875393148 pid394f
144.78398656908615  3.960784389974772 152.7055553490357 pid39fe
145.07461592302005  1.589219867659934 148.25305565833992 pid3a59
145.28925635692616  1.04480388270391 147.378864122334 pid3aab
145.66024393122214  4.441755096878619 154.5437541249794 pid3a71
145.72117844558656  1.436039561708148 148.59325756900284 pid3ae0
146.3399292567556  1.5422570862038225 149.42444342916323 pid3a6e
146.63034643821754  4.626854376560757 155.88405519133906 pid396d
146.7873099378762  2.174908073165541 151.13712608420727 pid39e9
147.7435459610372  4.742547356582943 157.2286406742031 pid3970
147.7734648092633  1.4467430909689574 150.6669509912012 pid3a37
148.34507179732583  4.359981799164733 157.0650353956553 pid39ec
148.54118526730005  3.1949233422568546 154.93103195181376 pid3975
148.6229788018914  4.896670565342016 158.41631993257545 pid397a
148.72181284958504  2.962656571454197 154.64712599249344 pid3a78
148.83544944678653  4.574398497652723 157.98424644209197 pid3955
149.05663821378005  1.0029594664073858 151.06255714659483 pid39e1
149.07056528253986  3.0601065297194454 155.19077834197876 pid3ad2
149.07383404489315  4.567741442337384 158.2093169295679 pid39ab
149.39691699941858  4.0493636824887655 157.4956443643961 pid399d
150.24048818136185  3.845823026915953 157.93213423519376 pid3a70
151.33145808195647  2.361409694204291 156.05427747036507 pid39b2
151.39604505169632  1.9278696736696261 155.25178439903556 pid3982
151.56961433322417  4.261688440237623 160.0929912136994 pid3a68
153.14054570938413  4.973289618186511 163.08712494575715 pid39b5
153.3709840346661  3.9113603898372062 161.1937048143405 pid3ac4
153.44002674049685  2.4300958365592105 158.30021841361526 pid3943
153.44686407411876  1.5659340746086894 156.57873222333615 pid3962
153.59339362233052  1.6864436004391172 156.96628082320876 pid3a62
153.9240855613545  3.213802037852001 160.3516896370585 pid398b
154.36961614313827  3.8769726811827363 162.12356150550374 pid3a05
154.5120633407379  4.305408592287589 163.1228805253131 pid3992
154.69842906577836  2.0659794778740554 158.83038802152646 pid3a38
155.60520075041683  4.896842654541686 165.3988860595002 pid39e0
155.65785924534194  2.0154684933643265 159.6887962320706 pid3a06
155.94309050328243  1.7899954489072574 159.52308140109696 pid3a77
156.0085860441864  4.557736099972864 165.12405824413213 pid3999
156.32690044661337  4.526190652777029 165.37928175216743 pid3a42
156.33145241193  3.441436410060094 163.2143252320502 pid39c3
156.36304525398498  1.6373231643494854 159.63769158268394 pid39df
157.17746257495835  1.7018334195287457 160.58112941401583 pid3a0d
157.3922938605226  4.127999032754701 165.64829192603202 pid3961
157.4099708350188  3.75517451818433 164.92031987138748 pid39bf
157.87829465989657  2.577341636906259 163.03297793370908 pid39cd
159.11966962008657  4.547680378008202 168.21503037610296 pid3949
159.70348757741277  1.5381628972008503 162.77981337181447 pid39c8
159.8058574165403  4.311094562109471 168.42804654075925 pid3947
159.97950968475794  3.518695010686726 167.0168997061314 pid3ad7
160.11319881737583  2.701669864474351 165.51653854632454 pid3ad6
160.72644831089485  2.0896647076407615 164.90577772617638 pid3aa7
160.8881857061582  4.758470718529615 170.40512714321744 pid39f7
160.96145036302806  4.493061996622583 169.94757435627324 pid3a4b
161.0716888408199  3.334919664743952 167.7415281703078 pid3964
161.12977200861474  3.057759235173708 167.24529047896215 pid3ae6
161.45297733091795  1.3903462480057271 164.2336698269294 pid3af1
161.6259241237882  2.4975564649272117 166.62103705364262 pid3ad4
161.68297871137634  4.381055838398446 170.44509038817324 pid3a86
162.8455812742292  4.3372172743088075 171.52001582284683 pid3afb
163.1589718671005  3.445153704652271 170.04927927640503 pid393d
164.48957024144593  1.6856102681720038 167.86079077778993 pid3acb
164.64085361355802  4.655599783688153 173.95205318093434 pid3ac7
164.90424165404835  1.7204818713362813 168.3452053967209 pid3994
165.24829024476307  3.769733231547827 172.78775670785873 pid397e
166.81254258511444  3.3517583456905937 173.51605927649564 pid3a12
166.89121519731907  2.7505524884227475 172.39232017416455 pid3ac5
167.28290515963735  1.274048298827056 169.83100175729146 pid3a50
167.5129673180013  4.371099776932677 176.25516687186666 pid3a67
167.8713140873997  1.3227874694920634 170.51688902638384 pid394d
168.19489906950875  2.800348514573541 173.79559609865584 pid3a48
169.12973738575982  3.4821759643700516 176.09408931449994 pid3a2c
169.41334117501674  3.5031677915891914 176.41967675819512 pid39f2
169.48645384672048  2.6819587182522135 174.85037128322492 pid3a7c
170.84312220228117  3.2624127074776887 177.36794761723655 pid396b
171.02401184726426  1.7534599517574638 174.5309317507792 pid394a
171.53363830687897  1.934173903473304 175.4019861138256 pid3a4d
171.6313313266171  4.113320315792683 179.85797195820246 pid3a8c
173.06378487807282  2.0637570640623366 177.19129900619748 pid39b6
173.18437527122336  1.3496899466564902 175.88375516453635 pid3ab2
173.48743807712842  3.6663195990171453 180.8200772751627 pid39b1
174.04012487709872  2.443855858922286 178.9278365949433 pid3a88
174.3372477489966  4.974314810923336 184.28587737084325 pid3a64
174.57789805948758  3.781867430263068 182.1416329200137 pid39ff
174.70876100343128  2.80278952484369 180.31434005311866 pid3a74
174.79572610761159  2.837828117470585 180.47138234255274 pid3aae
176.846590287096  1.765017289910567 180.37662486691715 pid399e
177.37098998370786  3.9374797745209804 185.24594953274982 pid3a35
177.8789301039113  2.894084579873633 183.66709926365857 pid397c
178.88891529153884  3.0686763111157416 185.0262679137703 pid39e3
179.08809424879942  2.7890644835935867 184.6662232159866 pid3989
179.44861732060454  3.590477541392943 186.62957240339043 pid3a85
179.58988497453151  1.8569995960821295 183.30388416669578 pid3a9d
179.9512155523814  1.9519642446746341 183.85514404173065 pid3967
