3.127711063156058  1.107007034546625 83.12771106315606 pid14db
3.440155092585778  0.8796944689651993 83.44015509258578 pid14b8
3.6655339263704456  1.589055560964319 83.66553392637044 pid146e
4.269850188595448  1.805314912916165 84.26985018859544 pid148e
4.594398377611303  1.9311868244105468 84.5943983776113 pid146c
5.757192783773856  0.5668684065947633 85.75719278377386 pid148f
6.442655622019261  1.9677670415456627 86.44265562201926 pid14cb
7.486267227171806  0.7371923187364455 87.48626722717181 pid14e5
10.073684430448044  0.9545717163453112 90.07368443044804 pid14d2
11.288526227757345  1.7942539514659985 91.28852622775734 pid14a3
11.427422741129773  0.5337895001709285 91.42742274112977 pid1498
11.537093461065279  1.973418817213608 91.53709346106528 pid14de
12.07123768176771  1.1157403959007701 92.07123768176771 pid14af
13.060459879367581  0.702205477923763 93.06045987936758 pid14ae
14.607776107342612  1.7574086578432282 94.60777610734262 pid14b5
15.12103104274593  1.4516587616560979 95.12103104274593 pid14bc
15.599731936059868  1.9136371246054802 95.59973193605987 pid14d1
15.816496630788473  0.879954726073594 95.81649663078848 pid14c8
18.74067581183749  0.6588453610912088 98.74067581183749 pid14b2
19.027529698327367  0.802463333936265 99.02752969832737 pid14a9
20.178455604560323  1.4656774595936204 100.17845560456033 pid1469
20.522993465129495  0.6830906393350671 100.5229934651295 pid1454
20.980062368882514  1.8271698034338395 100.98006236888251 pid147f
21.596655334532933  1.585000577120371 101.59665533453293 pid14b4
22.991999099214418  0.8696162530606548 102.99199909921441 pid14b9
23.195826186700764  0.986910238419762 103.19582618670077 pid14aa
25.802732913295724  0.73875396314381 105.80273291329573 pid1452
28.43711552288182  0.5476021691276214 108.43711552288183 pid1466
28.546160465773614  1.9529711065220268 108.54616046577361 pid14a2
30.39558255492055  1.451235709848036 110.39558255492055 pid14ce
30.571904421276493  1.991780259407518 110.57190442127649 pid1462
31.003889714227796  1.2176592328588414 111.0038897142278 pid147e
32.11898013899266  1.3744761233560399 112.11898013899267 pid148c
33.267164802279666  0.6653981226612476 113.26716480227967 pid1457
35.99874831416921  0.5865811623834345 115.9987483141692 pid147d
37.029316286311236  1.8431446120936195 117.02931628631123 pid147a
37.56514400586854  1.1088657730388112 117.56514400586855 pid14d5
38.18029366034805  1.6113167337004217 118.18029366034804 pid1455
39.41872254305864  0.834653967076995 119.41872254305864 pid1450
40.48025960725127  0.8277810126840843 120.48025960725127 pid1478
41.177741768132655  1.8077322744265236 121.17774176813265 pid14c0
42.42246997797619  1.2476127277983695 122.42246997797619 pid145e
44.05562237232515  1.1494543147442338 124.05562237232516 pid14e1
44.779909609909105  1.1791492717590688 124.77990960990911 pid1461
45.13216265984888  1.9878154082318586 125.13216265984889 pid1495
46.87684042524982  1.2678252677897535 126.87684042524981 pid14da
47.25355916483528  1.8399499993960584 127.25355916483528 pid14d3
47.774286250554304  1.371435712956322 127.7742862505543 pid146d
52.06837511762827  1.7428212687860016 132.06837511762828 pid14a8
55.23848009118166  1.134552349786924 135.23848009118166 pid14cf
55.244842223963424  0.5054529756121982 135.24484222396342 pid1492
55.482172469822736  1.5827718122612082 135.48217246982273 pid14ba
58.03118046273069  1.6036157700097893 138.03118046273067 pid14b6
60.1564715712146  1.358617283167262 140.1564715712146 pid14b0
61.11924418813057  1.0099623121131238 141.11924418813058 pid1458
62.00966872283974  1.865620716077185 142.00966872283973 pid145a
62.392474608663605  1.1107793705316928 142.3924746086636 pid148b
62.43859255466399  0.6071198077655684 142.43859255466398 pid14ad
62.73735758046961  1.1107976348480433 142.73735758046962 pid149c
62.86522158705463  1.903123722870905 142.86522158705463 pid14e3
64.20556111241193  0.9893131877495092 144.20556111241194 pid1468
64.35245194840516  0.8509034538147991 144.35245194840516 pid14e4
64.81002137831031  1.7080084411369714 144.8100213783103 pid14e2
65.23148956991061  1.827654613252157 145.2314895699106 pid14c7
65.47467975987965  1.4159655675740919 145.47467975987965 pid1496
66.8171018492261  1.5320415909161729 146.8171018492261 pid14c4
68.29982460444809  1.1541867457530839 148.29982460444808 pid14b7
69.14641965122965  0.778001416048042 149.14641965122965 pid1451
70.63015053671242  1.7236499911230327 150.63015053671242 pid14bb
70.68027956294425  1.0077201488012273 150.68027956294424 pid14b3
74.42312427814231  1.7165988238152312 154.42312427814232 pid14ab
76.39355256197243  0.891765898856143 156.39355256197243 pid146a
76.95693227657279  1.7996201343784795 156.9569322765728 pid1472
77.82631530158183  0.886681020766807 157.82631530158181 pid14d0
78.55788051072282  0.6199343202292393 158.55788051072284 pid145c
79.91800322231255  0.9856594223430495 159.91800322231256 pid147b
80.4888197903017  1.01200987670207 160.4888197903017 pid145b
80.5155873891313  1.884140799845618 160.5155873891313 pid14a4
82.87770430175632  0.8389929684833262 162.87770430175632 pid1490
83.09835420339836  0.6820559385104241 163.09835420339834 pid149b
83.8280852240763  0.9816137624688732 163.8280852240763 pid1483
84.57576692063482  1.4434456419673183 164.5757669206348 pid14a6
87.68184624821002  1.994735681097873 167.68184624821004 pid14d8
87.90155105188727  1.2522703819847774 167.90155105188728 pid1488
88.37164896216147  0.5645570021484643 168.3716489621615 pid1499
91.28952586045604  1.2374420497007832 171.28952586045602 pid14a5
92.82787997571464  1.526322938998677 172.82787997571464 pid14ca
93.71232275154397  1.8054387241343532 173.71232275154398 pid14c5
94.0793459050608  0.893534964567263 174.0793459050608 pid146b
94.20506700330141  0.9112751336639111 174.2050670033014 pid1479
94.31859708062836  1.8413328512523122 174.31859708062836 pid14d4
96.55563745789591  1.6019261827535745 176.5556374578959 pid1497
96.77242474370246  1.2357753402008833 176.77242474370246 pid14a1
99.63040116479135  1.7972079856549719 179.63040116479135 pid14d7
101.85241534423784  1.006387942939257 181.85241534423784 pid1475
102.2283061563656  1.5218648510500237 182.2283061563656 pid14ac
102.86414104477159  0.8737321759204606 182.8641410447716 pid1494
102.95629433680139  1.7745812705576682 182.9562943368014 pid14d9
103.43407303635952  1.818238833093724 183.4340730363595 pid14dc
104.26808304694991  1.4215093741178668 184.26808304694993 pid1482
104.79833805065918  1.4137648743269609 184.7983380506592 pid1460
106.10797527076417  1.5261962359201053 186.10797527076417 pid14df
106.29057566446069  1.6920355910860108 186.29057566446068 pid1491
106.60419789295342  1.1583164017232686 186.60419789295344 pid1474
107.60027890534509  0.8643137869193118 187.60027890534508 pid14cc
107.60674632289789  1.5377445244883965 187.6067463228979 pid145f
108.53577050531175  0.5299707611967618 188.53577050531175 pid14d6
109.57683012745801  1.3917510550447545 189.576830127458 pid14dd
110.39026131494877  1.5687925480876108 190.39026131494876 pid1456
110.8755282605527  1.8914833751563271 190.8755282605527 pid1480
111.37745377803826  0.5292019004569557 191.37745377803827 pid14bd
112.0878731450006  1.5682061171981032 192.0878731450006 pid14c1
114.37399857824131  1.1122996168294166 194.3739985782413 pid149d
114.82222556122923  0.9914890340219679 194.82222556122923 pid1467
114.9009957512697  0.9246338639902243 194.9009957512697 pid1477
116.63610971221378  1.938954150519553 196.6361097122138 pid1464
116.78347902269144  1.345164920499981 196.78347902269144 pid146f
116.85212492774507  1.5752259436612512 196.85212492774508 pid1489
117.55516270111416  1.3517374330720024 197.55516270111417 pid1463
117.632603411292  1.3904229664467267 197.632603411292 pid1486
117.74204554331921  1.8250694091534325 197.7420455433192 pid14be
118.88188011911811  1.7508898768265848 198.8818801191181 pid14bf
119.68724632804172  1.8743010599635495 199.68724632804174 pid148d
119.99302795612965  1.3267178606067558 199.99302795612965 pid14e0
120.69309232747723  1.8475161166191585 200.69309232747725 pid14c6
120.84839697397244  1.0976521286933245 200.84839697397246 pid1487
121.6691993956281  1.906834760411277 201.66919939562808 pid14a7
125.55350255360597  1.2199405840783517 205.55350255360597 pid145d
125.9687152965837  1.5041640603469695 205.9687152965837 pid1465
127.68607603771271  0.7471362437382714 207.68607603771272 pid14b1
128.1867253615182  0.7717625299007753 208.1867253615182 pid1484
128.9443117470864  0.6185328309127127 208.9443117470864 pid1453
129.5753442429893  1.222942057380744 209.5753442429893 pid14cd
130.42125868503248  0.7044802700738242 210.42125868503248 pid14a0
130.72431314289742  1.7762214621815868 210.72431314289742 pid148a
131.77272689885282  0.7717283042865397 211.77272689885282 pid149a
133.20200765807434  1.0260862503764396 213.20200765807434 pid149e
134.90582315401628  1.3090648666637592 214.90582315401628 pid1470
135.63883769523386  0.5187745409119038 215.63883769523386 pid149f
142.28832307918987  1.591086520835611 222.28832307918987 pid14c3
143.32536405760442  1.7228569720135385 223.32536405760442 pid1485
143.79694316191694  1.1258647310714618 223.79694316191694 pid14c2
143.84590199538147  1.9540382773188991 223.84590199538147 pid1471
144.28652330696397  1.6826236135470094 224.28652330696397 pid1493
145.603282918823  1.2425849093663124 225.603282918823 pid1481
147.84584850033553  1.3478569654094692 227.84584850033553 pid1476
148.1356499981216  1.481265014469861 228.1356499981216 pid1459
148.21342859943312  0.5011744118739097 228.21342859943312 pid1473
149.0717688620169  0.989951662881194 229.0717688620169 pid147c
149.74212600838723  1.7204722370865708 229.74212600838723 pid14c9
