0.012881837573319732  2.849210478166486 5.711302793906292 pid3b6a
0.17694031253927545  1.5772987424728795 3.3315377974850344 pid3b6d
0.4710050747528838  0.9137787613713837 2.298562597495651 pid3ca4
0.7062587658701269  1.7453639565852272 4.196986679040581 pid3ba3
1.4337509479297572  2.377406790824872 6.1885645295795015 pid3b83
2.0991633313276803  0.7330057711938018 3.565174873715284 pid3c3e
2.704642715040073  0.7615952148288003 4.227833144697674 pid3cb3
2.73496149210265  1.26372812814984 5.26241774840233 pid3bbb
2.818180748807486  0.8403358337230884 4.498852416253663 pid3cb9
2.9542117899353904  0.9321237124127048 4.8184592147608 pid3c37
3.0869795181076576  1.5784864724048635 6.243952462917385 pid3b0d
3.3776024038206898  2.647591991905028 8.672786387630746 pid3c29
3.733177994417425  2.200108169815941 8.133394334049306 pid3ba5
3.8698239753347963  2.0148651946701577 7.899554364675112 pid3c4c
4.343305037027245  2.772395809262361 9.888096655551967 pid3b85
4.530840052553109  2.509659576328513 9.550159205210136 pid3b65
4.591305431517312  2.548288979461341 9.687883390439993 pid3c05
4.796259152222304  2.056150441135873 8.90856003449405 pid3b31
4.9001494999731605  1.3658587845379322 7.631867069049025 pid3c04
5.25844982029573  1.8387428756851447 8.935935571666018 pid3b7d
5.454413351504828  1.77310491056229 9.000623172629407 pid3c79
5.861204621667615  2.848400816833559 11.558006255334732 pid3c9d
6.037094275680543  1.9752579040298164 9.987610083740176 pid3bd6
6.114095089659477  1.879182449427887 9.872459988515251 pid3b5f
6.362847951800388  1.3665799829312002 9.096007917662789 pid3b86
6.401314452107332  2.72490322528557 11.851120902678472 pid3c8c
6.45286330187691  0.8214579520393934 8.095779205955697 pid3c6d
6.661120103871099  1.905225162101372 10.471570428073843 pid3b9b
6.899914763314097  1.74218489188046 10.384284547075017 pid3bac
7.205735521665913  2.0302500991731858 11.266235720012284 pid3b29
7.379777252405173  1.1751113287368584 9.72999990987889 pid3c17
7.426495956454948  0.9591257360381265 9.344747428531202 pid3be1
7.815058769825067  2.122120005405107 12.059298780635281 pid3bab
7.824660450552312  0.40989264372638023 8.644445738005071 pid3c0b
7.94034443986974  2.4446484354677964 12.829641310805332 pid3c88
8.102826948014751  2.3703576332650127 12.843542214544776 pid3b49
8.119502534245104  0.4575776238708399 9.034657781986784 pid3b81
8.204233860152922  0.5594000389879419 9.323033938128805 pid3b87
8.390651752011225  2.4739717975385336 13.338595347088292 pid3c4d
8.635734892002201  1.7651700287750298 12.16607494955226 pid3b5e
8.646060835690317  2.8609174258502694 14.367895687390856 pid3c28
8.781947244234633  1.2453329864513876 11.272613217137408 pid3b3e
8.882451967380389  0.8538646504631227 10.590181268306633 pid3c51
8.939618155388985  1.8202196543738647 12.580057464136715 pid3c82
9.434704573980557  0.7888749244663286 11.012454422913214 pid3c96
9.437035692417862  2.7705858556139322 14.978207403645726 pid3c60
9.452708387930675  1.1173652295729202 11.687438847076516 pid3b61
9.493463164477834  0.7023706525764252 10.898204469630684 pid3c50
9.770712053285834  0.7727893145345875 11.316290682355008 pid3c93
9.871565932908544  1.56000394729715 12.991573827502844 pid3c44
9.924044396481568  1.4951051282105237 12.914254652902615 pid3ba9
10.16326014897353  0.6370926423615652 11.43744543369666 pid3c7f
10.460834544750863  2.149420985253703 14.75967651525827 pid3c98
11.122882302565774  1.4198434017666028 13.962569106098979 pid3b79
11.23381425367278  1.6465624456454715 14.526939144963723 pid3b4f
11.3215586871668  1.6832981030266807 14.688154893220162 pid3c8b
11.337016416544742  2.6328924480344518 16.602801312613646 pid3b35
11.4188295717769  0.5364422191491297 12.49171401007516 pid3c2f
11.806954980458716  2.452782535503789 16.712520051466292 pid3c3f
11.986813147377495  1.54166628214629 15.070145711670076 pid3cb6
12.070602366638894  0.8727911030452427 13.81618457272938 pid3c84
12.113510832538433  1.116389719117471 14.346290270773375 pid3b69
12.198540435380355  1.1638363633674738 14.526213162115303 pid3cb5
12.204781491972817  0.7600745064659673 13.724930504904751 pid3c3c
12.274906312386802  2.669789588423333 17.614485489233466 pid3c5e
12.396303851046886  1.2660666217561682 14.928437094559222 pid3c92
12.432355006760998  2.0977507963086217 16.62785659937824 pid3c31
12.583527594376276  2.874657368982356 18.332842332340988 pid3c21
12.692284519172748  1.1360690357697982 14.964422590712346 pid3b00
13.416274131166517  0.9161129746447716 15.248500080456061 pid3b17
13.5648333823852  2.5893396918251135 18.743512766035426 pid3c23
13.67880300730333  0.4540846346399974 14.586972276583325 pid3b75
13.855740505529434  0.9922836211305719 15.840307747790579 pid3b22
14.145269660796755  1.0408602025570657 16.226990065910886 pid3c9f
14.464157468077165  2.369077472858512 19.20231241379419 pid3ca3
15.134206647786097  1.2270359695705535 17.588278586927203 pid3c64
15.454823604401335  0.4450272254440149 16.344878055289364 pid3c4e
15.522689628434039  1.7608104292905291 19.044310487015096 pid3c13
15.597287614976274  0.9994482493145577 17.59618411360539 pid3c1f
15.604284043530248  2.286043025767727 20.1763700950657 pid3aff
15.735706638066427  2.6789476045068064 21.093601847080038 pid3b3d
15.860811902462057  2.559292550655719 20.979397003773496 pid3b3c
15.973034587278722  2.172547567007027 20.318129721292777 pid3b0e
16.429923003251467  0.5417411203182532 17.513405243887973 pid3be6
16.52839806593359  1.315927173178124 19.16025241228984 pid3ca1
16.631741451526782  0.7169974700907048 18.065736391708192 pid3b04
16.63859065511295  1.3198387651188508 19.27826818535065 pid3c27
16.744873003357863  1.7439972884259096 20.232867580209682 pid3b42
16.95494259899104  1.4027735006841424 19.760489600359325 pid3c0a
17.276356865355645  0.8683591957468668 19.01307525684938 pid3b33
17.346545619952845  2.1907563296828765 21.7280582793186 pid3c06
17.485587316059913  2.791270675156888 23.06812866637369 pid3c54
17.74044204568578  0.7953101550186166 19.331062355723013 pid3cb7
17.760492173883968  0.5070620734023937 18.774616320688754 pid3c99
17.831543134148752  0.5147643530415297 18.861071840231812 pid3cab
17.98368025895757  1.598613584219696 21.18090742739696 pid3b58
18.18881499293955  0.5453280471541972 19.279471087247945 pid3c33
18.643901220080394  2.9743057688251877 24.59251275773077 pid3b06
19.479576056742765  2.464282192297316 24.408140441337398 pid3b72
19.627512700211724  2.747048459590792 25.121609619393308 pid3bf7
19.66112360769764  2.479389163168281 24.619901934034203 pid3bad
19.780305084944516  0.7160604783258413 21.2124260415962 pid3c0c
20.191528276334083  0.5541697627087043 21.299867801751493 pid3bec
20.302600668941984  0.7608926145349384 21.82438589801186 pid3b15
20.732432147392863  1.781113911303657 24.294659970000176 pid3b27
21.40767403015793  0.8369676917438298 23.08160941364559 pid3c18
21.503835091769997  2.030164835706814 25.564164763183626 pid3b88
21.533965230200703  0.9652849477843076 23.46453512576932 pid3c4b
22.319532047192315  1.5038358916816321 25.32720383055558 pid3b6e
22.42537281142504  1.4404428934468059 25.30625859831865 pid3b39
22.56112483156184  2.3184457067092197 27.19801624498028 pid3b8b
22.577470339246553  2.997755035243622 28.572980409733795 pid3bb9
22.80117965964491  0.9475869541475342 24.696353567939976 pid3c0d
23.28819837231372  1.5031228861539514 26.29444414462162 pid3c32
23.398477552969467  1.4268100246330446 26.25209760223556 pid3b64
23.951224522761706  2.544847863941839 29.040920250645385 pid3bc0
24.00920740796747  2.259923255403713 28.529053918774895 pid3b0c
24.314720361406618  2.3910250396135946 29.096770440633808 pid3bf5
24.928821057938645  1.4930592325056389 27.914939522949922 pid3c16
25.38453387623203  2.8660558993335354 31.1166456748991 pid3b30
25.444441134122176  1.4438473508390866 28.33213583580035 pid3c1e
25.466350119801785  2.942385010623981 31.351120141049748 pid3ba4
25.560860745556013  1.1211902850254511 27.803241315606915 pid3b02
25.900317817092102  1.048032901732727 27.996383620557555 pid3baa
26.058980986795742  0.45415166892848513 26.967284324652713 pid3c87
26.564818649345266  0.7569473033433145 28.078713256031897 pid3c3d
26.70573060093223  1.132783110757372 28.971296822446973 pid3c22
26.973319115694096  1.456610190969458 29.886539497633013 pid3bee
27.16708862829784  2.9741170684319433 33.11532276516173 pid3c78
27.70916571607611  1.8325942510583242 31.37435421819276 pid3cb0
28.222220909171657  2.0771863128473957 32.37659353486645 pid3b7f
28.541039616785156  2.4243645255055157 33.38976866779619 pid3bdd
28.710316738561957  1.5747319555048636 31.859780649571682 pid3b20
28.76789515609145  1.7239059857645378 32.215707127620526 pid3c81
29.01383487897332  2.9972121982245117 35.00825927542235 pid3b6f
29.089647802828633  1.7926000040797185 32.67484781098807 pid3c6f
29.201721082927644  1.606524857421808 32.41477079777126 pid3b93
29.50999341534115  0.45039513026485417 30.410783675870857 pid3b66
29.920984127373263  1.4519916359092995 32.82496739919186 pid3c09
29.946309942878568  1.2528951516964493 32.45210024627146 pid3c95
30.070876304824413  1.952173675124607 33.97522365507363 pid3caa
30.36511514195428  1.7032659291398988 33.771647000234076 pid3bbe
30.43517497171331  2.6558515558240625 35.74687808336144 pid3bea
30.47596528660619  2.8384753513413394 36.15291598928887 pid3bfc
30.64268058001297  2.7999540337991555 36.242588647611285 pid3b1a
30.71302586253234  2.6452117475493746 36.00344935763109 pid3bc6
30.80386213413615  2.003219610604572 34.810301355345295 pid3b7b
31.054362522126244  2.2366593222144995 35.52768116655524 pid3bd2
31.289272474644548  1.7923790363912406 34.874030547427026 pid3c9b
31.36583301330339  2.024610639246943 35.415054291797276 pid3b21
32.02924108263363  0.49570506388446256 33.020651210402555 pid3cba
32.26150935226043  2.237140531841318 36.73579041594307 pid3b13
32.79369309912498  1.368593532436561 35.5308801639981 pid3bbc
32.928077613424165  2.7139675289687406 38.35601267136165 pid3b23
33.20776224033922  1.2655989365083635 35.73896011335595 pid3b57
33.54128151619956  2.8903252886377406 39.32193209347504 pid3c42
34.58682445405393  0.5850727110892678 35.75696987623247 pid3c89
34.72069613682805  2.547842664689077 39.81638146620621 pid3ca2
34.88336468620554  2.907796080082315 40.698956846370166 pid3c35
34.95035140751179  0.8220176810873834 36.59438676968656 pid3b52
34.96299629856377  0.4311131654225068 35.825222629408785 pid3bfd
35.19765414762085  0.8164895490149254 36.8306332456507 pid3c15
35.66246562731548  1.4994296291558653 38.66132488562721 pid3b3b
35.95980647474377  1.5255790967254037 39.01096466819458 pid3ca7
36.201155090599194  0.9167110075159719 38.034577105631136 pid3bed
36.95412223366317  2.6268752476898785 42.207872729042926 pid3b2f
37.056543798700304  1.3374637295159042 39.73147125773211 pid3c7c
37.2257265346279  1.7233830739010458 40.67249268243 pid3c5f
37.36148142847085  2.738331952008602 42.838145332488054 pid3c1b
37.53781647604795  2.0773910632499577 41.69259860254787 pid3c69
37.65399802510899  2.860733636268414 43.37546529764582 pid3c02
37.72773206732042  2.641178981040005 43.01009002940043 pid3cb2
37.8211778884361  1.8072768856841406 41.435731659804375 pid3b6c
38.015824236070884  2.1125419018149296 42.24090803970074 pid3b5c
38.42947387239243  1.6067643936484566 41.643002659689344 pid3be4
38.58536373612179  0.7765080247321652 40.138379785586125 pid3b8d
38.72668285145776  2.2290138739940426 43.18471059944584 pid3beb
38.819941951303115  2.0780641587455793 42.976070268794274 pid3c7a
38.86767124990743  0.8735300239194432 40.61473129774632 pid3c5a
39.32089475614438  0.5436119057606141 40.4081185676656 pid3bd4
39.68486503940277  2.5075713439484186 44.70000772729961 pid3b1b
39.69519118435828  2.1347599597612303 43.96471110388074 pid3bf9
39.72335560678345  1.0565538913680559 41.836463389519565 pid3b9e
39.782386333510246  0.6863011347781711 41.154988603066585 pid3c52
40.09684878681462  2.3720584843806494 44.840965755575915 pid3c3b
40.24667366303311  2.7797005862728668 45.80607483557884 pid3cad
40.40122329649694  2.989707407867644 46.380638112232226 pid3caf
40.549143279625056  0.6449318029001646 41.839006885425384 pid3bc2
40.73261217268026  0.8438858763566413 42.420383925393544 pid3c59
40.89262418691835  2.603477156460255 46.099578499838856 pid3b82
41.055051595919544  1.2033293823306854 43.461710360580916 pid3afc
41.63516507877609  2.711821157230611 47.05880739323731 pid3ca9
41.688438588877  2.967649439176512 47.62373746723002 pid3bce
41.929780653639085  0.5674166339682497 43.064613921575585 pid3c53
41.96413299487486  2.360385685219331 46.68490436531352 pid3c39
42.078574834839735  2.2776502082016994 46.63387525124313 pid3c8d
42.36983287442636  0.838271126125967 44.04637512667829 pid3be2
42.71517053228443  2.7101127234304982 48.13539597914543 pid3b4a
43.03299199582041  1.4164783877277127 45.86594877127584 pid3b16
43.28189627570386  1.135195167355127 45.552286610414114 pid3c97
43.34963439044025  0.9164692827297227 45.182572955899694 pid3c71
43.37298227336625  2.0853321533913394 47.54364658014892 pid3b4d
44.38618787597339  1.4904374516562835 47.36706277928596 pid3b40
44.43064694804468  1.3001938774955781 47.031034703035836 pid3bf6
44.43328563052161  1.9288927142179335 48.29107105895748 pid3b67
44.517728816756254  0.9843068605650644 46.48634253788638 pid3b14
44.78761795510129  2.3436443105956957 49.47490657629268 pid3b2d
45.022126948157016  0.4143172835850085 45.85076151532704 pid3b51
45.09803275064829  2.40427504327722 49.90658283720273 pid3b0a
45.8521829609876  2.0285253184930103 49.90923359797362 pid3b73
45.87674187181189  1.8591967778666878 49.595135427545266 pid3b55
46.590731728705535  0.9081780704456838 48.4070878695969 pid3b1f
46.60835664228862  1.2509616445115288 49.11027993131168 pid3c47
46.830879660930336  1.8312977925049192 50.493475245940175 pid3b8a
47.06860635282567  0.49030544812992843 48.04921724908552 pid3c20
47.235824920606554  2.4530088698428085 52.14184266029217 pid3c12
47.87582825745521  2.805204364712132 53.486236986879476 pid3b76
47.90064377612878  2.2160423267652676 52.33272842965932 pid3ba6
48.49500393250437  2.282666605649608 53.06033714380359 pid3bd7
48.92285711505278  2.1403436101404916 53.20354433533376 pid3b2c
49.22300902562051  1.8281723019473395 52.879353629515194 pid3b08
49.24801274181103  0.4806538908089518 50.209320523428936 pid3c2c
49.28284354631456  0.9951736518712881 51.273190850057134 pid3b5d
49.98969917975303  0.7461412852098498 51.48198175017273 pid3bd9
50.05450674903501  1.8947892340190888 53.84408521707319 pid3be8
50.51396189675875  0.9918960043640288 52.49775390548681 pid3b78
50.557852194245456  1.6119010067479933 53.78165420774144 pid3cbd
50.75498454618697  1.5638372395917992 53.882659025370565 pid3c85
50.995764167577086  2.722737552189873 56.44123927195683 pid3bc1
51.68665264382677  2.278945805176206 56.24454425417918 pid3bfb
51.691202413027796  1.3669558250804872 54.42511406318877 pid3c11
51.87193718822185  1.9061911533039329 55.684319494829715 pid3bcb
51.937483698600104  0.8657893103593841 53.669062319318876 pid3c80
51.940645547777706  2.8415130816789564 57.62367171113562 pid3b6b
52.04759735909684  0.5326983445116868 53.112994048120214 pid3baf
52.12923614079828  2.8689162495134184 57.86706863982511 pid3bf4
52.64428898236459  1.507026521391 55.658342025146595 pid3c6e
53.30431202269625  0.7058303499468401 54.71597272258993 pid3b54
53.67060400699821  2.218578725124864 58.10776145724794 pid3bd3
54.158358691656176  1.0990342777501785 56.35642724715653 pid3b9a
54.39253841085153  1.446213242938843 57.284964896729214 pid3b38
54.51209953643278  2.0002001602769424 58.512499856986665 pid3c5c
54.67524800100122  2.2419201385050664 59.15908827801135 pid3b63
55.26680510649695  1.5359040664567352 58.33861323941042 pid3bc8
55.4293936152092  2.7428940689957124 60.91518175320063 pid3c19
55.4416884269415  1.2238604756792393 57.88940937829997 pid3b0b
55.45847590579488  0.5291127665833689 56.51670143896162 pid3b95
55.556150576299146  1.5803930536881352 58.716936683675414 pid3c24
55.60374552131564  2.7726359343029694 61.149017389921575 pid3c8e
55.62099583533159  2.4228615476463586 60.46671893062431 pid3b2e
56.15446628433847  0.7027021972649918 57.55987067886845 pid3bdb
56.317512705117664  1.600202627745638 59.51791796060894 pid3bde
56.3436421414376  0.4080083866314677 57.159658914700536 pid3bf3
57.24682136649295  0.900769054349376 59.0483594751917 pid3b74
57.406293239355  2.0271921573271543 61.46067755400931 pid3cae
57.73097796219098  2.089304161354524 61.90958628490002 pid3bf1
57.76909490784755  2.978086857728178 63.72526862330391 pid3bcd
58.25235793527881  2.5262853781135575 63.30492869150592 pid3afe
58.296700167171686  0.765107193154797 59.82691455348128 pid3c5d
58.66612151584811  1.286380110184948 61.238881736218005 pid3b47
58.67234955019928  2.640391104984838 63.95313176016896 pid3c8f
58.898085997745696  0.9747716642341475 60.84762932621399 pid3c4a
59.13442916396728  0.8646273285622481 60.86368382109178 pid3b99
59.209384392538176  2.8055322268526797 64.82044884624354 pid3c8a
59.35552502822019  2.884858301835348 65.12524163189089 pid3c75
59.8326235558744  0.907153911198786 61.64693137827197 pid3b91
60.01094097795566  2.8757950402868295 65.76253105852932 pid3bb6
60.167722689303595  0.9060311707672041 61.979785030838 pid3b46
60.32912488896777  2.7543474905425454 65.83781987005285 pid3b70
60.375999655877166  0.4217544409988432 61.21950853787485 pid3bb0
60.50411667600345  0.9875490883690843 62.47921485274162 pid3c61
60.816220359085364  2.9189104391442675 66.6540412373739 pid3b18
61.03621888461367  1.8116138397357644 64.6594465640852 pid3c46
61.10129460859596  2.7083991038831723 66.5180928163623 pid3b03
61.342278939162995  1.9456147461342366 65.23350843143147 pid3b0f
61.382780744432665  0.8120623928788944 63.00690553019045 pid3bc9
61.5421248825195  1.569008689569039 64.68014226165758 pid3c49
61.64998973048312  2.7557388354089993 67.16146740130112 pid3bc5
62.048385065237575  1.2311064938135388 64.51059805286465 pid3c26
62.15795035203112  2.5403676788244294 67.23868570967998 pid3c90
62.26791398064046  0.4216458383686816 63.11120565737782 pid3c70
62.448387536794804  1.5796197697107228 65.60762707621625 pid3b4c
62.522881490638035  1.2159921526994175 64.95486579603687 pid3be9
62.820407297784385  1.1682720033804648 65.15695130454532 pid3b43
62.913218432413366  1.689405986048902 66.29203040451117 pid3c6b
62.992238706649694  1.720380939214618 66.43300058507893 pid3b4e
63.44563235569146  1.3611510724631974 66.16793450061785 pid3c9a
63.534369421587435  0.4885774695721411 64.51152436073171 pid3c34
63.710091994650206  1.2111743660386582 66.13244072672752 pid3c9c
64.16651105406793  2.3782974434901876 68.9231059410483 pid3b59
64.18209560395606  2.518473095524927 69.21904179500591 pid3bfe
64.21888944937334  0.6306242458957415 65.48013794116481 pid3b9f
64.33061085514402  0.4394037325750013 65.20941832029402 pid3be3
64.4434959021481  1.1315031370103261 66.70650217616875 pid3b71
64.46589367313807  0.5086506599340437 65.48319499300615 pid3c74
64.55453681806016  2.659639434409063 69.87381568687829 pid3c83
64.65126892397072  1.390647473459031 67.43256387088879 pid3b53
65.47332139809514  0.8076242551988252 67.08856990849279 pid3b44
65.58672662089342  2.764542317572702 71.11581125603882 pid3c08
66.07687407372643  1.0793770294317726 68.23562813258998 pid3c58
66.49485794422107  1.6702990082394442 69.83545596069996 pid3b60
66.53055290551383  2.800091897270906 72.13073670005564 pid3c94
66.8081952856213  1.5882791795068756 69.98475364463505 pid3c14
67.14717126985771  2.9319833838683924 73.01113803759449 pid3c91
67.19939617044231  2.4757548271701046 72.15090582478253 pid3c86
67.21465336624574  2.10499054793267 71.42463446211109 pid3bb7
67.53022626486812  1.714341532332984 70.9589093295341 pid3b8f
67.59188608271793  2.0122121964932513 71.61631047570444 pid3bb1
68.17676212028103  0.47489216577771926 69.12654645183646 pid3c38
68.82430425045241  1.3588484456409806 71.54200114173437 pid3c65
68.9069468454128  1.0756575861500859 71.05826201771298 pid3c48
69.13807022053453  0.6884877681384021 70.51504575681133 pid3c07
69.19999870527252  2.295600756138458 73.79120021754943 pid3b2a
69.21126199075397  2.6139626778931877 74.43918734654034 pid3c6a
69.24236863047814  0.619953275902777 70.4822751822837 pid3bbf
69.59593947133735  2.850016131726194 75.29597173478973 pid3b12
69.68667217905674  1.9853317410539844 73.65733566116471 pid3c2b
69.74200539553283  2.4306098919594303 74.60322517945168 pid3b45
69.89698652946271  1.4092365873790116 72.71545970422073 pid3bdf
70.04704274833237  1.3103125602053325 72.66766786874304 pid3b5b
70.11862977800592  1.5256072199149386 73.1698442178358 pid3c25
70.13383695680406  2.7434297331070043 75.62069642301807 pid3b32
70.3844020313302  1.5853936590776523 73.5551893494855 pid3b62
70.39730404101743  2.700810782690975 75.79892560639938 pid3bc3
70.56503402881984  0.626693755325548 71.81842153947093 pid3c73
70.99876845896345  0.8728032920493458 72.74437504306215 pid3b11
71.14595815608605  2.068578882031556 75.28311592014916 pid3ca8
71.4841254385177  0.5425115280617603 72.56914849464121 pid3bcf
71.51405407130233  1.940957629636304 75.39596933057493 pid3c62
71.58338017692884  2.5695322357788033 76.72244464848644 pid3b3a
72.32686503002182  2.767893847662503 77.86265272534683 pid3c56
72.35110862788805  2.747323772341309 77.84575617257067 pid3c66
72.35302705451895  2.189706548439793 76.73244015139854 pid3bd5
72.5450099984316  1.0852917957047659 74.71559358984112 pid3bfa
72.86204151745271  2.658459029298848 78.1789595760504 pid3b98
73.14088582091478  2.1873798499960677 77.51564552090692 pid3c6c
74.04797303158878  1.1615894356550704 76.37115190289893 pid3bd8
74.12399932550427  1.303566768237895 76.73113286198006 pid3b48
74.19377355400322  2.8793600745126064 79.95249370302842 pid3b25
74.27159123668928  2.7638187863625046 79.79922880941429 pid3ba7
74.54688564029476  1.3508562418028855 77.24859812390054 pid3b80
74.58998560772294  2.619390377015595 79.82876636175413 pid3b09
74.82759874265629  1.8513997793584864 78.53039830137327 pid3be7
75.98457888646435  1.2861168406187322 78.55681256770181 pid3b4b
76.19887774033087  2.660033964647293 81.51894566962545 pid3c67
76.35954638886744  0.408210721842864 77.17596783255317 pid3b50
76.67529552161952  0.5194841328738681 77.71426378736726 pid3bc7
77.06401978749892  2.6401331351248065 82.34428605774853 pid3be5
77.14557653663131  2.890755182173962 82.92708690097923 pid3c00
77.50524993729766  1.38960721809583 80.28446437348933 pid3b01
77.58278229370886  0.9038217383356518 79.39042577038016 pid3bb4
77.61105290632801  1.928301306782033 81.46765551989208 pid3cb4
77.61304568791641  1.727897594899058 81.06884087771452 pid3c57
78.46120044259891  2.1684107052038546 82.79802185300662 pid3cac
78.49270825983704  1.420553540625809 81.33381534108867 pid3b34
78.51429127719273  2.749365882901016 84.01302304299476 pid3bb5
78.627626826541  2.9847429630943183 84.59711275272964 pid3be0
78.95922228294178  1.2412642936035188 81.44175087014882 pid3b07
79.3787917453752  2.945367042230846 85.2695258298369 pid3bd1
79.65999544251595  2.092738588058792 83.84547261863354 pid3c4f
79.72881716818382  2.2208458981157073 84.17050896441523 pid3b9c
79.86573837856578  2.363083942177213 84.5919062629202 pid3b94
79.87814036732954  2.302393261710953 84.48292689075144 pid3bff
80.1242026398578  0.9949012056308891 82.11400505111958 pid3c9e
80.55246443700293  2.7831364709440516 86.11873737889103 pid3b5a
81.15877397890769  1.1190873026848287 83.39694858427734 pid3c2e
81.32359663542154  0.8728979125855463 83.06939246059262 pid3c5b
81.46210545531616  0.8422854256689831 83.14667630665413 pid3c30
81.71028838933853  1.1317396358244145 83.97376766098736 pid3b1d
81.90034895665143  2.6311372494834036 87.16262345561823 pid3b7a
82.44585240883802  1.397741157024507 85.24133472288703 pid3c40
82.57076066759713  1.3205784957902371 85.2119176591776 pid3bca
82.80515590164251  1.412327166744916 85.62981023513234 pid3c0f
83.12157913107984  0.46086016332908003 84.043299457738 pid3b8c
83.29931566153229  1.8392512975770803 86.97781825668645 pid3b2b
83.33307393955211  2.9004623300791423 89.1339985997104 pid3c7d
83.80147714248763  0.573586319835693 84.94864978215901 pid3bcc
83.97709097797313  2.7029148482549474 89.38292067448303 pid3b24
84.0978673731718  1.2341087016068233 86.56608477638544 pid3bdc
84.56066423204116  1.4327444259168565 87.42615308387488 pid3c68
85.24887008316607  2.4691762901184995 90.18722266340306 pid3b05
85.48132934049669  0.862114833357468 87.20555900721162 pid3b37
85.59005115560461  1.7875052214458313 89.16506159849628 pid3c2d
86.34943519145824  1.1786847354496368 88.70680466235751 pid3c10
86.4134246666359  0.5743251254113796 87.56207491745866 pid3ba0
86.42853226922645  0.6241415436477065 87.67681535652187 pid3c45
86.4337680924415  1.5793205650031519 89.5924092224478 pid3b9d
86.57304400203962  1.4403715013332614 89.45378700470614 pid3bd0
87.18133166859381  1.3021547284624646 89.78564112551874 pid3b56
87.55088394783672  0.41846100321682 88.38780595427036 pid3cb8
87.87408738158507  2.253686442122638 92.38146026583034 pid3c03
88.4693254590984  2.8751138426848217 94.21955314446804 pid3b84
88.53935232531252  0.9503151383919968 90.43998260209652 pid3afd
88.64355987217503  2.983738880685843 94.61103763354672 pid3bf2
88.77491427246731  2.3167735499886417 93.40846137244459 pid3ba1
88.78463657774083  1.784815977577753 92.35426853289633 pid3b28
88.8146689505685  1.0519351075879038 90.9185391657443 pid3c1d
89.08484790984235  0.40852010096266933 89.90188811176769 pid3c2a
89.11022917522988  1.3760137215202382 91.86225661827035 pid3c3a
89.97499860509812  2.71944382050819 95.4138862461145 pid3ba2
90.09273658640504  1.234947213498916 92.56263101340286 pid3b96
90.18459325650602  2.949663311087871 96.08391987868177 pid3bda
90.6403403543434  2.6679733344918883 95.97628702332717 pid3b41
91.06954786912952  1.254162443522165 93.57787275617385 pid3bbd
91.1324836276051  1.9106673419561413 94.95381831151738 pid3c63
91.45110937694943  2.0231915022651066 95.49749238147965 pid3c0e
91.70788251768322  0.7918714782215039 93.29162547412622 pid3ba8
91.8497476923098  2.6045810022349625 97.05890969677974 pid3c72
91.93026925970325  1.2047922203933807 94.33985370049001 pid3b92
92.56185354752165  2.3067209337740144 97.17529541506968 pid3c41
92.60108805555373  2.2246766638787885 97.05044138331131 pid3b7c
92.61049780427955  0.9914474602307117 94.59339272474097 pid3c7b
92.78100029103106  0.7993128239417758 94.37962593891461 pid3b90
92.79760982235888  0.7254962943247133 94.2486024110083 pid3b68
92.97090399517981  0.43604216033295806 93.84298831584573 pid3b19
93.48592775628421  1.8035648510817759 97.09305745844776 pid3bb8
93.68131013418483  1.825924695451374 97.33315952508758 pid3b1c
94.03654423474464  2.2457409064551253 98.52802604765489 pid3bef
94.17294906536141  1.9128900706777356 97.99872920671687 pid3b1e
94.2499328927744  2.4591097046490797 99.16815230207256 pid3c1a
94.95195606067786  2.9007547738986887 100.75346560847524 pid3b26
95.03987284630072  2.9522725531136125 100.94441795252794 pid3bf8
95.50419309674997  0.6054404782587426 96.71507405326746 pid3bb3
95.56409547373728  2.805823179999372 101.17574183373603 pid3b77
95.57770897520535  1.4131486231922081 98.40400622158977 pid3ca6
95.6637272586727  1.9237067984746492 99.51114085562199 pid3bba
95.8593495371888  1.4214505702713298 98.70225067773147 pid3c7e
96.07957779479368  2.31068920776336 100.7009562103204 pid3cbb
96.21845805436276  0.7683220636796264 97.75510218172201 pid3cb1
96.37162893569622  0.8281583539742674 98.02794564364476 pid3c36
96.6271884404608  2.053036175515266 100.73326079149133 pid3cbc
96.71510371938254  2.719016415474059 102.15313655033066 pid3c76
96.73413876474861  2.3014316113911257 101.33700198753085 pid3c43
97.04972194873329  1.1473679371569654 99.34445782304722 pid3b7e
97.20311483005197  1.1959776539240319 99.59507013790004 pid3ca0
97.25415207762214  2.570164403035642 102.39448088369342 pid3bf0
97.25602761355132  2.597400951847909 102.45082951724714 pid3bae
97.40718304950906  2.1234921157463624 101.65416728100178 pid3b8e
97.46445477149327  0.660587745887605 98.78563026326847 pid3b10
97.82867402918122  1.369088840566374 100.56685171031397 pid3b97
97.96164162004946  2.3414184579967943 102.64447853604305 pid3c55
98.30332205217564  0.6730384563289484 99.64939896483354 pid3c77
98.43315704883547  2.0482346087927508 102.52962626642098 pid3b36
98.59731163140056  2.5835114646473927 103.76433456069535 pid3b3f
98.8587578069573  1.2499304363879196 101.35861867973314 pid3bc4
98.91084038398658  1.8904336412988116 102.69170766658421 pid3bb2
98.92008222847318  1.2139225785164642 101.34792738550611 pid3c1c
99.16891563519823  0.6462072344350012 100.46133010406824 pid3b89
99.40418553514506  0.6217159342655914 100.64761740367625 pid3c01
99.44036844742568  1.6486201075523939 102.73760866253048 pid3ca5
