0.0849942473637233  1.3712566994140833 2.82750764619189 pid152a
0.9834644818182303  1.2015928105564089 3.386650102931048 pid1545
1.4085875283881166  1.9316014181777779 5.271790364743673 pid1554
2.6869877174191426  1.0143381510134144 4.715664019445971 pid1533
2.846418821352281  0.9524488579510108 4.7513165372543025 pid1558
3.958859975147533  2.240210896226108 8.439281767599748 pid1518
4.159683311136075  2.014724025574956 8.189131362285988 pid14e6
4.480310253672037  2.7760394597584277 10.032389173188893 pid1510
4.50107164270962  0.5391808357207275 5.579433314151075 pid1543
5.8502639965418375  1.0561538161948256 7.962571628931489 pid1506
6.075038865655202  0.7532803026103566 7.581599470875915 pid152e
6.225647987780469  1.983778423355865 10.1932048344922 pid14f7
7.29545498646913  2.9733146878767522 13.242084362222634 pid154d
7.646479208944978  1.5563612688939 10.759201746732778 pid14ee
9.04352662514405  0.6452131035414048 10.33395283222686 pid152f
9.505738366676898  0.9665719156856779 11.438882198048253 pid1509
10.658468352225093  0.6862989318329662 12.031066215891025 pid152b
10.892921874857443  2.6030229388972814 16.098967752652005 pid155c
11.672062473045264  0.7419747262557113 13.156011925556687 pid150d
12.27046000147981  2.3019599935138926 16.874379988507595 pid14fa
12.415358592102388  0.6710098145309085 13.757378221164204 pid1501
15.582436667152756  0.9779924774032726 17.5384216219593 pid1573
16.094882964297994  1.3116999644830216 18.71828289326404 pid1577
17.277862280726218  2.075269034188043 21.428400349102304 pid1535
17.430801825237687  2.1603162073031483 21.751434239843984 pid14fe
17.724052470235097  1.399933644657679 20.523919759550456 pid151b
18.40313593233023  2.4958118062555523 23.394759544841335 pid14ef
19.421238847757248  1.155971293145771 21.73318143404879 pid1552
20.22910893311166  1.7907967546439285 23.810702442399517 pid1519
21.55710959358741  2.674102659326499 26.905314912240406 pid1530
21.88317372764751  2.686110387374844 27.2553945023972 pid1569
23.266989212184587  2.9980511510096606 29.263091514203907 pid1505
23.379357120194445  2.7870511327685406 28.953459385731527 pid154e
23.862959168507402  2.668221217691047 29.199401603889495 pid154a
24.20880986261321  2.8338860356392948 29.8765819338918 pid1568
26.310747171666982  2.1652574472008057 30.64126206606859 pid1540
26.61817255170901  1.3999172043279884 29.418006960364984 pid152c
27.848228150773323  1.2908703240339015 30.429968798841127 pid1551
28.383112897352735  2.9438983350294365 34.27090956741161 pid151d
30.078074614580565  2.2275196554085452 34.53311392539766 pid14eb
30.28427912984436  0.9820921911347997 32.24846351211396 pid1514
30.325092739796887  1.0461013520295535 32.41729544385599 pid1503
30.935068229146424  0.802228570608515 32.53952537036346 pid1559
31.004351671092635  1.9876052760469562 34.97956222318655 pid1571
31.376307165903416  1.7444877795118838 34.865282724927184 pid14f4
32.073378330632266  2.358689496122843 36.79075732287795 pid154b
32.64270702973895  1.1724095975170092 34.98752622477297 pid1555
33.19706614512532  1.6356216857765622 36.468309516678445 pid14f6
33.66927401055138  1.0866584913186297 35.842590993188644 pid1532
33.82777094194858  1.5039613627450912 36.83569366743876 pid1529
33.843204240040016  1.6919075836155275 37.22701940727107 pid1515
35.06212159499281  1.0590471177034337 37.180215830399675 pid155b
36.01079551612756  0.685253187871736 37.38130189187103 pid150e
37.39750010444312  2.679261213164116 42.75602253077135 pid1570
37.44319302210304  1.6370543105227067 40.71730164314845 pid153a
37.57668263227588  1.468230910882748 40.51314445404138 pid1544
37.58128108672521  1.45472922179068 40.49073953030657 pid14e7
38.55227248720734  1.038129469158875 40.62853142552509 pid1542
38.6352565438878  1.2509440062554011 41.1371445563986 pid1522
40.13081475094614  0.863342447020268 41.85749964498668 pid14f0
40.779493227887755  2.0609794489592685 44.901452125806294 pid1567
41.86291537136753  2.3757244705420564 46.61436431245164 pid1561
42.22322654868622  0.8263283028172783 43.875883154320775 pid1557
42.76330029044482  0.9456349144078261 44.65457011926047 pid153c
43.13716631650648  0.9587099050411068 45.054586126588696 pid1546
43.384134310773135  0.8977722596004146 45.179678829973966 pid152d
43.385084207160396  2.299110162396791 47.983304531953976 pid1512
44.315908789622405  1.5936366187220892 47.503182027066586 pid1579
44.40542901567315  0.48817618941471425 45.381781394502575 pid155d
46.36362069304688  1.8267831846897433 50.01718706242637 pid1537
47.03195320590934  1.5500820335913659 50.13211727309207 pid1526
47.57897408823381  1.5912147161370047 50.76140352050781 pid1572
48.55302716509276  2.6755061385691126 53.90403944223098 pid151a
48.78014602288242  1.475373579505875 51.73089318189417 pid1576
49.694953878527734  2.55050066812605 54.79595521477984 pid1560
50.02342009038054  1.1287577718223294 52.2809356340252 pid157b
50.869268515633905  0.44637082753830637 51.76201017071052 pid1507
51.55304993829579  2.26873460873041 56.09051915575661 pid156a
52.73113407562215  0.6250177044782981 53.98116948457875 pid1517
53.38616433735446  1.9751472303913462 57.33645879813715 pid1575
53.84507714922645  1.9977654776661486 57.84060810455875 pid1574
54.330656373824304  0.44908705759277756 55.22883048900986 pid1536
54.376208026325465  2.3711500641703283 59.118508154666124 pid153f
54.62174068530516  1.6166873737456275 57.85511543279642 pid14f1
55.37095499958077  0.5289354606836423 56.42882592094805 pid1504
56.708676285429014  0.7070954189332175 58.12286712329545 pid1500
57.41042452150711  0.46845994155282256 58.347344404612755 pid156e
57.499695030371676  1.275636877639959 60.05096878565159 pid1502
58.70972413235496  1.4340275780192138 61.57777928839339 pid151c
59.2479381174429  2.6656062637346727 64.57915064491225 pid156c
59.91079288661211  2.3019197541747163 64.51463239496154 pid1562
60.675392443965116  0.825151517332577 62.32569547863027 pid1511
61.407252972502704  2.0051678114216114 65.41758859534593 pid1523
61.83043428935214  0.4999520584794596 62.83033840631106 pid156f
62.60643522511952  0.8505811944776485 64.30759761407482 pid153e
64.80021538822714  1.251189583530493 67.30259455528812 pid14ec
66.5158773523661  1.4204744377418295 69.35682622784977 pid14ea
66.8459129135439  0.5957774972428987 68.0374679080297 pid150a
66.91571222798896  0.825796552518089 68.56730533302515 pid14ff
67.97288844512302  1.7942019587509588 71.56129236262494 pid153b
68.73937586432024  1.4687596739089694 71.67689521213818 pid155a
69.06992316544077  1.7150369467548412 72.49999705895046 pid1563
69.08120806855406  1.992402051899873 73.06601217235381 pid1541
69.49551532992733  1.9988426820768184 73.49320069408097 pid1548
69.83237277046801  1.574739106485981 72.98185098343997 pid150c
70.62974479146172  1.6568759919151903 73.9434967752921 pid1508
70.79589733588897  0.5916566172735582 71.97921057043608 pid157a
71.1152007355969  0.9978928833721662 73.11098650234123 pid1524
71.18101121654149  1.4971777815053304 74.17536677955215 pid14fc
71.3019329988055  0.7163931898647806 72.73471937853506 pid154c
71.36236153473725  1.4549022196793073 74.27216597409586 pid1549
71.78622588226101  2.0799893262363747 75.94620453473375 pid14fd
72.38076254368573  1.9061442186740871 76.1930509810339 pid14f3
72.78096717405016  1.8700011941262162 76.5209695623026 pid1528
73.12327008116425  1.1512202216326664 75.42571052442958 pid14e8
73.59204040048192  2.9422984412822193 79.47663728304636 pid155f
75.931294266396  0.5948896547319904 77.12107357585998 pid156d
76.15897715755153  1.2001864662867119 78.55935009012495 pid1525
76.4415442566339  0.4820942183262524 77.40573269328641 pid154f
76.69884967653789  1.7592985523937723 80.21744678132544 pid1553
77.82822307033499  1.4351369696349834 80.69849700960495 pid1578
78.0964903599308  0.5209522401966877 79.13839484032417 pid14e9
78.15770543156982  2.525873106975539 83.2094516455209 pid1538
78.49690806998962  0.62587534951807 79.74865876902575 pid155e
79.72141443853594  1.9487907162544094 83.61899587104476 pid150b
80.47571090588964  1.0643074756264814 82.6043258571426 pid156b
82.13860904289353  2.4604617291435087 87.05953250118056 pid1566
83.86279082635124  1.0713741903512473 86.00553920705374 pid1539
84.30329580175923  0.47803605827967055 85.25936791831857 pid153d
85.36661084786057  0.9879648501429845 87.34254054814654 pid1520
86.60818980084157  0.7188813830331715 88.04595256690791 pid1527
86.66234789969862  2.12254790178029 90.90744370325919 pid1564
86.77600763998602  0.5406273788735854 87.8572623977332 pid14f8
87.80808513271685  1.603131840853437 91.01434881442373 pid1531
87.86271668619689  0.42555896153073647 88.71383460925836 pid1534
88.42188423632707  1.6497782093733258 91.72144065507372 pid14fb
89.06912960531848  2.1165431666412218 93.30221593860092 pid1565
90.48749674794126  2.11298367668051 94.71346410130228 pid150f
91.51450737903538  1.5723023221339893 94.65911202330335 pid1513
93.63390213011697  1.3373563732599898 96.30861487663694 pid1556
94.22354594518295  2.5715348601341375 99.36661566545122 pid14f5
94.45042717680533  1.523278827582085 97.4969848319695 pid14f9
94.51818853440336  2.615435954563904 99.74906044353118 pid1516
94.78713653298621  2.045066841177814 98.87727021534184 pid1521
95.41513068549833  1.4802112509334635 98.37555318736526 pid1547
96.06096528868264  0.5065997741102307 97.0741648369031 pid14ed
96.75292536983561  2.265958904779015 101.28484317939363 pid151f
97.85449512795591  2.4403014568744847 102.73509804170489 pid151e
98.78032126209297  0.6089770392236611 99.99827534054029 pid14f2
99.75665902352353  1.8279401310274852 103.41253928557849 pid1550
