0.12076175360063446  1.2768351648211789 80.12076175360063 pid4174
0.7592095962051015  1.0548343454232851 80.7592095962051 pid413e
0.890048760923734  1.6820660966960772 80.89004876092373 pid4131
1.5570459983895557  0.5504034537261033 81.55704599838955 pid409a
1.9299960756150536  1.1161511992167732 81.92999607561505 pid410a
2.016040103995259  1.3232707673054516 82.01604010399527 pid4192
2.0185042675728457  0.8554870515499666 82.01850426757285 pid4085
2.1223602597955415  1.1009646280443584 82.12236025979554 pid40bf
3.1012323049901425  1.3278013878562631 83.10123230499015 pid4058
3.26250651628307  0.9085409061449377 83.26250651628307 pid412f
3.271506658402412  0.5256810139914568 83.27150665840242 pid4169
3.4369217208098046  0.6884416600139415 83.4369217208098 pid4053
3.6229350528906465  1.7428405977829882 83.62293505289065 pid4072
3.801864170656888  1.684327307232409 83.80186417065688 pid41f0
4.144195952241936  0.8077034443157197 84.14419595224193 pid409b
4.174125862959388  0.6974021884362754 84.17412586295939 pid408a
4.230331719716579  0.7465041467619506 84.23033171971657 pid4071
4.664721418840928  0.8331451458035599 84.66472141884093 pid40b6
5.614707527713208  1.7957625088060922 85.61470752771321 pid41e5
5.620765980260317  0.7809471391661832 85.62076598026032 pid40fe
6.019059777309082  1.0434980928969102 86.01905977730908 pid40c0
6.9328026880193345  1.953136350652428 86.93280268801934 pid41a5
8.42020475200727  1.2135260379758792 88.42020475200727 pid40ae
9.035932803316394  1.6550414472166084 89.0359328033164 pid408d
9.098303350120323  1.6690454989334689 89.09830335012032 pid414b
9.19670282547128  1.935352311196071 89.19670282547128 pid41aa
9.211771195204404  0.6077188299099916 89.2117711952044 pid406d
9.371224233551366  1.4975310037689766 89.37122423355137 pid40c5
9.374165572944266  1.0397156670527767 89.37416557294426 pid40d3
9.526935583705715  0.555530468082247 89.52693558370572 pid405a
9.881220891324515  0.7554500333150286 89.88122089132452 pid4168
10.262509134506704  1.0879467259476168 90.2625091345067 pid41b9
10.4185882612284  1.5864834257669533 90.4185882612284 pid41be
10.597852636480132  0.993604523057194 90.59785263648013 pid4136
10.859056268949763  1.5043824321692003 90.85905626894976 pid4092
11.426949373055468  0.6251042862985492 91.42694937305546 pid4194
11.817275058024185  1.0846703301273775 91.81727505802418 pid41de
11.952947132151603  1.1837631185236694 91.9529471321516 pid40e7
12.424788667107995  0.8715270270546498 92.42478866710799 pid41a0
12.517667131418875  0.9519663841684944 92.51766713141888 pid4056
12.839017529936282  1.1810362402247307 92.83901752993629 pid4099
12.880207680582028  1.011668955764178 92.88020768058203 pid4109
12.927548210914585  0.6192903235921172 92.92754821091458 pid40cd
13.156677023101238  1.8262822028138022 93.15667702310124 pid40df
14.072375107923834  0.5153498910534682 94.07237510792383 pid4061
14.70560422237991  0.8913353327220848 94.7056042223799 pid4122
14.84099105225326  1.0069414010004143 94.84099105225326 pid4075
14.894181158108982  0.5450902265369915 94.89418115810898 pid40c6
14.918828852450734  1.4523288265053682 94.91882885245073 pid411e
15.309505224005338  1.0891237783337058 95.30950522400533 pid4193
15.408455300373374  0.5437078507605861 95.40845530037338 pid4153
15.545244526087732  0.6433794698656219 95.54524452608773 pid4078
16.06803394161825  1.123335589412796 96.06803394161825 pid4150
16.600696587468143  1.0124935149980379 96.60069658746815 pid41d4
16.97958542104408  1.4725538581334257 96.97958542104408 pid40be
17.368621357831227  0.7100653936868847 97.36862135783123 pid41e0
17.549785974552552  0.7444625180390883 97.54978597455255 pid41f5
17.588328324468026  1.0491216632475624 97.58832832446802 pid415d
18.34425140242325  0.83533111265702 98.34425140242325 pid40e3
18.390787936844493  0.8337841330340885 98.39078793684449 pid41c0
18.66399337799321  1.3247407768219124 98.66399337799321 pid40db
19.11667872308004  1.3205164484107066 99.11667872308004 pid40d1
19.12908171257644  1.4967927759967399 99.12908171257644 pid411f
20.16081049812261  1.8036692665609242 100.16081049812261 pid414c
20.797451622890158  0.6615652686762823 100.79745162289015 pid4163
21.971912789036256  1.1720887746216204 101.97191278903625 pid4106
22.02787356964947  1.6126652066128664 102.02787356964947 pid41e9
23.289201541686598  0.7586540789276824 103.2892015416866 pid4080
23.422739974065188  1.8311809694517422 103.4227399740652 pid40d8
23.563214438955132  1.431991526164982 103.56321443895513 pid41dc
23.645819355963756  0.7757642992518654 103.64581935596375 pid414f
24.019438090006336  1.8664960388441276 104.01943809000633 pid41cb
25.01051379431742  1.8930119352249217 105.01051379431742 pid4117
25.02560956149882  0.6430490900903323 105.02560956149881 pid4093
25.264278852341178  0.6733619090398651 105.26427885234118 pid4128
25.653503853475584  1.566536964651764 105.65350385347558 pid410d
25.72720458045707  0.8715076380558159 105.72720458045707 pid406b
28.86070385706893  1.9376438705248957 108.86070385706893 pid404b
28.953299917094988  1.1219410012405167 108.953299917095 pid4203
29.222378770821933  0.9830260964504144 109.22237877082193 pid40c4
29.375062194421293  1.3927635641866873 109.37506219442129 pid41f2
29.530520150002147  0.6231071601843219 109.53052015000215 pid4195
29.88121096180114  0.8202370300363844 109.88121096180114 pid40ac
30.106367407026607  0.820316624662508 110.10636740702661 pid40d5
30.80832842279875  1.1034515897558077 110.80832842279875 pid4107
31.09326079299681  1.5402313635590685 111.0932607929968 pid40b9
31.15614609109203  1.4245856231997824 111.15614609109203 pid404c
31.25957904742236  1.4555426139070147 111.25957904742236 pid40aa
31.490693216387573  0.5187558463196016 111.49069321638757 pid415f
32.292161719730046  0.5246470779314678 112.29216171973005 pid4142
32.56058483576125  1.8424705271753767 112.56058483576125 pid40e1
33.03927686317037  1.7643793889558816 113.03927686317037 pid41c6
33.68542922563131  1.5852320962117363 113.68542922563131 pid410c
33.90088728686493  1.2053586157613454 113.90088728686493 pid411c
34.00838978249227  1.0741778054426911 114.00838978249227 pid4055
35.41706917362329  1.721958899490434 115.41706917362329 pid41a2
35.47054661909103  0.5445367801285669 115.47054661909104 pid4102
35.47474469272452  1.7909835207760108 115.47474469272453 pid4167
35.794863062847256  1.5937038688251026 115.79486306284726 pid4161
35.83184501259162  0.6540452072115699 115.83184501259163 pid40b0
36.04155850467319  0.5218546394210546 116.04155850467319 pid4082
36.11224743062073  1.0527007742778949 116.11224743062073 pid41e8
36.18189037396557  1.2212700430173653 116.18189037396557 pid41d7
36.22265165752909  1.6210084935592126 116.2226516575291 pid4134
36.306684294424876  1.9029676575592622 116.30668429442488 pid41fc
36.348020085832125  0.7977339681279959 116.34802008583213 pid415c
36.966086502467135  0.9459092935235353 116.96608650246714 pid41fb
37.007001318409934  1.8774614331290662 117.00700131840993 pid4094
37.05700428873207  1.0795298845045613 117.05700428873206 pid411b
37.83971955968772  1.029694195336896 117.83971955968772 pid4112
38.115924017699136  0.716205408417094 118.11592401769914 pid416e
38.51519968824814  0.9528489952116697 118.51519968824815 pid4125
38.7613337520081  1.2386384674048423 118.7613337520081 pid414d
38.90927468756768  0.6349452421864088 118.90927468756769 pid4067
38.919180307736326  1.2872109186275258 118.91918030773633 pid41ae
38.98535024172431  1.7485003389449927 118.98535024172432 pid409d
40.12773290234898  0.8210858641537351 120.12773290234898 pid4074
40.43747321402202  1.9468606341001282 120.43747321402202 pid41f6
41.00735404049248  1.1834495284957005 121.00735404049249 pid4196
41.77506607447036  1.8370801299162196 121.77506607447036 pid419c
41.88267828052744  1.7539788289452676 121.88267828052744 pid4159
41.95804996037008  1.6832564702661672 121.95804996037009 pid40cc
42.04996232987  1.6750118690301448 122.04996232987 pid4144
43.797669017064486  0.6661162432031627 123.79766901706449 pid4042
44.43511063135849  1.5650646272202333 124.4351106313585 pid40ed
44.8432302714678  0.7146481726551641 124.8432302714678 pid404d
45.10482414307953  1.382195720278058 125.10482414307953 pid4057
45.11389928116505  1.6384720084226898 125.11389928116505 pid41db
46.30219805666619  1.6304530249675118 126.30219805666619 pid41ba
46.67596376250629  0.6655687232063854 126.67596376250629 pid40c1
46.72768495960297  1.7593576635460397 126.72768495960297 pid40b4
47.093492122187214  1.763749274258862 127.09349212218721 pid419b
47.56017611913215  1.9398140026328652 127.56017611913215 pid4188
48.32578080775299  1.0883500568782707 128.325780807753 pid41c8
48.96337827292177  1.0614497780407801 128.96337827292177 pid4065
49.88767438174575  0.7945498055184473 129.88767438174574 pid417b
49.99881642664025  1.6637610386633823 129.99881642664025 pid40f6
50.60523434760406  1.7594068024124583 130.60523434760407 pid4108
50.808001726623715  1.7340841930337099 130.80800172662373 pid4166
50.91968370064347  1.047369383912479 130.91968370064347 pid41ff
51.226827468298225  0.5377009481086528 131.2268274682982 pid40fb
51.39707892647306  1.5966018847156238 131.39707892647306 pid40a1
51.628283119883015  1.3660181048826985 131.628283119883 pid40d9
51.72730652982385  1.534587142447081 131.72730652982386 pid4175
52.019756832279406  1.724571045772187 132.0197568322794 pid405e
52.29213920083314  1.2554667845579106 132.29213920083313 pid4054
52.32585082552318  0.524795105597912 132.3258508255232 pid405d
52.76148925366845  1.760674028012888 132.76148925366846 pid406c
53.075186446387946  0.7600050255537136 133.07518644638793 pid40f2
53.815853014918105  0.722631137057915 133.8158530149181 pid41d5
54.266282241451336  0.7410773990367905 134.26628224145134 pid4101
54.35321877037095  1.1116856176139855 134.35321877037094 pid404e
54.44470332088381  1.3526703956239725 134.4447033208838 pid406a
54.91100899570928  1.0248344846020094 134.91100899570927 pid41a4
55.534539686949216  1.3415480900147985 135.53453968694922 pid41a3
55.5452654484043  1.1028555489664806 135.5452654484043 pid40e5
55.62277118063651  1.6729303147746342 135.6227711806365 pid412e
55.784337959818075  1.9288394005357699 135.78433795981806 pid41ca
56.16559008340483  1.748777827938173 136.16559008340482 pid41b5
56.51598923919601  1.4245026225694555 136.51598923919602 pid4149
56.546324881483024  1.8209337498915956 136.54632488148303 pid41ad
57.15982617243957  0.9681503700167416 137.15982617243958 pid4119
57.24647691907258  1.6014068377070427 137.24647691907256 pid4197
57.38596059192438  1.6402910566701432 137.38596059192437 pid4114
57.62332824363256  1.0686663626999973 137.62332824363256 pid4145
58.085193141842815  1.8114753265982906 138.0851931418428 pid41bd
58.3235950927694  1.1474915901121556 138.3235950927694 pid41ab
59.364679987380555  1.9839662550025579 139.36467998738055 pid418f
59.61619410462298  1.22825485246699 139.616194104623 pid41e7
59.834079050805634  1.6078994192673348 139.83407905080563 pid4076
60.00465446028689  1.9988354979352865 140.0046544602869 pid408b
60.645538866153345  1.5381018146014243 140.64553886615334 pid41ea
60.73968767367823  1.4867159430803043 140.73968767367825 pid4084
60.7553193712499  0.5046759975526601 140.7553193712499 pid4096
61.21973925580337  0.5691122880595447 141.21973925580338 pid40e6
62.1753970620528  1.7253500391786307 142.1753970620528 pid418e
63.27061413288014  1.0294455428466627 143.27061413288016 pid4185
63.34782558219099  0.6300094303647741 143.34782558219098 pid418a
63.53124983521304  1.533561484294597 143.53124983521303 pid41c7
64.48628221161876  1.61889111980713 144.48628221161874 pid40e8
64.64395157223892  0.924007690946115 144.6439515722389 pid4098
64.72220250427186  0.9917522751799095 144.72220250427188 pid40bb
65.65951433738859  1.0929740383819482 145.6595143373886 pid4187
65.66896000027064  0.9421415167765719 145.66896000027066 pid4120
65.82002404227964  1.2862718989860975 145.82002404227964 pid41d1
66.21068753001288  1.1601666841859346 146.21068753001288 pid418d
66.33732633337101  1.961724331315191 146.337326333371 pid41ce
66.85541910313712  1.518753588318222 146.85541910313714 pid407c
67.26311912214462  1.7297761052038323 147.26311912214462 pid4171
67.3176592230748  1.6110555762261225 147.3176592230748 pid40ba
67.52357773079056  1.856267350732324 147.52357773079058 pid416a
67.56294875606994  1.1399420171984038 147.56294875606994 pid41c1
67.95764177334738  1.8832860658344368 147.95764177334738 pid4147
68.78297420640386  0.8040140959702119 148.78297420640388 pid4199
68.95311909904076  1.588596954539077 148.95311909904075 pid4140
68.9975444002917  0.8874744935709494 148.9975444002917 pid40b3
69.52131189854119  1.5108703474900347 149.52131189854117 pid41c9
69.84159639572042  1.0796922632452264 149.84159639572042 pid4151
70.38651022204382  0.5375304384993111 150.38651022204382 pid40b5
70.72741623857499  0.6597305165700094 150.727416238575 pid409f
70.82521875208315  0.7649220161132113 150.82521875208315 pid41b8
71.33958595219615  0.9602120180105842 151.33958595219616 pid4160
71.85688052414685  1.6496965547120832 151.85688052414685 pid41cc
72.17725633275455  0.8910408434434067 152.17725633275455 pid40f1
72.45573874830897  1.4883105525094262 152.455738748309 pid40d2
72.91603822308893  0.5696659790775458 152.91603822308895 pid41b6
74.56363181842565  0.5564787566743903 154.56363181842565 pid4148
74.77516410094941  1.9921833732170662 154.7751641009494 pid40d7
75.01944430340383  1.4372504112178617 155.01944430340382 pid40ce
75.26203772569663  1.0899548436572581 155.26203772569664 pid40a0
75.48275404917602  0.9377010982606265 155.48275404917604 pid4201
75.50471214747483  1.8520281621789951 155.50471214747483 pid4133
76.01342774103233  0.8485293680368606 156.01342774103233 pid409c
76.19892600665543  1.0028241812650962 156.19892600665543 pid417f
76.33966603127651  0.8049939081266013 156.33966603127652 pid4130
76.39742034938305  1.5351880458707863 156.39742034938305 pid40c8
76.81036809379799  1.4779135179794372 156.810368093798 pid415e
76.920679495346  1.2179983019821587 156.920679495346 pid41da
77.21490242062356  1.1865799318772663 157.21490242062356 pid41f1
77.30011857642673  1.0793066172444523 157.3001185764267 pid4048
77.42047149999459  0.9677546206465706 157.4204714999946 pid413d
77.63068499867877  0.5629944336741772 157.63068499867876 pid40b8
77.99398407060434  0.5840832858954507 157.99398407060434 pid40e4
78.29022854034883  0.5092532018564639 158.29022854034883 pid41fa
78.3486583747901  1.001068255650415 158.3486583747901 pid41c4
78.37833098613167  1.3999768690835397 158.3783309861317 pid4113
78.68590044025508  1.041637689035408 158.68590044025507 pid40c3
78.77112336918277  0.7813127120028971 158.77112336918276 pid40ef
78.8031406350952  0.636242534936944 158.8031406350952 pid4177
79.0708454321481  0.601600064727885 159.0708454321481 pid412a
79.30451734092733  0.7539435270473862 159.30451734092733 pid4164
79.87031172196171  1.8029967773437603 159.8703117219617 pid407e
80.15810059210727  1.1294769172845296 160.15810059210727 pid4073
80.42485601870116  1.3501948348225916 160.42485601870118 pid4139
80.50916135395903  1.267119490048573 160.50916135395903 pid40d0
80.66351329086275  1.6262346527864127 160.66351329086274 pid4070
80.67102953757428  0.9130044751709053 160.67102953757427 pid417a
81.08681444871326  1.228008866607763 161.08681444871326 pid4100
81.12017068408784  1.576374691003394 161.12017068408784 pid416f
81.46256656907427  1.9054240118730972 161.46256656907428 pid40af
81.48675456729127  1.5677185672629215 161.48675456729126 pid4157
81.73273347259676  1.7492730491075164 161.73273347259675 pid4043
81.77725585066281  1.450972481039824 161.7772558506628 pid40ec
82.30051932329884  1.2580695896140086 162.30051932329883 pid40a3
82.39560946540229  1.0147298864598233 162.3956094654023 pid4089
82.94750911748704  1.903442583349739 162.94750911748704 pid41fd
82.96094320011603  0.9099288773620994 162.96094320011605 pid40cf
83.2156908577542  1.3450897132301356 163.2156908577542 pid4165
83.44050831534985  0.9805687300372575 163.44050831534986 pid412b
83.78037836795703  1.7484700314019155 163.78037836795704 pid41d0
83.89771297636959  1.8208592732934155 163.89771297636958 pid4186
84.31486634561824  1.353687355001167 164.31486634561824 pid4115
84.40104455781942  1.9527795168001296 164.40104455781943 pid41d3
84.42859901321152  1.4514048154027916 164.4285990132115 pid4158
85.29102613101082  1.265533219470448 165.29102613101082 pid419d
85.31472702562455  1.7303955697307325 165.31472702562456 pid411a
85.41178642339672  1.2690289426809116 165.41178642339673 pid41cf
85.42796231391817  1.8149903073972407 165.42796231391816 pid41e1
85.47065753406693  0.8412712483688474 165.47065753406693 pid4086
85.47489485963948  1.0251826411182103 165.47489485963948 pid4143
86.03286345010432  1.9277434711571084 166.03286345010432 pid40a6
86.37424559692775  0.8375521437741775 166.37424559692775 pid407b
86.40338269543412  1.6179730388921263 166.40338269543412 pid40ad
86.62119114787434  1.5889351046988904 166.62119114787436 pid413a
86.74689627204432  1.3389582933535296 166.74689627204432 pid4047
87.079406030247  1.274730244748885 167.07940603024701 pid4049
87.16625450519072  0.7138727166891763 167.16625450519072 pid41ef
87.38165479488151  0.9989228497600513 167.3816547948815 pid407f
87.39635325736236  0.6643525433669151 167.39635325736236 pid40e9
87.55154904214649  1.5552860906958923 167.5515490421465 pid4091
87.55657436259759  1.3291174671213657 167.5565743625976 pid40c2
87.565205362962  1.0418687288574455 167.565205362962 pid4064
87.70101916823792  0.643432408884689 167.7010191682379 pid41f3
88.05930779855687  1.438750362544826 168.05930779855686 pid40a4
88.12814726932358  1.3850974724075855 168.12814726932356 pid4103
88.58772730756564  1.422219242113155 168.58772730756564 pid4097
88.5948524013488  1.9792339161737487 168.59485240134882 pid405f
89.54766286816802  1.497798217545403 169.547662868168 pid4132
90.70896022311543  1.8901380157085983 170.7089602231154 pid4083
90.76643577792056  0.6000933589534938 170.76643577792055 pid40eb
90.87066658627589  1.020371322712704 170.8706665862759 pid405b
90.92777008437571  1.3149343754295029 170.9277700843757 pid40b7
91.71681721229105  0.8176624861763032 171.71681721229106 pid4146
91.75749747762218  1.5575545491035863 171.75749747762217 pid40c9
91.89348412091698  0.7578232414802044 171.89348412091698 pid4104
92.17478153979741  1.0659572902233843 172.1747815397974 pid415b
94.76382335977233  1.6549633894171352 174.76382335977235 pid41df
94.901531683423  1.9437662665942366 174.901531683423 pid4081
95.50064403918294  0.891721840632919 175.50064403918293 pid4138
95.60682478989368  1.556489396765878 175.60682478989366 pid419a
95.6819397302212  1.4667654793953377 175.6819397302212 pid40a5
95.68686809652463  0.9783868423651381 175.68686809652462 pid40f4
95.91096923293695  1.0258852162762486 175.91096923293696 pid4182
96.4021552384856  1.02225518970832 176.4021552384856 pid406e
96.44623446081998  1.9646089941915825 176.44623446082 pid4087
97.63260767329933  1.125351913738579 177.63260767329933 pid40cb
97.87457312074686  1.7067077969869762 177.87457312074685 pid41b0
98.12645929092811  1.9106655215087067 178.1264592909281 pid418b
98.14301036336627  1.0567952809977372 178.14301036336627 pid414a
98.41933709443414  1.536903988974759 178.41933709443413 pid41e4
98.55241769704674  1.3044490380889595 178.55241769704674 pid40b1
99.64707631013222  1.1786675890735867 179.6470763101322 pid41ac
100.59975995173487  0.8024338467346888 180.59975995173488 pid40ca
100.77198725106537  0.879700297462213 180.77198725106535 pid4180
101.24881371926875  0.5625468985811967 181.24881371926875 pid4095
101.38395635201022  1.012731628728781 181.38395635201022 pid41d9
101.73527902711861  0.9822566127195261 181.73527902711862 pid41b4
102.15216582372896  1.0344760817710212 182.15216582372898 pid4066
102.60726220660924  0.7582407027164092 182.60726220660922 pid40bd
102.66222093089972  1.5113638698772167 182.6622209308997 pid40e0
103.06672930864202  1.090733727406742 183.06672930864204 pid4051
103.29350258656984  0.8663202697304848 183.29350258656984 pid40fd
103.34928911649027  1.9394044043798249 183.34928911649027 pid413c
103.47974740505211  1.4879626224865885 183.4797474050521 pid407d
103.8894579812749  1.3573938139712471 183.88945798127492 pid404f
105.08883396345588  1.3190011261028713 185.0888339634559 pid4121
105.15897592528424  0.6830778085224212 185.15897592528424 pid4079
105.1723298393813  1.9857721812418792 185.1723298393813 pid410f
105.40252349786498  0.7882733515010554 185.402523497865 pid405c
105.45008741445179  1.5282428823362246 185.4500874144518 pid4190
105.62697147188625  1.535743237240451 185.62697147188624 pid4068
105.98457681604259  1.1676102508028692 185.9845768160426 pid411d
106.66764014240471  0.8279701474431183 186.6676401424047 pid40a9
106.80060280177659  0.9219971152233143 186.8006028017766 pid40b2
106.8057844355261  1.9702175594335343 186.8057844355261 pid404a
107.25170907502923  0.6796447148582125 187.25170907502923 pid41b7
107.37629294646668  1.494396996579677 187.37629294646666 pid408c
107.59352364581919  1.3447039711123736 187.59352364581918 pid41f9
107.89281621244606  1.314087133805363 187.89281621244606 pid412c
108.2080354141523  0.6255646484225683 188.2080354141523 pid40ff
109.03255161795637  0.8396989272863695 189.03255161795636 pid41d8
109.11797257704318  1.0729379672111397 189.1179725770432 pid4063
109.59737514445733  0.7045903401112359 189.59737514445732 pid41c2
109.71015108769016  1.377480972838083 189.71015108769018 pid408e
109.93493602966002  1.5679216584503926 189.93493602966004 pid413f
110.25285769241722  1.5631547491392892 190.25285769241722 pid410b
110.56081914190621  1.3019004092302102 190.56081914190622 pid41e2
110.65589221177235  0.9628870392165783 190.65589221177237 pid41b1
110.77881792389367  1.2355536658637243 190.77881792389366 pid41a1
110.86894328970509  0.8913672991809123 190.8689432897051 pid4162
110.8944808616559  0.7609877102412129 190.8944808616559 pid41b2
110.99066154279181  1.9719536585910384 190.99066154279183 pid41a7
111.13995624592555  1.48989832008206 191.13995624592553 pid4183
111.67956205664203  0.5599124523580816 191.67956205664203 pid410e
111.7313519323389  0.598891241038077 191.7313519323389 pid40a8
111.75737238553319  0.7871188436379719 191.7573723855332 pid4129
111.7583785287826  1.2253730411906987 191.7583785287826 pid4050
112.04295137332988  1.7110612150645061 192.04295137332988 pid41b3
112.10295585923042  0.7178477075683916 192.1029558592304 pid416b
112.1044315227971  1.8280175125228644 192.10443152279709 pid4060
112.25297783620888  1.196198523748464 192.25297783620888 pid406f
112.31562676894494  1.5832053764183842 192.31562676894492 pid40f0
113.21681401929038  0.7267657061385893 193.21681401929038 pid4044
113.36612706671731  1.6770256405654036 193.3661270667173 pid417e
113.91168417901831  1.8146007420295953 193.91168417901832 pid40a7
114.48539914510543  1.2172564781243027 194.48539914510542 pid40f3
114.56679340905389  0.7222691422910632 194.5667934090539 pid4077
114.89952659111079  0.7783225632335096 194.89952659111077 pid41fe
115.07023789694902  1.673113445382272 195.07023789694904 pid4178
115.0970744739606  1.9529749802089242 195.09707447396062 pid40e2
115.62719599753815  1.2786700226830252 195.62719599753814 pid41af
116.00800383753281  1.1026747186642785 196.0080038375328 pid40fa
116.2202189454586  1.211096320922475 196.2202189454586 pid4179
117.03318080681326  1.8455144873973017 197.03318080681328 pid419e
117.32213863247546  1.8137169084088134 197.32213863247546 pid4170
117.99599448490999  1.9521985105781412 197.99599448491 pid4090
118.77023856402364  0.6390741855033568 198.77023856402366 pid4155
119.21161751728985  1.572821663851014 199.21161751728985 pid40d6
119.97960642280657  1.291373429096102 199.97960642280657 pid40dd
120.23553178783973  1.1017002152227313 200.23553178783973 pid40ab
120.5942363168445  0.9573005891696451 200.5942363168445 pid40a2
121.39684845292976  1.9659014615942498 201.39684845292976 pid41eb
121.48945088479977  1.3300650254278605 201.48945088479977 pid416c
121.88200937258452  1.7433832903371003 201.88200937258452 pid4124
122.00264409253414  1.6170039506421268 202.00264409253413 pid4202
122.24703051787937  1.8107831108781254 202.24703051787935 pid41a6
122.54713424864377  0.5796703866600061 202.54713424864377 pid40da
123.0156691990712  0.6323522614146944 203.0156691990712 pid41f7
123.33303442920163  0.5209719457134774 203.33303442920163 pid40fc
123.44424207039249  0.7088886768611353 203.44424207039248 pid4046
123.49666670041044  0.8984159137892282 203.49666670041046 pid41a9
123.6458029662994  0.813093449833378 203.6458029662994 pid40f5
124.30239876404904  0.9444184778429316 204.30239876404903 pid4152
124.30820939358868  1.5520455698414952 204.3082093935887 pid415a
124.35025463841608  1.661341129907629 204.35025463841606 pid4200
124.51653188200319  0.8296054862009375 204.5165318820032 pid41f8
124.59482091139841  0.9455379036686651 204.59482091139841 pid414e
125.63677629335047  1.2574334849354294 205.63677629335047 pid4118
125.69622416643385  1.3399026679071047 205.69622416643386 pid41bb
126.23887746250871  0.8398153628804473 206.2388774625087 pid409e
126.40377446668263  0.6864788443021242 206.40377446668265 pid4111
127.4337663887152  1.7264908693373093 207.43376638871518 pid40f7
127.80493002088875  0.9511907360020692 207.80493002088875 pid418c
127.9510621823328  0.5102179622595326 207.9510621823328 pid4123
127.95150652889737  0.7263985259969818 207.95150652889737 pid41ee
127.97441387219791  1.9725193508658758 207.9744138721979 pid41ed
128.88011886040704  1.4606238931149271 208.88011886040704 pid4059
128.98479252513744  1.441796312531332 208.98479252513744 pid4154
129.51174770208954  1.7305895285390935 209.51174770208954 pid41c3
129.8841063170005  0.7022618553027762 209.8841063170005 pid4198
130.12883626386176  1.9352288522139625 210.12883626386176 pid4062
131.091972428579  1.2995700164383124 211.091972428579 pid4141
131.59782080706094  0.9946519751443995 211.59782080706094 pid4126
131.78229141599104  1.6258119587819664 211.78229141599104 pid417d
132.09599454861672  0.5359397933354537 212.09599454861672 pid4088
132.44684132606005  1.9508887004085296 212.44684132606005 pid40bc
132.68718145496297  1.569254944851041 212.68718145496297 pid419f
133.26396877078548  0.7989335422215136 213.26396877078548 pid41ec
133.37173205153186  1.7052492456482335 213.37173205153186 pid40f9
134.08754328352347  0.63752456140636 214.08754328352347 pid4069
134.3918668739071  0.9125119466483235 214.3918668739071 pid4105
134.85962531611682  0.7217890768378241 214.85962531611682 pid4181
135.17601108781594  0.8224010453513476 215.17601108781594 pid4110
135.4529139506164  1.6133585276486855 215.4529139506164 pid4045
135.66719500066802  0.9833122564792666 215.66719500066802 pid407a
136.1344263812943  0.5453740662962948 216.1344263812943 pid40de
136.73249642017635  0.7201757765146917 216.73249642017635 pid41d6
137.10295965044259  1.3914073851287925 217.10295965044259 pid4137
137.37084671323007  1.3356369712055522 217.37084671323007 pid40dc
137.6492542554074  1.0508644241032277 217.6492542554074 pid417c
137.98865876842498  0.7204400262157358 217.98865876842498 pid41f4
138.1279998880727  1.7987632122267403 218.1279998880727 pid408f
138.47918969629086  1.085185471256709 218.47918969629086 pid4176
138.5702793949324  0.9621985877844649 218.5702793949324 pid4156
138.5963453892418  1.2738293062978594 218.5963453892418 pid41a8
138.6391268015897  1.0369271460254295 218.6391268015897 pid4052
139.2008445373105  1.4535155640699158 219.2008445373105 pid41c5
139.78804398861342  0.7756813451801792 219.78804398861342 pid41e3
140.02661383119823  1.4980861890349022 220.02661383119823 pid40ee
140.18373965245235  0.6374381769948805 220.18373965245235 pid4135
140.27012995581083  1.178434626652802 220.27012995581083 pid4116
140.49548184445203  1.5846506943994316 220.49548184445203 pid41bf
141.1998625719156  1.9012129082872928 221.1998625719156 pid4172
141.64601981635636  0.5531404077218167 221.64601981635636 pid4191
142.30886836540864  1.5488165737574113 222.30886836540864 pid40f8
142.31054600578284  0.5950873582023777 222.31054600578284 pid40d4
142.70492793629086  0.8343078212939128 222.70492793629086 pid41bc
143.05712709377616  0.9202738185346655 223.05712709377616 pid4184
144.0337687685938  1.531940837551165 224.0337687685938 pid41d2
144.3733214727861  1.6384083791171011 224.3733214727861 pid41cd
144.87736487953228  0.5388646586294548 224.87736487953228 pid413b
144.89842870816918  1.3619931214571905 224.89842870816918 pid412d
145.52633982106937  1.1882536819026335 225.52633982106937 pid4127
146.414046711475  1.8095058543448275 226.414046711475 pid40ea
146.45420063444308  1.2824499928015767 226.45420063444308 pid4189
146.7969318214854  1.4544730828879353 226.7969318214854 pid416d
147.41314011424018  1.0733347480584197 227.41314011424018 pid4173
147.9438867965869  1.7195146686703575 227.9438867965869 pid40c7
149.0675150352049  0.7417750710807804 229.0675150352049 pid41e6
149.50496052058128  1.3041853675354655 229.50496052058128 pid41dd
