9.246062568487195  1.7699967498753648 89.24606256848719 pid55a
10.393169779191231  0.8517440145398998 90.39316977919123 pid567
10.64738463870103  1.6712447987628891 90.64738463870103 pid56a
16.169260794254136  1.7396217870602948 96.16926079425414 pid550
17.13211792321177  1.6570699477116 97.13211792321177 pid572
24.92565519640487  1.6330552943157457 104.92565519640488 pid569
25.216540095038418  0.6884788124415239 105.21654009503843 pid576
27.91479443852378  0.9538466182996389 107.91479443852378 pid55f
27.924335582808276  1.2095467141235374 107.92433558280828 pid554
40.01305653500074  0.5807186368464022 120.01305653500074 pid565
40.14955532535425  1.4247572239612192 120.14955532535424 pid568
46.91568959409999  0.6990465421943982 126.91568959409999 pid54b
50.41089902957261  1.4670236585589917 130.41089902957262 pid54d
52.10884732431894  1.0218312587607985 132.10884732431893 pid548
57.03276088005006  1.8769929369269078 137.03276088005006 pid562
59.35314125976568  1.3921984965566094 139.35314125976566 pid558
59.934911032769676  1.9973785605528311 139.93491103276966 pid553
65.17446063988083  1.655747172473007 145.17446063988083 pid571
65.50682842748685  0.8890255028203322 145.50682842748685 pid551
68.76171145059533  1.719907311083452 148.76171145059533 pid574
78.11460076122322  0.7971745439332136 158.11460076122322 pid546
78.13373590297209  0.652857626645904 158.1337359029721 pid54c
82.14842718418082  1.985754343522551 162.14842718418083 pid570
86.5423341552452  0.9929213444581176 166.54233415524521 pid56c
87.76176203592723  1.6099474918984817 167.76176203592723 pid56e
89.0766995509673  1.110607185006235 169.0766995509673 pid575
92.90029984027517  1.4696072958924709 172.90029984027518 pid557
96.79506758906165  1.3597176216580023 176.79506758906166 pid577
98.80827017458138  1.6242828964843032 178.80827017458137 pid564
104.37186337232295  1.380645852203616 184.37186337232293 pid561
105.55449484647163  1.1497081344095055 185.55449484647164 pid55e
106.36190513055469  0.6049087585812037 186.3619051305547 pid55c
109.21980436015613  1.271756436772674 189.21980436015613 pid552
111.80602085126027  0.9749891722144411 191.80602085126026 pid573
114.52533294783642  0.834396101471603 194.52533294783643 pid556
115.00610992852948  1.721365534471847 195.0061099285295 pid55b
115.11957122034605  1.931847732535866 195.11957122034605 pid560
118.93347122448974  1.8661077139550086 198.93347122448972 pid547
119.8002357600784  0.7385659184238861 199.8002357600784 pid566
120.30292007391671  1.3011995526220272 200.3029200739167 pid54a
120.35928938131016  1.5179794072522144 200.35928938131016 pid54e
127.1993422631145  1.241000899481248 207.1993422631145 pid56b
129.72513697971445  0.7147514251801003 209.72513697971445 pid549
129.89239438774035  1.848912002998416 209.89239438774035 pid55d
132.70036922080882  1.55840604087337 212.70036922080882 pid54f
133.7561937746466  0.839549434894522 213.7561937746466 pid563
136.3098402211441  1.8677695210446865 216.3098402211441 pid56f
138.33694867411128  1.5488512659471323 218.33694867411128 pid555
142.43544139098753  1.630472512827107 222.43544139098753 pid559
145.4902038025108  1.6554543482821953 225.4902038025108 pid56d
