0.10976100872285288  1.2198607564653345 2.549482521653522 pid226b
0.1638208258835716  4.370129179660118 8.904079185203809 pid2378
0.21829147138703542  3.307263835218642 6.83281914182432 pid236e
0.5235064825756686  3.2090919100504505 6.9416903026765695 pid23d4
1.1815871012366697  1.082160439086405 3.3459079794094797 pid2320
1.7457340060623117  4.623049117181987 10.991832240426286 pid2362
1.8139010412279566  1.0430674482222901 3.900035937672537 pid238e
1.9247109641820015  1.5155027921850137 4.955716548552029 pid2307
1.92866572329633  1.1118590268550603 4.152383777006451 pid22b7
2.1437767497234717  1.378278559280401 4.900333868284274 pid2262
2.244577309229474  4.851544723067513 11.9476667553645 pid2317
3.1128151034989204  2.0048636667787316 7.122542437056383 pid2282
3.2989935081633215  4.050405550947485 11.39980461005829 pid23a6
3.4975322932912523  2.1518389889930707 7.801210271277394 pid23b9
3.839711940826782  4.604194875898834 13.04810169262445 pid2292
4.195495667774988  4.802983304280606 13.801462276336201 pid23af
4.1955697205204245  4.916614158897166 14.028798038314756 pid233a
4.2729711210558  4.3950800322023245 13.063131185460449 pid2276
4.397421642085995  4.336680582732145 13.070782807550284 pid23c6
4.481588880332037  3.460757056203731 11.403102992739498 pid22a3
4.819670434409544  2.3125241063456174 9.444718647100778 pid23b8
4.90528224225093  2.4237984578642933 9.752879157979518 pid2313
4.990142688308965  1.3381585760575523 7.66645984042407 pid2356
5.26586423039107  2.384835420094483 10.035535070580035 pid2274
7.759160257074882  4.699026227072279 17.15721271121944 pid23f3
7.798514272858085  1.875802930498271 11.550120133854627 pid237f
9.233122749153777  2.7201729618166626 14.673468672787102 pid22bc
9.779018544006446  3.8155441877998624 17.41010691960617 pid23ed
10.303438215849038  4.57662373329609 19.45668568244122 pid2281
10.598054530391687  1.5107068023875727 13.619468135166834 pid2413
11.228980294796473  3.2620817590244178 17.75314381284531 pid2396
11.722421950863865  2.164593546532644 16.051609043929155 pid23e7
11.726052383962788  2.0908940336902773 15.907840451343343 pid227e
11.746383759752089  2.625124466207874 16.996632692167836 pid2404
12.214627390950072  2.254920266394595 16.72446792373926 pid2354
12.462199469172505  1.9529446234264465 16.368088716025397 pid2408
14.177501502801476  3.4429502855314578 21.063402073864392 pid2263
14.601189672726756  1.9985152907682022 18.59822025426316 pid236c
14.625749600152897  1.008009635122482 16.64176887039786 pid2367
14.629664611978026  1.7513577177029456 18.13238004738392 pid230f
14.742272147445593  2.454177078453888 19.65062630435337 pid2319
14.793171140029337  1.6560558901720426 18.105282920373423 pid23cd
15.071074390666698  4.001876245193891 23.07482688105448 pid23ca
15.257275591836944  1.1437934756495216 17.544862543135988 pid22e0
15.37771094306226  4.892156307997791 25.162023559057843 pid229b
16.481451562315037  1.893117219553345 20.267686001421726 pid22fd
17.900980402476485  3.8953267231109305 25.691633848698345 pid22a6
18.27928087063967  3.954725382607099 26.18873163585387 pid23c1
18.313023569704757  2.999848150544417 24.312719870793593 pid2351
19.20949790033063  3.883793846402328 26.977085593135286 pid236a
19.26171339470869  3.8198326013349764 26.901378597378642 pid2350
19.80273953711188  4.626938250122256 29.05661603735639 pid2375
21.004242232093254  2.2523016930566624 25.50884561820658 pid22e7
21.04829881643022  4.127381148009972 29.303061112450163 pid22ed
21.060321191740943  4.053670121988786 29.167661435718514 pid2359
21.290015574088006  1.4842936334333476 24.2586028409547 pid22bf
21.73286915130629  1.6151561974399011 24.963181546186092 pid23c2
21.85667941973293  3.1047888409829882 28.06625710169891 pid2388
21.891366505987545  2.3592012331299252 26.609768972247394 pid23c5
22.22883594503523  4.420420442901003 31.069676830837235 pid2338
22.323326236324935  1.1351184127335991 24.593563061792132 pid2273
23.61519453984922  4.700580499885378 33.01635553961998 pid22ec
24.00462386494191  4.370370954677567 32.74536577429704 pid22e5
24.82582404603761  4.911913678708371 34.64965140345435 pid22be
25.00895767838162  1.6578683859446217 28.32469445027086 pid23a4
25.62974707504572  1.2838385002761887 28.1974240755981 pid234f
25.85099638088742  2.4852315540598733 30.821459489007168 pid2365
25.929425484286245  2.4240522889188005 30.777530062123844 pid228b
25.98453451461755  1.9140009414919419 29.812536397601434 pid22d8
26.450890278821703  2.727954549323917 31.906799377469536 pid227a
26.473507623872827  2.0453735086755755 30.56425464122398 pid2409
27.090106825265806  4.260170048771963 35.61044692280973 pid2310
28.113023337659087  4.260688447767825 36.63440023319474 pid2304
28.212677704013657  2.6694502817435923 33.551578267500844 pid22d9
28.842377344083  3.242278335915813 35.32693401591463 pid2346
29.270606734201287  3.7249351566951625 36.720477047591615 pid22c0
29.394665134267825  4.120704126753276 37.636073387774374 pid23ae
30.15421530907455  2.987660295944336 36.129535900963226 pid229e
30.453073767234184  2.239713091119427 34.93249994947304 pid2391
30.482320326134072  1.5987757264554232 33.679871779044916 pid234b
30.707340570964718  2.462019225314177 35.63137902159307 pid2414
31.829151653425683  3.370840514274932 38.570832681975546 pid23dc
31.870319962729067  2.0252151168062538 35.92075019634157 pid2332
32.18452173923307  4.672308215917152 41.52913817106737 pid234d
33.9792114749458  3.597214015494547 41.173639505934894 pid232d
34.1398641718323  2.7719049423473154 39.68367405652693 pid233b
34.23399249077205  4.882608459302733 43.99920940937752 pid2416
34.64657247136765  2.153042989310811 38.95265844998927 pid2418
36.148582534641626  3.2748804062250185 42.698343347091665 pid23c0
37.24189795491833  1.5427648484526792 40.32742765182369 pid2411
37.70878532874998  3.790020281109708 45.2888258909694 pid2321
38.07772887601829  2.6767155953702346 43.431160066758764 pid228f
38.170954704103515  3.2040289053642907 44.579012514832094 pid2363
38.58200667337553  4.388611816496619 47.35923030636877 pid23d6
38.60525455433786  1.7575971180765388 42.12044879049094 pid239e
39.91026952897587  2.189709657840991 44.289688844657846 pid23b4
39.95636133384905  2.878078675110688 45.71251868407043 pid240f
41.635118578549  3.9735608688922364 49.58224031633347 pid22ae
42.22141900391736  1.0430915351805146 44.30760207427839 pid233d
42.56494403699948  1.4618003263426909 45.48854468968486 pid2326
42.69110050271415  4.732459355134479 52.15601921298311 pid2287
43.05960219733537  4.08306330131851 51.225728799972394 pid23ea
43.09099376793012  3.40448712594139 49.8999680198129 pid23a3
44.68525669663133  3.473275977770292 51.63180865217191 pid2296
44.79465967395561  2.4976706843345617 49.79000104262473 pid231a
45.247108686316984  3.9439120306418425 53.13493274760067 pid2271
45.400755634572995  4.037998432756691 53.47675250008638 pid230c
45.44452801767158  2.913355368877631 51.27123875542684 pid2308
46.127247833683704  2.779805382396264 51.686858598476235 pid2382
46.83822588538954  1.5567396303854264 49.95170514616039 pid22f4
47.3776115840611  2.0192341198749277 51.41607982381095 pid2357
47.679408119045064  3.898704599953694 55.47681731895245 pid2299
47.88507777587857  1.6513456427074984 51.187769061293565 pid23ef
48.772002165545594  1.6675465229563264 52.107095211458244 pid22e2
49.25889275218446  1.1617789856468965 51.58245072347825 pid2415
49.49483572327383  1.3904647555686394 52.27576523441111 pid23b5
49.573232505250154  4.885498813327753 59.34423013190566 pid22b2
49.84270269460469  4.556684780333596 58.95607225527188 pid22a9
51.54277162363588  4.282396053232878 60.10756373010163 pid22a7
51.68645398682803  3.8672862397090593 59.42102646624615 pid22f9
51.8032529315344  2.4009413124164416 56.60513555636729 pid2419
52.203181304520164  3.3809296510297546 58.96504060657968 pid2302
52.28148343652505  1.8946451161760254 56.0707736688771 pid2284
53.14800655994177  4.63466981503405 62.417346190009866 pid2383
53.297278040842926  4.9095740641237775 63.11642616909048 pid2352
53.89996130840722  3.240993305975969 60.38194792035916 pid237b
54.213299579784604  1.1620939088754065 56.537487397535415 pid2394
55.63285243636113  1.2341391406680446 58.10113071769722 pid22f0
55.72173788966784  1.8381227860279954 59.39798346172383 pid232f
55.80730352523244  1.6366743442701326 59.08065221377271 pid240a
55.86074121207202  4.231975126423353 64.32469146491873 pid22c3
55.861569893208994  2.5897075657744577 61.04098502475791 pid236d
55.86966399029551  4.375184712725362 64.62003341574624 pid2397
56.060099134027624  1.7986994189366596 59.657497971900945 pid2328
56.35189656907828  2.687861817296851 61.72762020367198 pid227c
56.359868099583515  3.8069932334733894 63.97385456653029 pid226a
56.42752681743174  4.246988835118017 64.92150448766778 pid2405
56.68750056770333  1.9610038176340798 60.60950820297149 pid2269
57.069475994301904  3.337422678193118 63.74432135068814 pid22d3
57.63434387178524  2.159997593100523 61.95433905798629 pid23f5
58.090202617272126  2.6452682446748352 63.380739106621796 pid22bb
59.26940475920059  1.0029630790101116 61.27533091722081 pid2376
60.096337054846806  3.087484561122418 66.27130617709165 pid23b3
60.509198718070266  3.05049640332957 66.6101915247294 pid241d
60.583942454398475  1.201775440018555 62.987493334435584 pid231d
61.33158018243047  3.5759645320717617 68.48350924657399 pid2358
61.64660165349095  1.109781621575023 63.866164896640996 pid2268
61.73610094315626  1.5932848252294782 64.92267059361521 pid22b1
62.367165117414665  3.038666793411016 68.4444987042367 pid2401
62.7726957740189  1.746782782848269 66.26626133971544 pid232c
63.07541145539676  3.4774678873978733 70.0303472301925 pid23d5
63.8567408719648  2.987634471046285 69.83200981405737 pid241e
63.98027982704826  2.1973307757379614 68.37494137852418 pid227f
64.21240475818962  2.0306793504975773 68.27376345918478 pid232e
64.38067074831628  4.027143823063087 72.43495839444245 pid22b5
64.55974386081664  4.110215376070531 72.7801746129577 pid2303
64.61839865466287  3.340455825021495 71.29931030470586 pid22c4
65.0109866494343  2.065459176133262 69.14190500170082 pid2417
65.60028578971114  1.8289082949756437 69.25810237966242 pid2398
66.35390214651028  4.811287650365344 75.97647744724097 pid2272
67.31208706195065  3.839374051401009 74.99083516475267 pid22fe
67.4707970987857  3.8498004832782406 75.17039806534217 pid22b6
67.56316487307626  3.349782147457115 74.26272916799049 pid236b
67.67359222341484  1.2605801116049564 70.19475244662476 pid2312
67.74005000082884  2.833787960903254 73.40762592263535 pid22eb
67.93219776773668  1.3349469818172661 70.60209173137122 pid2371
67.97962695950035  3.4916995376174604 74.96302603473526 pid237c
68.05735851457831  2.7860102095977033 73.62937893377372 pid2270
68.30735230627283  4.551974887878117 77.41130208202907 pid22d6
70.15264471393081  2.6945373587369197 75.54171943140466 pid22b4
70.49889850850847  1.1474295221887831 72.79375755288604 pid23bb
70.74355327383587  3.627572093783862 77.9986974614036 pid2377
70.90088123582734  1.6777482424045282 74.2563777206364 pid23b6
70.92319228939449  2.0816574411276 75.08650717164969 pid22ee
71.24504431869399  3.7288835491147023 78.7028114169234 pid23d2
71.34771168571022  3.631477954346204 78.61066759440263 pid239c
71.45911650647722  4.80638095354106 81.07187841355933 pid2293
71.47807986048767  3.326504881696815 78.1310896238813 pid23d7
71.96885283501769  4.144936212401655 80.25872525982099 pid23aa
72.03084795107561  3.115637352110098 78.26212265529581 pid22cd
72.4574025940007  2.9589865841812864 78.37537576236328 pid241a
73.058323642986  1.1526549193781963 75.36363348174238 pid227d
74.07994585768986  1.4815556697005938 77.04305719709106 pid23f4
76.13921388354036  3.689264252324132 83.51774238818862 pid2305
76.81430887652573  4.5304863398580295 85.87528155624179 pid2261
77.18407688418499  1.0248113258885843 79.23369953596216 pid2327
77.90042413240079  2.9120246957508718 83.72447352390253 pid23df
78.04750573121396  1.9665651685224153 81.98063606825879 pid23fc
78.12757100652733  1.602304463696417 81.33217993392017 pid228d
78.57414161766584  2.9102848122013327 84.39471124206851 pid23fb
78.7206151314168  1.354353204202873 81.42932153982255 pid2402
79.41883064403181  2.8842291943605938 85.187289032753 pid2300
79.46298518207871  3.07956092712064 85.62210703631999 pid23fa
79.50299603879155  2.0839514595418915 83.67089895787534 pid23a0
80.20007660560967  4.6093561333765205 89.41878887236271 pid2285
80.26967114785931  3.1516891219117986 86.57304939168291 pid238d
81.20623765968577  2.0424066611718024 85.29105098202938 pid22e6
81.25650914846987  1.3625711285831725 83.98165140563621 pid22b8
81.6561038323119  4.475548146504274 90.60720012532045 pid22e9
81.8923483557538  3.6881690413094814 89.26868643837275 pid23b0
82.2113404419961  3.3328355471139535 88.877011536224 pid23f1
82.2232489639244  4.360825588534519 90.94490014099344 pid22e4
82.93267220376042  1.8463646849706428 86.62540157370171 pid23fe
83.59363046866488  1.2228747083837117 86.03937988543231 pid2322
84.04578358790513  4.761914181750038 93.56961195140521 pid2348
84.40332554396363  4.165637787740945 92.73460111944553 pid2279
84.43441642006762  2.611452195649361 89.65732081136635 pid239a
84.49323702889149  1.5122863774538837 87.51780978379925 pid2380
85.16190227624656  2.4453492557321206 90.0526007877108 pid235b
85.63160231730919  2.581062863155078 90.79372804361934 pid2366
85.90395872320482  2.5687939030523474 91.04154652930951 pid2290
87.3177026580521  3.1591101724583126 93.63592300296872 pid2309
87.3574892343773  1.3726113514502303 90.10271193727776 pid234c
87.47390472489232  1.1156108161484548 89.70512635718923 pid2349
87.48200830019447  2.8270546081654033 93.13611751652527 pid2325
87.69581533454277  2.1056643247260416 91.90714398399486 pid2288
87.90425850543  1.1501877557876097 90.20463401700522 pid2264
87.94277464660385  4.197284386377609 96.33734341935907 pid229c
88.76257187895011  2.3085364394957932 93.3796447579417 pid22f6
88.98411449324118  3.601204986482492 96.18652446620617 pid22cc
90.43653274512927  3.5778668560063576 97.59226645714199 pid237a
90.50652454426309  3.8698470524409156 98.24621864914492 pid230b
90.69188202631076  3.7452085460163436 98.18229911834345 pid2342
90.96992306019985  1.0839080554998257 93.1377391711995 pid22d4
91.03682414543239  2.1702563704684814 95.37733688636935 pid237d
91.70664024607493  1.8004895111567718 95.30761926838846 pid23db
93.04883513602904  2.593420478734829 98.2356760934987 pid23c4
93.73166988597052  4.259657485584793 102.25098485714011 pid230d
94.34061105146986  4.979440613460879 104.29949227839163 pid23d1
94.36772766891306  3.2322146281632484 100.83215692523956 pid22a0
94.77424193768624  1.9424590356249598 98.65916000893615 pid23a1
95.82999488458539  4.346267697870111 104.52253028032561 pid2311
96.21332233298928  4.260591473686454 104.73450528036219 pid2289
96.48684404185319  1.303820553518456 99.0944851488901 pid240d
96.72433502271646  2.123854222570953 100.97204346785837 pid23e5
97.16499308070911  4.392293653867152 105.94958038844341 pid23cc
97.67177720629822  3.63095771915391 104.93369264460604 pid226f
97.69817415955812  2.7426960422840483 103.18356624412621 pid23e6
97.88310695309139  1.6370238711141027 101.15715469531959 pid2347
98.32228297373754  2.855520276239017 104.03332352621558 pid22b3
98.5635739476929  4.35685241513618 107.27727877796526 pid22c9
98.58241673887062  4.330019445698783 107.24245563026818 pid231b
99.39362371997679  3.089811495807467 105.57324671159172 pid2324
99.6951482614718  1.0715606108046796 101.83826948308116 pid2306
99.89425156394029  1.7057284689518597 103.30570850184401 pid240b
100.68316998233165  2.2867351218539587 105.25664022603956 pid22ea
100.81884617975561  2.304632658019653 105.42811149579492 pid2265
101.41224788880275  2.9496459219838913 107.31153973277054 pid2343
101.51953867014521  2.9699527458690214 107.45944416188325 pid235d
101.81539236426319  4.535140342673439 110.88567304961006 pid235a
102.91059382844666  2.057259407843613 107.02511264413388 pid23f2
103.19412411932345  1.7276246363144194 106.64937339195228 pid2295
104.56862574665027  4.958220497236059 114.48506674112238 pid2298
105.99125474110106  4.2113183416477415 114.41389142439654 pid2337
107.77147906336549  2.970881086523548 113.71324123641259 pid23ec
108.09600988280552  1.6165671374329156 111.32914415767135 pid22e3
108.13400222217585  1.960736425716187 112.05547507360822 pid22cb
108.14412038982921  3.7177098538544384 115.57954009753809 pid2387
108.57867860275367  3.5191224507306016 115.61692350421487 pid2314
108.60219768881778  3.7124966549644 116.02719099874658 pid23b7
108.7391618760875  3.9101384474534067 116.5594387709943 pid2386
109.32429838017566  2.0054511699244935 113.33520072002464 pid23ab
109.48890694120935  1.481434280957524 112.4517755031244 pid23cb
109.57617647883026  2.668997186383571 114.9141708515974 pid23f0
110.07068517078848  4.229852673063283 118.53039051691505 pid2393
110.15901327136973  2.655040117186 115.46909350574172 pid232a
111.09958320048145  1.3934294712240383 113.88644214292952 pid22ce
111.20928426476787  4.2790651612881865 119.76741458734425 pid2344
111.32572332573878  3.571164379787334 118.46805208531345 pid2315
111.4952302656035  3.534361166544009 118.56395259869151 pid229d
112.04438978848053  2.1006327215213685 116.24565523152327 pid234e
112.24493522033276  2.1177808428715137 116.48049690607579 pid2333
112.33594790837245  2.7609288517838024 117.85780561194005 pid22a5
113.53968246308783  1.2856128841648413 116.11090823141751 pid22a2
113.62028442294006  4.359309992149511 122.33890440723908 pid23a5
113.93362639977764  1.4029499266471266 116.73952625307189 pid23ee
114.10338596615188  4.885009447583819 123.87340486131951 pid2407
114.34991733892403  1.2657785718567296 116.88147448263749 pid23f7
115.00581207428209  1.9171132395898556 118.8400385534618 pid23d0
115.64520140525838  3.8939011376782875 123.43300368061495 pid22ac
115.65980576879367  3.0867315956648205 121.83326896012332 pid2318
115.75009641136278  2.524930097649752 120.79995660666228 pid23c8
116.8772717394065  2.067828521043978 121.01292878149445 pid23bd
116.88151048484943  2.9335333959056036 122.74857727666064 pid2374
116.99724549539192  4.125936362484113 125.24911822036015 pid232b
117.07576148708962  4.368464464025337 125.8126904151403 pid2370
118.52473736271466  4.646763963708464 127.81826529013159 pid2355
119.04331581899442  3.3238181083371487 125.69095203566872 pid22c8
120.64196775092975  3.846574562705531 128.3351168763408 pid2360
120.66611176661603  2.1761409190217704 125.01839360465956 pid2294
120.99253681780033  4.288862536573455 129.57026189094725 pid23e0
121.4935955069453  2.1511730366922603 125.79594158032982 pid236f
121.73545837919245  1.489407036824303 124.71427245284106 pid23cf
122.82740585407478  4.843379901216237 132.51416565650726 pid23c7
122.9474417081627  3.5070238629317783 129.96148943402625 pid23e2
123.01558911912696  3.2498994062483626 129.51538793162368 pid22c1
123.21682785993774  1.18049868698492 125.57782523390757 pid233c
124.3944359105472  2.369879247346999 129.1341944052412 pid238c
124.49226911414787  4.062025842930099 132.61632080000808 pid2368
124.52289545073  2.91964680397144 130.3621890586729 pid22f5
125.2746544323716  3.678430316927377 132.63151506622637 pid22e1
125.6862711325539  1.697295347811064 129.080861828176 pid2372
125.7017332494102  2.8035359483954823 131.30880514620117 pid2420
125.8498582901666  2.8685846706864857 131.58702763153957 pid22e8
125.92962189249599  3.6404274833526427 133.21047685920126 pid23d8
126.20922699484153  4.380942533571121 134.97111206198377 pid234a
126.6092228058339  3.4508766233649535 133.5109760525638 pid23d9
126.88459579713519  3.487056819827449 133.8587094367901 pid231c
127.29755643385332  3.5848466292601775 134.46724969237368 pid23c3
127.76868521190099  2.3154731382078704 132.39963148831671 pid22c5
127.78705333571492  2.0178214706065076 131.82269627692793 pid22f2
128.32419345155762  2.933627949910342 134.1914493513783 pid235f
128.63473980284573  4.178870797337497 136.99248139752072 pid2399
128.8344284554793  4.898527233450883 138.63148292238105 pid23e9
129.21836708649366  4.795832788557648 138.81003266360895 pid23f9
129.2207004557213  2.6735443701439463 134.5677891960092 pid2353
130.55206408304784  3.775143806140196 138.10235169532822 pid23bc
130.964391385223  1.1169643722576956 133.1983201297384 pid2384
131.49150965233827  3.222916419006933 137.93734249035214 pid22af
132.19221468365623  4.754892163846771 141.70199901134978 pid2403
133.57688562840133  1.2431709150184584 136.06322745843823 pid2275
134.0499687591583  4.214430619067439 142.4788299972932 pid22f1
134.1585538211262  2.782011669801989 139.72257716073017 pid22ca
134.88191482595448  3.3562493979796737 141.59441362191382 pid22fb
134.97961713833666  1.101390958269263 137.1823990548752 pid239f
135.63266475013995  2.898000747672177 141.4286662454843 pid23ce
136.1067836990494  4.4409402123404025 144.98866412373022 pid23dd
136.3752682215995  2.8086632706866075 141.99259476297271 pid2339
137.7771775642013  3.378038225845901 144.5332540158931 pid23da
138.0734423456965  1.7974922138487028 141.6684267733939 pid231e
138.4925287215878  4.958393808092213 148.40931633777222 pid226c
138.51139117578975  1.453542837154893 141.41847685009955 pid2301
138.63719040587662  1.97880175280027 142.59479391147715 pid22a1
138.79310178871086  2.08727307848563 142.96764794568213 pid22bd
139.0385233396957  4.983039692323991 149.00460272434367 pid23ad
139.92351719303286  3.3951380247611325 146.71379324255514 pid23a7
140.1805511319967  3.101513331891353 146.38357779577942 pid22b9
140.35156051420836  2.2962351280343145 144.94403077027698 pid23ff
141.20578009408362  1.924429814067079 145.0546397222178 pid2421
141.69743894176997  1.019441445889652 143.73632183354928 pid23ac
141.73268015514094  2.997272196781759 147.72722454870447 pid22d0
143.2880116531909  2.210761830296891 147.70953531378467 pid2329
143.83857859468392  4.105614614645086 152.0498078239741 pid230a
145.14942050369197  4.570129762731672 154.2896800291553 pid23be
145.18233892041044  3.812188101075246 152.80671512256095 pid241f
145.4258339712156  4.529189253183858 154.48421247758333 pid22c2
145.46792525838634  2.6282255165843966 150.72437629155513 pid23eb
145.9468330867662  4.878442354275752 155.7037177953177 pid241b
146.0864290128875  4.796334039598371 155.67909709208425 pid23b2
146.64213564030325  2.4048146751692574 151.45176499064178 pid2335
146.70613950436052  1.5847565356767603 149.87565257571404 pid2389
147.0974355922147  4.884376184555531 156.86618796132578 pid2361
147.44952344845407  2.0893486316591234 151.62822071177231 pid22db
148.25472361882674  4.098315400826689 156.45135442048013 pid229f
148.79748632220986  3.6300700887064443 156.05762649962276 pid238b
149.32963811834742  2.0148527168380035 153.35934355202343 pid237e
149.33275408884404  3.335168193737676 156.0030904763194 pid241c
149.37702792514864  2.1815077652270927 153.74004345560283 pid2379
149.3862592455297  1.9656779896891994 153.31761522490808 pid2283
150.58760678937406  4.567686427964846 159.72297964530375 pid23a8
151.59614965906175  1.0742390404465398 153.74462773995484 pid22dd
151.7982770825318  1.270733508466598 154.33974409946498 pid22fa
152.20007270615633  1.0524835510171209 154.30503980819057 pid22c7
152.22165433570274  2.942920009482615 158.10749435466798 pid233e
152.24862529780268  2.355385775388144 156.95939684857896 pid23e1
152.30959866024497  2.3249949585351817 156.95958857731534 pid2381
152.61814857680878  3.6891808754312616 159.9965103276713 pid23fd
152.83252338219992  2.179610675277194 157.1917447327543 pid22de
152.99251111333098  2.8464257667693773 158.68536264686972 pid22ff
153.65064143224544  2.572459907767335 158.7955612477801 pid23e8
153.73505101860727  3.3202672871745165 160.3755855929563 pid22da
154.48768282439354  3.296810743697612 161.08130431178876 pid229a
155.16773087860525  4.885670654219593 164.93907218704445 pid2280
155.26359518837043  2.503463592008391 160.2705223723872 pid22fc
155.3448923238676  2.4029217795139175 160.15073588289545 pid22f3
155.36416699885157  2.835105877906519 161.0343787546646 pid23c9
155.60589152761386  4.405915673500225 164.4177228746143 pid22a4
156.61334815445542  2.449205289375542 161.5117587332065 pid22f7
157.30760483827726  1.9451656772679216 161.1979361928131 pid2400
157.43584837326787  3.4000024310903334 164.23585323544853 pid240c
157.74488521569685  3.0553263914891637 163.85553799867517 pid2278
158.04934383639926  1.4920494137349896 161.03344266386924 pid2323
158.24038353565874  3.2805615460112825 164.8015066276813 pid23e3
158.30681239153145  4.755061843042393 167.81693607761625 pid2277
158.57449826603374  3.1656498946390976 164.90579805531195 pid2369
159.680724674431  3.895052013317169 167.47082870106533 pid228c
160.06736403906757  2.0061003052574913 164.07956464958255 pid2406
160.1816756528911  2.2549032791225234 164.69148221113616 pid2345
160.4024790532898  4.669595818585387 169.74167069046058 pid23ba
160.505887640049  4.930617207302461 170.36712205465392 pid22cf
161.26734263791192  4.447178078447417 170.16169879480677 pid228a
162.2801138924358  3.3782977376692838 169.03670936777436 pid2297
162.29706153549267  2.043768780906568 166.3845990973058 pid226d
162.50117598916495  1.0000751681205728 164.5013263254061 pid230e
163.20586640965954  3.0083672019989183 169.22260081365738 pid22ab
163.23759739393563  2.9581170011351157 169.15383139620587 pid238f
163.67696985748864  1.8757116564738312 167.4283931704363 pid2373
163.76400600211448  1.250164549909671 166.26433510193382 pid22d7
164.02742167373071  1.6536928492586478 167.334807372248 pid23a9
164.02960924044731  4.325358705685212 172.68032665181775 pid227b
164.20587556599372  3.4828085603040635 171.17149268660185 pid2392
165.4591486323881  2.234738109554464 169.92862485149703 pid23f6
166.0892922737002  2.7755499146675193 171.64039210303525 pid22d1
166.30697114915606  3.4921657283765946 173.29130260590924 pid2267
166.38965438656982  1.5919094017021065 169.57347318997404 pid239d
167.37492681595938  2.395820765548219 172.16656834705583 pid2260
167.89627093798563  1.9862610738478557 171.86879308568135 pid2390
167.99908496590132  1.1568509759461532 170.31278691779363 pid2336
168.24872589910288  1.3690552894202646 170.9868364779434 pid2412
168.329947825008  3.841161142883629 176.01227011077526 pid23b1
169.37093608686493  2.942408686844243 175.25575346055342 pid226e
169.43273135892144  2.6283975905652968 174.68952654005204 pid2330
169.79308586366915  4.288675904952051 178.37043767357324 pid2286
169.79490378971335  2.1350085970594566 174.06492098383225 pid23e4
170.21843263795856  3.8825186001466543 177.98346983825186 pid235c
170.3608138266369  1.0532804424067375 172.46737471145036 pid2341
171.25575266540108  4.232339354397154 179.72043137419539 pid233f
171.87428521178472  3.301674904278523 178.47763502034178 pid239b
171.92292070427644  2.1297353791397993 176.18239146255604 pid23de
172.33267013809677  2.202855530053594 176.73838119820397 pid22d5
172.9320606257733  4.738983817618482 182.41002826101027 pid2340
173.31096684316148  2.7710718647 178.8531105725615 pid23d3
173.48266050574597  2.8423611232830654 179.1673827523121 pid22f8
173.89033634252564  2.2957411463662307 178.4818186352581 pid23bf
174.2835826441566  4.710215361309929 183.70401336677648 pid22a8
174.70900889238473  3.7995156429164005 182.30804017821754 pid22b0
174.7382211914203  1.6957502371160467 178.1297216656524 pid2334
174.7829398062334  1.2722779150079 177.3274956362492 pid235e
174.95775948003003  2.512177452859761 179.98211438574955 pid23a2
174.96566583617027  1.6177028893006247 178.20107161477154 pid2410
175.52383709162353  4.359102097437908 184.24204128649936 pid22c6
175.9027626026991  1.405843084681826 178.71444877206275 pid22dc
176.1918672671198  2.1967202117553346 180.58530769063046 pid2385
176.91900342350067  3.6746387362779633 184.2682808960566 pid2316
177.13601276584225  3.079595319557236 183.29520340495674 pid22aa
177.35200384603866  2.194429317549045 181.74086248113676 pid2291
177.36757711921635  2.7654236498403115 182.89842441889698 pid2364
177.37306519918658  1.2911970774212524 179.9554593540291 pid22ef
177.4932162217722  3.655386754316744 184.8039897304057 pid228e
177.66060287285222  4.04360708139871 185.74781703564963 pid238a
178.2329584359729  4.815661621644922 187.86428167926275 pid2266
178.5917368053946  3.2162978418397423 185.02433248907408 pid23f8
178.65144524159382  1.4621878630985434 181.57582096779092 pid22ad
178.70695836147215  3.904023383875333 186.5150051292228 pid2395
178.83973459868392  3.6955367503743677 186.23080809943266 pid2331
178.8516297142584  4.697777480106862 188.24718467447212 pid22ba
179.06191716009124  1.4587103999960673 181.97933796008337 pid240e
179.18051704632506  1.1658586234142612 181.5122342931536 pid22df
179.38921506623464  1.247232640449686 181.883680347134 pid231f
179.47743530979687  2.759882825255816 184.9972009603085 pid22d2
