0.22096420096028302  2.8982753533745993 6.017514907709481 pid4ae6
0.2490951025051702  1.3265432609980938 2.902181624501358 pid4b9a
0.29464122400215675  1.968660453685652 4.231962131373461 pid4b06
0.35966516168617346  2.4097881977185724 5.179241557123318 pid4bb6
0.4150533784783361  2.483113852125294 5.381281082728924 pid4b93
0.46308082831341135  0.45950303406837767 1.3820868964501667 pid4bc5
0.7387256626390948  1.180708081619064 3.100141825877223 pid4b1c
1.1510797777950277  2.027181645437628 5.2054430686702835 pid4c88
1.2344653748401768  1.5874125178073175 4.409290410454812 pid4b8a
1.347693330400801  2.6197142804758196 6.5871218913524405 pid4adc
1.9221011401525434  1.4573607113978633 4.83682256294827 pid4bf5
2.395552775307197  2.7747670872992307 7.945086949905658 pid4b1e
2.46978934016705  2.929891602184545 8.32957254453614 pid4c41
2.6765332693746813  1.466923867142834 5.610381003660349 pid4ba4
2.921670958852318  0.8212206194871672 4.564112197826653 pid4bc1
3.106709750828307  2.117277574041308 7.341264898910923 pid4ae9
3.2668728954590054  1.3949756980075905 6.056824291474186 pid4acf
3.565147231628385  2.9115591225865156 9.388265476801417 pid4bc3
3.65695137614247  0.9273620460599559 5.511675468262382 pid4b54
3.8853149894134686  0.7348678708958796 5.355050731205228 pid4b78
3.9978993244698335  1.8981093468261485 7.794118018122131 pid4b4c
4.611080990013083  0.8524221980416402 6.315925386096364 pid4c26
4.771766142421652  2.326644804683098 9.425055751787848 pid4c3d
5.107190419789864  2.6896638962934096 10.486518212376684 pid4bac
5.161650983761746  0.5217262050750363 6.205103393911818 pid4aef
5.505612177818553  2.7184829389312037 10.942578055680961 pid4b5d
6.026591704174155  1.662903307819482 9.352398319813119 pid4b60
6.031563728223643  2.4215879291829023 10.874739586589449 pid4b05
6.091101632396345  2.2386527137040226 10.56840705980439 pid4bb7
6.279083904156735  1.0150381782532019 8.30916026066314 pid4c42
6.356283788279981  1.9701469595110779 10.296577707302138 pid4b0a
6.50595867986381  1.5982905032880819 9.702539686439973 pid4c1b
6.582072511086645  1.5293348433059943 9.640742197698634 pid4ae3
6.690450218788846  2.343076688744698 11.376603596278242 pid4bd5
7.0189094260283085  2.6640892657141664 12.34708795745664 pid4b3b
7.047596257818811  1.9022029539587275 10.852002165736266 pid4af1
7.349372787375796  1.1237025710846966 9.59677792954519 pid4b0d
7.532610137265905  0.614331572141392 8.76127328154869 pid4c11
7.632333431303417  2.848079550461365 13.328492532226146 pid4c2b
7.975668644776679  0.6285639080378022 9.232796460852283 pid4b8c
8.036756688020974  0.9387560267866288 9.914268741594231 pid4b57
8.174613114296037  1.9448854306419068 12.064383975579851 pid4c40
8.518143471359597  1.6720251933075878 11.862193857974773 pid4b0e
8.99796304895789  1.7409212594648582 12.479805567887606 pid4aea
9.03062630800624  1.2299404674815244 11.49050724296929 pid4ad3
9.23559277359246  2.9074961857452193 15.050585145082898 pid4af2
9.430913140819142  2.0638352645020017 13.558583669823145 pid4c6f
9.823206562861198  2.788700838472947 15.400608239807092 pid4c2a
9.950993536542985  1.9864118020536266 13.923817140650238 pid4b15
9.99499870188847  0.9224326571944644 11.8398640162774 pid4b83
10.366849815588463  2.7178843367243557 15.802618489037174 pid4c12
10.42651616406145  2.9033464266053692 16.233209017272188 pid4ad7
10.565221979852257  2.09259013661509 14.750402253082438 pid4b5a
10.60837712502697  2.490874749926059 15.590126624879087 pid4c05
10.629194082153004  1.3386737206790515 13.306541523511108 pid4c34
10.67411357808411  0.4410277031390947 11.5561689843623 pid4c1a
11.00350010417105  1.786236872309014 14.575973848789078 pid4b6f
11.296145754035269  1.2376233278672888 13.771392409769847 pid4bbc
11.543396212382373  1.6780347543806053 14.899465721143583 pid4bc9
12.455226922641295  1.1434878935453154 14.742202709731925 pid4c19
12.78246153034548  1.0417766995198348 14.866014929385148 pid4b3a
13.075953931824758  2.6180309689861554 18.31201586979707 pid4bbf
13.765814001020171  1.3368140607633476 16.439442122546865 pid4ad0
14.766675485734915  1.2885994607014428 17.3438744071378 pid4c23
14.889320967100339  0.5928237624858654 16.07496849207207 pid4c83
15.085615945514741  2.8260854637635124 20.737786873041767 pid4b16
15.301991778224478  1.5154871877254732 18.332966153675425 pid4af6
15.707021910334863  0.9737960427323396 17.654613995799544 pid4af7
15.771909095786008  1.5943422107987915 18.96059351738359 pid4c36
15.776434922606864  1.6133630733715125 19.00316106934989 pid4c72
15.819043249618147  1.3304747871017972 18.479992823821743 pid4c71
15.917007699010188  2.8887762784414583 21.694560255893105 pid4bca
16.262300840458032  1.6095206808555278 19.48134220216909 pid4b3f
16.380300853808993  2.360287719868769 21.10087629354653 pid4c37
16.995197267737183  2.3422617128482557 21.679720693433694 pid4bcf
17.342867669259356  2.99446479244849 23.331797254156335 pid4c8d
17.373793796529235  1.623894704886561 20.621583206302358 pid4c80
17.405678487992347  2.5336589818587587 22.472996451709864 pid4b29
17.746943682580785  1.0419671230992251 19.830877928779234 pid4c1d
18.370321059972948  2.3994363391091533 23.169193738191254 pid4be3
18.582928005351263  2.414286794293601 23.411501593938464 pid4b43
18.66224919905931  2.2706303775798227 23.203509954218955 pid4b12
18.95652987196175  2.0002750557039186 22.957079983369585 pid4bde
19.538747079535803  1.3937591409758139 22.32626536148743 pid4c43
19.648753190020905  0.5247199624991423 20.69819311501919 pid4c02
19.790588876943804  2.380320339872992 24.55122955668979 pid4afb
19.79514625727512  1.1512869630026166 22.097720183280355 pid4c6e
19.88893887538764  2.822410237358386 25.53375935010441 pid4ba1
20.145891435700282  1.2511957242487581 22.648282884197798 pid4b96
20.249309189007015  0.429317904257707 21.107944997522427 pid4baf
20.828851719353313  2.6962666993828104 26.221385118118935 pid4be0
21.01956083003612  1.7593993678422213 24.53835956572056 pid4b47
21.119649303961218  0.6635589180623322 22.446767140085882 pid4c4a
21.249342976887487  0.4649074729007183 22.179157922688923 pid4b73
21.892128199807914  1.8523000241483971 25.596728248104707 pid4bea
21.910368860764283  0.6353401211151978 23.181049102994677 pid4b56
22.268387788830847  2.0261149349668885 26.320617658764625 pid4b86
22.49124535805388  1.8754665897623433 26.242178537578567 pid4b6b
22.769566353235003  1.1823621941550735 25.13429074154515 pid4b61
23.10393846904195  1.4673489892624532 26.038636447566855 pid4b69
23.179818969230215  0.7467809007028106 24.673380770635838 pid4c60
23.42914817886651  0.6902855467826878 24.809719272431884 pid4bc8
23.54337609688123  0.9524872793190713 25.44835065551937 pid4bd8
23.938832446130586  2.0614904858997702 28.061813417930125 pid4c07
24.254472427226936  2.0057827511428328 28.266037929512603 pid4bdd
24.637002898708914  1.3919685536280915 27.420940005965097 pid4c86
24.91339667413188  0.6178971220429769 26.149190918217837 pid4af5
24.99166437731789  1.4509853466869398 27.89363507069177 pid4b8b
25.029063268168493  1.4340929988570013 27.897249265882493 pid4c50
25.198910309547664  1.5846785043511113 28.368267318249885 pid4b68
25.495225692848756  1.358116750406456 28.211459193661668 pid4b89
26.10208664452336  2.9087457575917544 31.91957815970687 pid4b37
26.18835872994444  2.2561502361797814 30.700659202304003 pid4c4d
26.27857192103875  1.7562272602939193 29.791026441626588 pid4b00
26.321776935100083  0.5597999551817697 27.441376845463623 pid4bdb
26.500421169574985  0.8407691158689081 28.181959401312803 pid4ad5
26.72185136891798  2.4321162288484213 31.586083826614825 pid4c5b
27.294639281220256  2.2797291215717603 31.854097524363777 pid4c5e
27.428468741614253  2.321891792607839 32.07225232682993 pid4b52
28.06426119380685  2.9644849168806213 33.99323102756809 pid4ace
28.43064846189992  1.8376068591892483 32.105862180278415 pid4c04
29.164177326795183  0.8809008633322157 30.925979053459614 pid4bc4
29.288222046830736  1.70434807690126 32.696918200633256 pid4bec
29.773823605801564  2.8729162936534665 35.519656193108496 pid4af4
29.884657318586594  2.2565072789467777 34.397671876480146 pid4c7c
30.646326381392196  2.777150005466184 36.200626392324565 pid4b74
31.293944285647623  1.1731337598548945 33.64021180535741 pid4bc0
31.517076522965624  1.3691670118878236 34.255410546741274 pid4b91
31.586108979943482  1.7587302936699438 35.10356956728337 pid4c7e
31.63538123451112  2.095972435107711 35.82732610472654 pid4c67
32.46841863208807  2.642284529842317 37.7529876917727 pid4ad4
32.80065098775242  2.0830334305686615 36.96671784888974 pid4c89
32.938750664856784  2.81859689350991 38.5759444518766 pid4bb4
33.39080536145001  2.0315752982975552 37.45395595804512 pid4c53
33.39800843430755  1.8779687782806533 37.153945990868856 pid4b66
33.849105378918566  2.382839938454798 38.61478525582816 pid4b01
33.86359986208522  0.4278258993518823 34.71925166078899 pid4c8a
33.887756027353824  1.3680284355931098 36.623812898540045 pid4c70
33.97216145308404  2.53043465866222 39.03303077040848 pid4b17
34.14367947118775  2.819773842509581 39.78322715620691 pid4c4e
34.2006037283341  2.7573635378245522 39.71533080398321 pid4c27
34.925716459770854  1.1570237612888201 37.23976398234849 pid4bb1
35.15824135954393  1.7334915543223683 38.62522446818866 pid4b7a
35.59201056293767  1.1499472361778666 37.891905035293405 pid4b44
35.935193045204606  2.9234358167910974 41.7820646787868 pid4c38
36.321385795309006  2.7160187632003243 41.753423321709654 pid4c7a
36.36587607465959  1.8995060359459743 40.16488814655154 pid4afc
36.385476866309716  2.9075438251134513 42.200564516536616 pid4c0d
36.90634727586727  1.937410760207567 40.7811687962824 pid4b27
37.09943960104746  1.7808222690464919 40.66108413914044 pid4c14
37.164954495188326  1.9576381819247075 41.08023085903774 pid4add
37.26666202896949  0.7989070203293278 38.86447606962815 pid4c62
37.54439199320731  2.661384552472184 42.86716109815168 pid4b34
37.76349264985879  2.3667925359112374 42.497077721681265 pid4c5d
38.17252571664341  1.8252461606425827 41.82301803792858 pid4b82
38.30031227122098  2.4374297984675457 43.17517186815607 pid4bf4
38.30660161215024  2.0346958584392802 42.3759933290288 pid4c20
38.35609507323997  1.0277194305228905 40.41153393428575 pid4b53
38.701127225912316  2.438020408886132 43.57716804368458 pid4c7d
38.98498272426673  1.5863490905449429 42.157680905356614 pid4b35
39.00530039886814  1.6506867093236095 42.30667381751535 pid4c28
39.14315610015551  1.61573669778452 42.37462949572455 pid4bcd
39.331262832345935  1.7851869851465878 42.90163680263911 pid4bba
39.528992819597384  2.6396120803115743 44.808216980220536 pid4c24
39.55875048410184  2.361187255896371 44.28112499589459 pid4ba5
39.71493525127965  2.92061687585707 45.55616900299379 pid4b40
39.82108405108817  1.500377028071557 42.82183810723129 pid4c68
39.935618107801915  0.5878897048353865 41.11139751747269 pid4c48
40.109853589488466  1.399564829875719 42.9089832492399 pid4b5e
40.18658055518404  0.9780791864436841 42.1427389280714 pid4b25
40.55021949079666  1.049897961631883 42.65001541406042 pid4c76
40.71111217669904  1.8462449148215168 44.40360200634207 pid4b80
40.7761069678899  2.314253586069939 45.40461414002978 pid4be7
40.937744976514104  1.2636325420784194 43.46501006067094 pid4b67
41.076603215424754  2.9370242066680134 46.95065162876078 pid4c4f
41.23164063982241  0.5937646886911988 42.419170017204806 pid4b7f
41.28206734338149  1.6482561464287664 44.57857963623903 pid4b58
41.469235846393694  1.8320563886122252 45.13334862361815 pid4c18
41.650171341987274  1.4692665058543493 44.588704353695974 pid4ae7
41.84770844348964  2.390910955793902 46.62953035507744 pid4c06
41.87243176582219  1.2380296789220817 44.348491123666356 pid4c61
43.17900741007294  0.6714475304570402 44.52190247098702 pid4adb
43.28182578314802  2.593136795497094 48.46809937414221 pid4b28
43.283185648060105  2.004067649927009 47.29132094791412 pid4b4e
43.94951350149775  0.4422395891338993 44.833992679765544 pid4bfd
44.10354131306142  2.490250929314389 49.0840431716902 pid4c52
44.48703542677903  2.4752345877763653 49.437504602331764 pid4bf1
44.61285901488906  1.0621170158130746 46.73709304651521 pid4c3e
44.928304917765104  2.4070395638506037 49.74238404546631 pid4c0e
45.12359014604252  2.459301934335966 50.04219401471445 pid4c6c
45.31207054482336  1.0465544142644199 47.4051793733522 pid4bd6
45.61703833426588  1.4207777296610802 48.45859379358804 pid4bf7
45.73251023436682  1.0370001137329667 47.80651046183275 pid4bf8
45.75179387188554  1.1266387706574115 48.00507141320036 pid4bbb
45.840957062908096  0.6586601126056104 47.158277288119315 pid4c09
46.22577602772565  0.650106540968843 47.525989109663335 pid4c66
46.473279921363485  2.660535847544574 51.79435161645263 pid4c21
46.48191535350779  1.8719967253720533 50.225908804251894 pid4b88
46.72783556683656  2.95826895700501 52.64437348084658 pid4ba2
46.97136342979553  2.894529253490197 52.76042193677593 pid4b90
47.093626366752204  0.9502425385077817 48.994111443767764 pid4c8b
47.18790681721129  2.251786988597071 51.691480794405436 pid4b45
47.997956544613714  1.880758130016316 51.75947280464635 pid4b7e
48.17695275405518  1.481561762815427 51.140076279686035 pid4afa
48.247781710371186  2.406595318452401 53.060972347275985 pid4b1f
48.43259235329227  0.7281740211046694 49.88894039550161 pid4c64
48.49686583879066  2.0089441647874353 52.514754168365535 pid4c47
48.637287485892244  1.525346819786456 51.68798112546516 pid4b3c
48.72808439361451  0.6366493455637938 50.001383084742095 pid4c3f
49.08985544995097  0.6008853266288754 50.29162610320872 pid4b5b
49.23007874172155  2.148027255305361 53.52613325233227 pid4c8f
49.31483734672641  0.7461640611989852 50.80716546912438 pid4bd2
49.695041626101485  1.143276672942308 51.9815949719861 pid4c81
50.472202149341946  2.5552434266747417 55.58268900269143 pid4b59
50.58259379548252  1.0025731039792602 52.58774000344104 pid4b81
51.084114016959745  1.6610854978880405 54.40628501273583 pid4c73
51.266697033969365  2.1516308412218716 55.56995871641311 pid4ba3
51.33609084505007  2.928111609726078 57.19231406450223 pid4b4d
51.61127667644596  2.4948359842045447 56.60094864485505 pid4ad9
51.87730180136019  1.3133047169216077 54.503911235203404 pid4b9f
51.92122389132854  0.6271067246901164 53.17543734070877 pid4c87
52.10933252613582  2.0562835262974484 56.22189957873072 pid4b20
52.20497909763444  2.145098118838698 56.49517533531184 pid4b3d
52.3962155691554  1.0512912562058254 54.49879808156705 pid4c32
52.402038230719995  0.7999484912091066 54.00193521313821 pid4ae0
52.796703156758774  1.0925597315910056 54.981822619940786 pid4c5f
53.156798722219904  2.4842221922552747 58.12524310673045 pid4b95
53.21902407063944  0.9734807583699624 55.16598558737937 pid4c17
54.01934946751397  2.7925731471696804 59.60449576185333 pid4c57
54.02283021329104  2.1330740399768335 58.2889782932447 pid4b09
54.31379121888734  1.1646954080838414 56.64318203505502 pid4bb3
54.474024938098076  1.7093569662145356 57.89273887052715 pid4b30
54.50774207735514  0.434685953956825 55.37711398526879 pid4af0
54.56468995264521  1.681502063465441 57.92769407957609 pid4c84
54.622945391028246  2.4096142924739437 59.44217397597613 pid4b03
54.71568250556059  2.835347585685772 60.386377676932135 pid4bd7
54.85283843708481  1.6167869182053138 58.08641227349544 pid4bae
55.36365050126288  2.404138907832611 60.1719283169281 pid4b70
55.364438151398254  2.8232588329495916 61.010955817297436 pid4c10
55.52030111740274  1.889125473036203 59.29855206347514 pid4bf0
55.95253399047373  2.645302342902496 61.243138676278726 pid4c2d
56.08423537411813  2.764720408230805 61.61367619057974 pid4c1c
56.311038820547886  2.8662225111310384 62.04348384280996 pid4bf3
56.32384543139734  1.8216424185014302 59.9671302684002 pid4be2
56.418797355008756  1.0049149517995613 58.428627258607875 pid4bf6
56.44540794523421  0.9826749632974204 58.41075787182905 pid4aec
56.61821203532249  2.2659730054104865 61.15015804614347 pid4beb
57.008493505154824  0.6325506281235405 58.2735947614019 pid4c2e
57.28877653696608  0.9864504929965566 59.2616775229592 pid4b04
57.426172187294014  2.5678087622780112 62.56178971185004 pid4b79
57.52631093698827  0.5035073257655613 58.53332558851939 pid4bbd
57.55296942479294  1.359275606587731 60.2715206379684 pid4b42
57.74764416197292  1.639781137503098 61.027206436979114 pid4c8c
57.80793326130582  0.6787701939556741 59.16547364921717 pid4bc2
58.33800025411324  2.0416181155828625 62.42123648527897 pid4c46
58.49683898881587  2.8620796260186423 64.22099824085315 pid4c1e
58.61419399299397  1.8616403298730173 62.33747465274 pid4baa
58.99650951440485  1.7539009804953678 62.50431147539558 pid4c45
59.15718188177589  2.6776954328748004 64.5125727475255 pid4c0a
59.358107575093356  2.3775153257218657 64.11313822653709 pid4b7c
59.87748895896016  1.961247247478918 63.799983453917996 pid4bf2
60.20847710993732  2.5362692497042234 65.28101560934577 pid4b2c
60.43410964919425  1.9495148133457123 64.33313927588567 pid4bb5
60.525498287657086  1.476167796408982 63.47783388047505 pid4bdc
60.79906538038542  1.5203313651635333 63.839728110712485 pid4b72
60.851073524580954  2.680963581122305 66.21300068682557 pid4bd1
61.00806159840369  1.9538063106113546 64.9156742196264 pid4bed
61.65941477842615  0.9820520330946794 63.623518844615504 pid4b41
61.7395484952108  0.44293246902550726 62.62541343326181 pid4bbe
61.99571602394762  2.971203470983506 67.93812296591463 pid4c8e
62.039769851877715  0.5985023015082418 63.236774454894196 pid4c29
62.21273224560865  1.8855455096923612 65.98382326499338 pid4c35
62.222968749773045  2.9436102811486378 68.11018931207032 pid4bd0
62.25294567387775  1.9995138416882003 66.25197335725414 pid4b9e
62.38359719143368  2.798682629793128 67.98096245101993 pid4ada
62.935424965827046  0.9743102265767105 64.88404541898046 pid4b8e
62.99774122925778  0.42308687502569214 63.84391497930916 pid4c0b
63.272008495823606  1.4683678215020604 66.20874413882773 pid4b6a
63.776884872863384  1.5079067326791389 66.79269833822167 pid4b8f
63.84142823902719  1.0408383326946287 65.92310490441645 pid4b6c
64.06311798033732  1.670987855475469 67.40509369128826 pid4b2b
64.08034471612908  1.2094800236276093 66.49930476338429 pid4b1b
64.1229155431097  2.6112837539789857 69.34548305106767 pid4be4
64.1561985928696  0.7163449029577058 65.58888839878502 pid4ae1
64.18927345597157  0.6673827780104524 65.52403901199247 pid4b63
64.36412185518137  1.4384427558337896 67.24100736684895 pid4c13
64.42932289980537  1.1471156385547172 66.7235541769148 pid4c63
64.69066192226461  0.42238499394203294 65.53543191014867 pid4c69
64.98303644339114  2.0695051418088175 69.12204672700878 pid4ae2
65.00840055868784  2.986245500934337 70.98089156055651 pid4b38
65.66168237370945  1.7192132926946835 69.10010895909882 pid4bfe
65.92808180043387  0.46510233446345817 66.85828646936079 pid4c78
65.98375002731956  2.806488723232001 71.59672747378356 pid4b18
66.22301872214848  2.647414023595216 71.51784676933892 pid4bfa
66.39649924041899  0.715506631031771 67.82751250248253 pid4c49
66.40095457594217  2.601285872137191 71.60352632021655 pid4b77
66.49441903970042  0.77820219199631 68.05082342369303 pid4be9
66.83942353425317  2.9362854811532486 72.71199449655967 pid4b4a
66.86882164039272  1.9723008903299815 70.81342342105269 pid4b26
66.95008536615063  2.9569197195189965 72.86392480518862 pid4ae5
67.2305499574797  1.9090091110695893 71.04856817961887 pid4aed
67.96526095580751  0.9747356227514867 69.91473220131049 pid4bb2
68.21426994612702  1.1950251757514487 70.60432029762991 pid4b94
68.56345443611826  1.3167329873747824 71.19692041086783 pid4c65
68.57332334784216  1.403888587291076 71.38110052242432 pid4c16
68.60918435715423  1.3416504461095244 71.29248524937329 pid4b24
69.16123606732687  1.1805538080810756 71.52234368348903 pid4b1d
69.27595139958518  1.3013642589747088 71.8786799175346 pid4b99
69.58359937937905  1.407097457971335 72.39779429532172 pid4c15
69.86753573940939  2.6502604531681206 75.16805664574564 pid4bef
70.01636442228143  2.6510320448034266 75.31842851188829 pid4c58
70.18681939523128  1.6964755466636188 73.57977048855852 pid4b0f
70.47079015698155  1.0416224010784267 72.5540349591384 pid4c85
70.64008419991892  2.069093777265202 74.77827175444932 pid4b5c
71.01935974996721  0.791266761040671 72.60189327204856 pid4c6a
71.04270999280266  1.8961992000853187 74.8351083929733 pid4b2a
71.10783338000238  2.2467044684984963 75.60124231699936 pid4b76
71.19543174575479  1.5810213457384221 74.35747443723163 pid4bce
71.26563010689718  2.185400432059252 75.63643097101568 pid4bff
71.26988132434559  2.902337532206097 77.07455638875778 pid4b49
71.32913660540633  0.7304937507159724 72.79012410683828 pid4bda
71.38607814478573  1.6925991918549501 74.77127652849563 pid4bb0
71.69130309026744  2.6317485081788163 76.95480010662507 pid4c75
71.79589451560504  2.639420184759259 77.07473488512356 pid4ba0
71.84776381915879  0.9502492570014989 73.74826233316179 pid4c7f
71.86501601224059  1.8869901257193042 75.63899626367919 pid4b4b
71.8751372172256  2.911948907821361 77.69903503286832 pid4c39
72.04731901805881  2.5168017249175576 77.08092246789393 pid4c5a
72.43071724456041  2.154859625990696 76.7404364965418 pid4b2e
72.49278179898224  1.4997067238976447 75.49219524677753 pid4c3c
72.69548399839901  1.6207738378098884 75.93703167401878 pid4b75
72.89898053658086  1.496110251225939 75.89120103903274 pid4b2f
72.95514150424741  2.1226916847212918 77.20052487368999 pid4af9
73.0541147386923  1.792578092833447 76.6392709243592 pid4bb9
73.12642157819144  2.859550722170044 78.84552302253152 pid4c79
73.30267067832278  1.5203934137178443 76.34345750575847 pid4c5c
73.64954037632754  1.1927940749501382 76.03512852622781 pid4c3a
73.81693934607135  1.769245855534479 77.35543105714031 pid4c31
73.87787568739932  0.44336097962564414 74.76459764665061 pid4b9b
73.89896103163551  1.6950570009082355 77.28907503345198 pid4bd4
73.90453285312128  2.6020617802414656 79.10865641360421 pid4b31
74.06813971001638  1.3915012836446952 76.85114227730577 pid4b62
74.12926776470596  1.284199041624738 76.69766584795543 pid4b97
74.27932335983778  1.7652887630000689 77.80990088583792 pid4b21
74.3908553367901  1.4316996179255472 77.25425457264119 pid4be6
74.48746198278228  2.602421108489923 79.69230419976212 pid4b87
74.62613108972388  2.9105957889425205 80.44732266760893 pid4b7d
74.80243567982252  1.5793789555896782 77.96119359100187 pid4adf
75.05089110563276  2.3700527826944837 79.79099667102173 pid4afd
75.05981630805618  2.2023230218846623 79.4644623518255 pid4b9c
75.20480641553941  2.2779410419244432 79.7606884993883 pid4ad1
75.91469322268262  1.68443028672547 79.28355379613356 pid4b7b
76.18085177302375  2.2851296582759826 80.75111108957572 pid4af3
76.38051420487874  0.44381577233351366 77.26814574954577 pid4c3b
76.61679043494722  0.7077630874146104 78.03231660977644 pid4ae8
76.91297742132853  0.8236796717192667 78.56033676476707 pid4b32
77.04828680745598  2.1534988139759283 81.35528443540784 pid4c44
77.05553594747809  1.2207411145586144 79.49701817659532 pid4c55
77.25980889992115  2.132126199993423 81.524061299908 pid4c00
77.77826087975821  0.42979605487773054 78.63785298951368 pid4b46
77.82114943405918  0.6629764809961416 79.14710239605147 pid4b36
78.34445707883685  2.477391269490604 83.29923961781806 pid4b5f
78.50236034267805  2.779265329480228 84.0608910016385 pid4b8d
79.38096491348362  0.4699167765329197 80.32079846654946 pid4ad8
79.67754766416363  1.4487376605189732 82.57502298520157 pid4c82
79.73874707480317  1.765602946170429 83.26995296714404 pid4bfc
79.91785434810642  0.8125589397464009 81.54297222759922 pid4b39
80.02429667524403  1.7249997011844074 83.47429607761285 pid4bc7
80.06170589741544  2.808757435599462 85.67922076861436 pid4c01
80.17831342297573  1.0179553454873749 82.21422411395048 pid4b19
80.29063085154424  2.9894471834574166 86.26952521845907 pid4bad
80.31669299237902  1.4386711337027664 83.19403525978456 pid4bcb
80.38977617015112  2.130129828816976 84.65003582778508 pid4b92
80.67154488476042  2.033587614886053 84.73872011453253 pid4b64
80.73945995585879  2.082504914165105 84.904469784189 pid4c77
82.01021328538218  1.0248081797611333 84.05982964490444 pid4ae4
82.30328946695622  2.214118402046129 86.73152627104847 pid4b1a
82.3290679951999  1.8810076698152827 86.09108333483047 pid4b65
82.57855599125672  0.5190873202016406 83.61673063166 pid4b23
82.98613464285283  1.748841272796132 86.4838171884451 pid4b0b
83.24300186397083  1.3850291666387633 86.01306019724836 pid4c22
83.30692559784715  1.173545613915338 85.65401682567783 pid4c59
83.84310996302102  1.8806737690160142 87.60445750105305 pid4c74
83.85305328487132  2.4050414826358804 88.66313625014308 pid4b98
83.85811761171196  2.8920232246788298 89.64216406106962 pid4b14
84.92428658799123  0.6637154168249546 86.25171742164115 pid4c51
84.9814855639115  2.834222953089425 90.64993147009035 pid4be1
84.99403099199449  1.1426645357161407 87.27936006342678 pid4b9d
84.99909291452707  1.606121391090796 88.21133569670866 pid4c6d
85.39948351802418  2.3524673428849026 90.10441820379398 pid4c4b
85.6646655312418  2.467454566440465 90.59957466412273 pid4c25
85.75643838756322  1.3454550690588638 88.44734852568095 pid4b33
86.31139963077885  1.4671416864219644 89.24568300362279 pid4b71
86.417084672058  1.3270994980357835 89.07128366812957 pid4b48
86.71698336262172  0.6225962807199117 87.96217592406154 pid4ad2
86.72001360360096  0.5122534731089402 87.74452054981884 pid4ba6
86.72573103623071  2.1422878335133806 91.01030670325747 pid4c0c
86.7549966457691  1.3153515095711112 89.38569966491131 pid4c7b
87.35246331585003  2.4650023365522453 92.28246798895452 pid4b22
87.73293988390168  0.41474421760697106 88.56242831911563 pid4b3e
88.49877611472027  0.6593765998637434 89.81752931444775 pid4bc6
88.68259974741666  1.5382238217741704 91.759047390965 pid4c08
89.00829601668107  1.027997839132062 91.0642916949452 pid4b4f
89.09538820207739  1.84252257924568 92.78043336056875 pid4b55
89.13683008680268  2.2321956550295385 93.60122139686175 pid4be8
89.18651529242287  1.1348132308366776 91.45614175409622 pid4c2c
89.26886064340029  2.124274423958498 93.51740949131728 pid4b07
89.51280620576095  1.104521175514337 91.72184855678962 pid4bd3
89.62287816651383  2.4248175159739667 94.47251319846177 pid4c0f
89.8600880935469  1.921631724598893 93.7033515427447 pid4aeb
89.95460286677093  2.91992750818452 95.79445788313997 pid4bd9
90.03753677124735  2.5730360414186655 95.18360885408468 pid4bcc
90.25005186820958  1.0284427523602286 92.30693737293004 pid4b51
90.46457024029493  1.1349417652598341 92.7344537708146 pid4b6e
90.95774157373089  0.4599489447454365 91.87763946322175 pid4bf9
91.45689552971415  2.227002362707891 95.91090025512993 pid4af8
91.75500228775621  1.261498129333139 94.2779985464225 pid4ba9
91.85146376874678  2.852236932777914 97.55593763430261 pid4b11
91.88756176300612  2.0899155680521315 96.06739289911039 pid4ba8
92.10200286398857  1.2754019588430754 94.65280678167473 pid4c4c
92.15423009382818  1.5230564993689453 95.20034309256607 pid4b02
92.1545814122551  2.399913353751719 96.95440811975854 pid4aff
92.38506160147263  0.9615149917234062 94.30809158491944 pid4afe
93.38835627417362  2.7659485888158613 98.92025345180534 pid4bee
93.50212247153267  2.0774663875587422 97.65705524665016 pid4c6b
93.61758083883268  1.063244240189679 95.74406931921203 pid4ba7
93.6760057001915  2.855112694847135 99.38623108988577 pid4c1f
94.04934114709337  1.5731904507865262 97.19572204866643 pid4b85
94.22365384161658  2.159006088043643 98.54166601770386 pid4c54
94.32818780364018  1.7920318668904738 97.91225153742113 pid4b13
94.72080865930498  2.7337758800501604 100.1883604194053 pid4b84
96.10297585463925  2.3955573434525084 100.89409054154427 pid4aee
96.1968470570103  1.6306214784807453 99.4580900139718 pid4b2d
96.73860026990562  0.9152409719723228 98.56908221385027 pid4c56
96.7572215371121  2.6414840905754025 102.04018971826291 pid4b6d
96.99156874584048  1.8203143705206992 100.63219748688188 pid4bab
97.12287136920362  2.3340300183490728 101.79093140590177 pid4ade
97.54633912977702  1.6616670115280727 100.86967315283317 pid4c2f
98.01109519397467  2.2012052658299273 102.41350572563452 pid4bfb
98.08036800436368  0.7151564164788593 99.5106808373214 pid4b08
98.30937449818077  2.89108774926374 104.09154999670825 pid4c33
98.3888612679829  1.3205453047443427 101.02995187747159 pid4be5
98.7063803361378  1.509368656035058 101.72511764820791 pid4c03
99.08153451058753  1.2992303555562998 101.67999522170012 pid4b0c
99.08818247728263  1.3735690231547295 101.83532052359209 pid4bdf
99.45224710973591  2.8896984836982895 105.23164407713249 pid4b10
99.51484057818548  0.6489257640708324 100.81269210632715 pid4c30
99.74586368371027  0.41621784360655356 100.57829937092338 pid4b50
99.7962805710074  0.8600999823511994 101.5164805357098 pid4ad6
99.79953947965747  0.9906018047667605 101.78074308919099 pid4bb8
