0.15765483859642715  0.6500746417264981 80.15765483859643 pid447
2.1834603921958964  1.2404742872212868 82.1834603921959 pid42b
6.348499893579102  1.7872474446287323 86.3484998935791 pid423
11.118450069464291  1.8680943579351763 91.11845006946429 pid435
13.700730277848283  0.9985115976702701 93.70073027784828 pid433
14.190222334394448  1.4818917086347823 94.19022233439445 pid41f
17.54404391894354  1.723879329725966 97.54404391894354 pid43c
18.08834612569445  0.5026236736191989 98.08834612569444 pid427
24.371684689925694  1.6107677161883578 104.3716846899257 pid428
25.35494686955641  1.7056417482650448 105.35494686955641 pid438
35.03102150228045  0.8094696576397852 115.03102150228045 pid442
36.185050301547854  0.9321750458989893 116.18505030154785 pid421
39.8322829375844  1.8476718213034657 119.83228293758441 pid41a
45.695587972724404  1.6956857485885397 125.69558797272441 pid41b
47.580220819573  0.7180321188221116 127.580220819573 pid429
48.35864569554762  1.9596663861728318 128.35864569554764 pid440
49.07588872470502  0.6276931297843347 129.075888724705 pid42d
53.44000405299074  1.085054384362949 133.44000405299073 pid41d
61.93686180742867  1.2521306966268877 141.93686180742867 pid420
65.62311701699565  0.6920355921203125 145.62311701699565 pid446
66.71976650134312  0.7321974358609367 146.71976650134312 pid422
67.86902309029882  1.8658096115247733 147.8690230902988 pid432
68.3957128068173  1.8044713919520352 148.3957128068173 pid445
69.74284570027824  1.4015964017023936 149.74284570027822 pid431
70.98778209530902  1.0639233298486759 150.987782095309 pid43a
75.30461109585106  1.1735369422283246 155.30461109585104 pid42c
79.90245413960348  1.2129348543922993 159.9024541396035 pid449
82.78183734826347  0.5656279138902578 162.78183734826348 pid43b
84.30379388666843  1.3744730460693066 164.30379388666842 pid426
87.81954955206783  1.0636439385595748 167.81954955206783 pid41c
89.12345437032337  0.9940995320212858 169.12345437032337 pid448
90.41312106448966  0.6630530263243954 170.41312106448964 pid42a
93.57041859300482  1.0503017993377328 173.57041859300483 pid444
98.23474190226806  1.074152750473388 178.23474190226807 pid42f
102.24910438439856  0.6585951633451509 182.24910438439855 pid430
102.93774786297723  1.0072371601975068 182.93774786297723 pid44a
103.368013868127  1.0867286508490073 183.36801386812698 pid443
106.86414141245297  1.0376457100201715 186.86414141245297 pid434
109.89108208098695  0.6456604563642351 189.89108208098696 pid439
110.55165786878848  1.2636712666814351 190.55165786878848 pid42e
115.94790264209433  1.5707691100361691 195.94790264209433 pid437
122.18828932072392  1.4225652457525446 202.18828932072392 pid43d
136.268132863752  1.0001161119367061 216.268132863752 pid436
141.3470169176388  0.5225825580128516 221.3470169176388 pid424
142.24612944219743  1.9200997324978368 222.24612944219743 pid43e
142.4120052345099  1.2139788870850658 222.4120052345099 pid44b
145.34972753571932  1.2049055474241102 225.34972753571932 pid441
146.08428355716902  0.9946865007048169 226.08428355716902 pid41e
146.42012985501  0.8536293718268467 226.42012985501 pid43f
148.35513010428173  1.9265750283389296 228.35513010428173 pid425
