1.3402431271472226  2.1210722938951365 5.582387714937496 pidf5d
1.578526351318743  0.4437257829027279 2.465977917124199 pidf9f
1.995149452177214  2.8798489368252653 7.754847325827745 pidf82
3.4151152983921906  0.7146144118175897 4.84434412202737 pidf93
4.610725447057396  1.7972769265256572 8.20527930010871 pidf94
5.314843634167854  1.7557629636343597 8.826369561436573 pidf3a
5.710579273071248  1.6567329734015432 9.024045219874335 pidf0d
6.780776969673408  1.2907572843639588 9.362291538401326 pidf15
7.277708981626841  0.999933438987266 9.277575859601374 pidf28
7.908428186729943  1.537422877998201 10.983273942726345 pidf80
8.245004559999558  1.9000571460210751 12.045118852041707 pidf48
8.390114783212699  1.3255711595222666 11.041257102257232 pidf43
8.567719803473295  1.2714980978814778 11.110715999236252 pidf7e
8.948420156985959  0.42282099593076206 9.794062148847484 pidf5c
9.272060313207009  0.5840519143680636 10.440164141943136 pidf8f
9.855040223504496  2.288203243291842 14.43144671008818 pidf3c
10.008182173452262  1.8618435809170828 13.731869335286428 pidf1c
10.572692918865245  0.9437803125726786 12.460253544010602 pidf5b
11.167018383682947  0.7602546128532659 12.687527609389479 pidf4e
11.790080360176326  1.1520353588497874 14.0941510778759 pidf64
12.308668815586088  2.302173198844297 16.913015213274683 pidf79
16.328133188865134  2.489087572598482 21.3063083340621 pidf1f
16.354400470980735  1.4286860865208002 19.211772644022336 pidf18
16.548152971787477  2.8361217783812953 22.22039652855007 pidf6e
16.652407688832128  0.5029780442269383 17.658363777286006 pidf36
16.842294050947537  2.289781782292599 21.421857615532737 pidf89
17.013612621429843  2.4229923178033563 21.859597257036555 pidf92
17.234265362921242  2.673816756276054 22.58189887547335 pidf26
17.951954845213812  2.069320929681058 22.09059670457593 pidf38
17.987189137646453  2.074775440920001 22.136740019486457 pidf3e
19.26671490804749  1.566367675865434 22.39945025977836 pidf76
19.83100820287962  1.6079210513000337 23.046850305479687 pidf14
20.075913243295062  1.0830573772913967 22.242027997877855 pidf87
20.529755499374  1.0025544044881411 22.534864308350283 pidf72
20.563958645967382  2.506346244758238 25.576651135483857 pidf0f
21.269745839169808  1.9613988172363794 25.192543473642566 pidf31
21.68595448226488  2.2800510644345895 26.24605661113406 pidf54
21.732716033208078  1.5490572165838161 24.83083046637571 pidf9e
22.65661453190554  0.9196159051865601 24.49584634227866 pidf71
25.733624831523105  2.5326849270079714 30.79899468553905 pidf2a
26.87907984157869  2.565830885673933 32.01074161292656 pidf78
27.467832388760115  0.9969481307068581 29.461728650173832 pidf1d
28.116978662493253  2.4295811276337895 32.97614091776083 pidf4d
28.846558139215585  1.4076168076014999 31.661791754418584 pidf6c
29.249405405989958  0.5164937932373684 30.282392992464693 pidf88
29.55989113313855  0.426707420418594 30.41330597397574 pidf6d
29.985417728163743  2.485675525302775 34.956768778769295 pidf9d
30.187582018902525  0.9746011242024892 32.136784267307505 pidf57
31.994004334993885  2.1973834138767034 36.38877116274729 pidf7a
32.087729213950375  0.8118208512017376 33.71137091635385 pidf12
32.153987272808834  2.600013299152363 37.35401387111356 pidf27
32.32133106331118  1.2546569613202645 34.83064498595171 pidf67
32.94805088339101  2.8072491853717754 38.56254925413457 pidf49
34.05028441591378  1.9668250917344627 37.98393459938271 pidf6a
34.61151823710836  2.8520262702983707 40.315570777705105 pidf4a
35.90195036206365  1.2860031220792556 38.47395660622216 pidf4b
36.066018058846694  1.6357972997853727 39.33761265841744 pidf7d
36.624923715118044  2.1454345580446468 40.91579283120734 pidf65
37.140017389696546  0.5862077041502618 38.31243279799707 pidf69
38.489835529635066  1.6966490927026636 41.883133715040394 pidf33
38.54382373573788  2.723888381132468 43.99160049800282 pidf53
38.68379820856494  0.42026762833594833 39.524333465236836 pidf35
40.59949061610458  1.4317932557448825 43.463077127594346 pidf40
40.632433325799575  2.666804244290075 45.96604181437972 pidf9c
40.8591610679871  2.7185116344305222 46.29618433684815 pidf10
41.14440112698728  2.087696340188184 45.31979380736365 pidf41
41.27119323414307  1.8665314827988593 45.00425619974079 pidf19
41.76790129934058  2.383687991200964 46.53527728174251 pidf25
43.20855077729577  2.217957304222925 47.64446538574162 pidf32
43.29030420210768  0.9676798811536402 45.225663964414956 pidf86
43.419874987485144  0.9077553188506731 45.23538562518649 pidf22
44.018375268940105  2.9936589248045506 50.0056931185492 pidf51
44.72695977838054  2.4929485100150726 49.712856798410684 pidf0a
45.65431720502905  2.3454070946775984 50.34513139438425 pidf24
45.65687340125153  1.3888969688548976 48.434667338961326 pidf3f
46.148128511698594  2.0348300309149434 50.21778857352848 pidf99
47.795305109494336  1.3591232821253851 50.513551673745106 pidf58
48.58614769689444  1.623921691283134 51.83399107946071 pidf4f
48.88901387017535  1.6734538579899172 52.23592158615518 pidf70
49.13995660759921  1.4918424129572885 52.12364143351379 pidf29
49.84359979420335  1.4335735715204136 52.710746937244174 pidf2d
52.428926394859275  0.4837083938768329 53.39634318261294 pidf2c
52.71923051582018  0.6174594063129641 53.95414932844611 pidf47
52.75005363109979  2.223141720145153 57.1963370713901 pidf45
53.8965866588185  1.555020075946731 57.006626810711964 pidf55
54.15202951662833  0.7719188068656302 55.695867130359595 pidf91
54.87148204154838  2.367496781972289 59.60647560549296 pidf75
56.02156416487685  1.71719081026448 59.45594578540581 pidf2b
57.05844268680441  1.7097761852215703 60.477995057247554 pidf42
57.189729155233124  2.287857567494957 61.76544429022304 pidf13
58.10798867319933  0.9099383372818675 59.92786534776307 pidf8a
58.4791054247296  2.7549558027100174 63.98901703014964 pidf50
59.489314055163454  0.793136068302103 61.07558619176766 pidf66
59.492463072750134  1.4480976512958401 62.38865837534181 pidf5e
63.40593856525841  2.9687515826839928 69.3434417306264 pidf6b
64.51869790701613  0.6671162737686801 65.85293045455349 pidf0e
65.14758879340314  2.2279647466359447 69.60351828667504 pidf7f
65.2535267160143  0.7901194337625131 66.83376558353933 pidf8d
65.39666300873468  1.0705795713973254 67.53782215152933 pidf17
65.53047264369943  2.686371375579909 70.90321539485925 pidf1a
66.11310835710714  2.377828616761212 70.86876559062956 pidf74
66.99725830650158  0.526460804218493 68.05017991493857 pidf3b
67.15118789374704  1.3146961095539504 69.78058011285493 pidf83
68.0603491521167  0.7866295012860576 69.63360815468882 pidf60
68.84156270967604  1.263313842322148 71.36819039432034 pidf2e
68.87094334502885  0.8751281264676165 70.62119959796408 pidf21
69.77108990875436  0.5005500606871244 70.77219003012861 pidf52
71.03792893967015  2.2162480519377916 75.47042504354573 pidf63
72.21345008211341  1.0192768049734315 74.25200369206027 pidf34
72.5120930559713  2.1040529656741884 76.72019898731968 pidf97
73.87630110741009  0.9395554711326737 75.75541204967543 pidf0b
74.31337641016276  1.3816539784409616 77.07668436704468 pidf7c
75.2602383805597  2.3120183580379434 79.88427509663559 pidf90
77.10613026650047  2.878143648783075 82.86241756406662 pidf81
77.5878766221464  0.5176232348986253 78.62312309194364 pidf5f
78.41115920755821  2.974388762734627 84.35993673302747 pidf9a
79.44976820488017  1.0361191683346302 81.52200654154943 pidf39
79.82128166168462  2.804467696222727 85.43021705413008 pidf23
80.26955728593207  2.8256270674563484 85.92081142084476 pidf0c
80.80590640411636  0.6759300396220107 82.15776648336038 pidf6f
81.37245087091462  2.62414492229031 86.62074071549524 pidf8b
81.44828638975012  2.5054331649152295 86.45915271958059 pidf11
81.87085206685481  1.3646562525950543 84.60016457204492 pidf85
82.68602835724033  2.37554552164003 87.43711940052039 pidf4c
83.56118096267  2.494420546086346 88.55002205484269 pidf8c
84.28430965026162  0.47742977073999593 85.23916919174161 pidf96
85.26293852885213  1.6897983627594413 88.64253525437101 pidf73
85.34153319931818  0.8636319297518298 87.06879705882184 pidf3d
86.77066367164196  1.2499882599528584 89.27064019154767 pidf62
87.0521709366933  2.8493700026484663 92.75091094199023 pidf61
88.5215497075955  1.630556029506205 91.7826617666079 pidf56
89.6095809424017  2.280634208883689 94.17084936016909 pidf8e
89.91617109647586  1.937111703567734 93.79039450361134 pidf1e
90.34607047732433  2.7452724519804312 95.8366153812852 pidf37
90.53876331421573  0.9692438533870072 92.47725102098974 pidf46
91.23844048463563  0.4220506624766311 92.08254180958889 pidf44
91.4314311747836  2.821806812713927 97.07504480021146 pidf2f
91.47246991785234  1.8597245379039289 95.1919189936602 pidf30
92.83503747096027  2.6585264846396703 98.15209044023962 pidf77
93.24577847914517  1.6578258194302844 96.56143011800575 pidf5a
95.0190741880847  0.6274577737813171 96.27398973564733 pidf95
97.0876329855057  0.5301861604546034 98.14800530641492 pidf59
97.59631077594163  1.676956220496432 100.95022321693449 pidf84
97.95894215542225  0.5857197492757046 99.13038165397366 pidf1b
98.09582388950189  0.6463809664497532 99.3885858224014 pidf7b
98.15225130918174  1.3737952729815621 100.89984185514486 pidf98
98.94498241488976  0.5344212759544135 100.0138249667986 pidf20
99.24066582077387  2.0672150105741482 103.37509584192216 pidf16
99.31267757722317  2.22840613628644 103.76948984979605 pidf68
99.74016417321009  1.9070402112291682 103.55424459566842 pidf9b
