0.12391157122164653  0.5271148000255471 80.12391157122164 pid1c34
0.2686724176236055  1.1212179922225685 80.2686724176236 pid1bb6
0.65534479039  1.723816252306472 80.65534479039 pid1d12
1.1267538278390998  1.2199289262616102 81.1267538278391 pid1bc9
1.5105743774673552  0.8923592695812674 81.51057437746735 pid1b90
1.744481578108975  0.8220461229682561 81.74448157810897 pid1c1d
2.5308876742467623  0.8918469275502727 82.53088767424676 pid1c22
2.747489276173537  0.5011152587196046 82.74748927617354 pid1c4e
3.3161979761509808  1.1454509562673725 83.31619797615097 pid1cfc
3.348790216758646  1.7157678178196405 83.34879021675864 pid1bcc
3.554123344508092  1.9227933614962867 83.5541233445081 pid1b7b
3.6510719505359504  1.2744797434110717 83.65107195053595 pid1c51
3.698051634120292  0.5519258215836185 83.69805163412029 pid1ba3
3.8163170183757034  1.764641932461482 83.8163170183757 pid1d0e
4.230636805491805  1.9231395943176286 84.2306368054918 pid1c29
4.242807767878981  1.8658656661697632 84.24280776787899 pid1c5e
4.853702670282112  1.4500023929299228 84.85370267028212 pid1c0a
6.001708384951643  1.4877134197670931 86.00170838495164 pid1c3f
6.245074860253974  1.9537792641877048 86.24507486025398 pid1bc0
6.768561676109364  1.7659199329588895 86.76856167610936 pid1c52
6.840437670490429  0.7708447585941901 86.84043767049043 pid1c32
6.886906684599797  1.0526432760301565 86.8869066845998 pid1c6e
7.064394388515094  0.7092197775783413 87.0643943885151 pid1bb4
7.218249663510123  0.8483886073236981 87.21824966351012 pid1d0a
7.45490804455512  1.9731018320112552 87.45490804455513 pid1c54
7.713041983522794  0.6743700250078191 87.7130419835228 pid1cf9
7.922141379434483  0.7235938637003513 87.92214137943448 pid1bab
8.005260182386136  1.8915399677919928 88.00526018238614 pid1bb7
8.755310887416245  0.8997221223158048 88.75531088741624 pid1b9e
9.124004164695027  1.4647994563546165 89.12400416469502 pid1c83
9.341422591947197  0.7182017882474414 89.3414225919472 pid1cab
9.371934875980969  1.9127738373398053 89.37193487598097 pid1c2b
10.512893651854771  0.5920830611574854 90.51289365185477 pid1c84
10.655185788600779  1.8527556451614573 90.65518578860078 pid1b62
10.986843796306307  0.7467109852727133 90.9868437963063 pid1d02
11.625529224053032  1.2695698280728394 91.62552922405303 pid1c0d
12.354846119685464  1.635764901350892 92.35484611968546 pid1ce2
12.939626016329026  0.6604107173241391 92.93962601632903 pid1ccf
13.012942331094802  1.397432261616359 93.0129423310948 pid1c45
13.498620469478045  0.6496240820721073 93.49862046947804 pid1cc9
13.531211184577224  0.8151862536878314 93.53121118457722 pid1c2a
13.612296618482006  1.4330264444850245 93.612296618482 pid1bde
14.307941224827164  1.2634040886798859 94.30794122482716 pid1c35
14.422720294442298  0.7320921773813526 94.4227202944423 pid1ba2
14.487718192172899  1.6786700483130006 94.4877181921729 pid1c49
14.592472998643025  1.7546819070147508 94.59247299864302 pid1b78
14.674409366073432  1.457080137157438 94.67440936607343 pid1c03
14.910008704195304  1.2097869571607043 94.9100087041953 pid1b59
15.434489221122371  1.9683518707103653 95.43448922112238 pid1b7f
15.461511317508785  0.8255934882613396 95.46151131750878 pid1c43
15.594486089094966  1.210157033792907 95.59448608909497 pid1bb5
15.90181822008021  1.11088155056065 95.90181822008022 pid1c73
16.212468552701697  1.5345603861788408 96.2124685527017 pid1b6b
16.220470460129448  0.9642848921757186 96.22047046012945 pid1ce3
16.37039740476356  1.0128766782529386 96.37039740476357 pid1b99
16.850431599221004  1.6876375265872048 96.850431599221 pid1cb3
17.839311058197143  1.5611203759054906 97.83931105819714 pid1c8e
18.570230770807  0.6466384219989207 98.570230770807 pid1c23
19.26282492244206  1.739149154963771 99.26282492244206 pid1bb1
19.838538385833782  1.1009360323153092 99.83853838583379 pid1cdd
20.540199868180643  1.329142824179427 100.54019986818065 pid1c47
21.601021629419865  1.444505814757377 101.60102162941986 pid1d15
22.043609809533542  1.468923598979603 102.04360980953354 pid1d05
22.085489964272785  0.5999978446862075 102.08548996427278 pid1baa
22.759582722337118  1.8640874290162062 102.75958272233711 pid1bf9
22.82940033987814  0.6350446823888324 102.82940033987813 pid1c69
22.850638153274723  1.3439263329730688 102.85063815327473 pid1b93
22.93622748292038  0.6000063748026001 102.93622748292037 pid1cf8
23.05970021164585  1.2929845381235034 103.05970021164585 pid1b5c
24.299456100877865  1.3891364786422897 104.29945610087786 pid1c66
24.32038861054313  1.5949834053781138 104.32038861054313 pid1b75
24.79623110212556  1.7003961201978475 104.79623110212556 pid1c88
25.390247139188617  0.5572091062473554 105.39024713918862 pid1c9b
25.476869194351124  1.5409281167358873 105.47686919435112 pid1b82
25.528358383849454  0.5138954636978589 105.52835838384945 pid1d0b
25.655484644144856  0.9603880662031752 105.65548464414485 pid1c6d
26.150413423454737  1.7348961854926093 106.15041342345474 pid1c2d
27.07467864951909  1.407521102775347 107.07467864951909 pid1c13
27.94422746423396  1.7907781196802437 107.94422746423396 pid1ba4
28.434471396477928  0.9697941636483932 108.43447139647793 pid1cf7
28.60417991731016  1.3614062166149792 108.60417991731016 pid1b8d
28.963772272007738  1.6080363230357664 108.96377227200773 pid1d10
29.235455695753508  1.936037673906123 109.2354556957535 pid1c04
29.251174687541198  1.3321568335836167 109.2511746875412 pid1bb3
31.272429730675945  1.622961471754293 111.27242973067595 pid1bfc
31.31462501937385  1.0594651752376376 111.31462501937385 pid1ca2
31.791655404963805  0.8025391168157435 111.7916554049638 pid1ccc
31.86098583967946  1.244624095548779 111.86098583967946 pid1c96
32.17023106519145  1.3088213723923583 112.17023106519144 pid1d16
32.25642673294881  1.3644773773079049 112.25642673294881 pid1bcd
32.31371244316292  1.8488263927727913 112.31371244316293 pid1bb8
32.34502886517264  1.893396615427453 112.34502886517264 pid1d06
32.463312141085204  1.6128344476123004 112.4633121410852 pid1ccb
32.59347777419675  1.6929295840511007 112.59347777419674 pid1c6b
32.7089860808733  1.8226942228064478 112.7089860808733 pid1c50
32.84893119236623  1.0049290106112374 112.84893119236622 pid1cdb
33.001012539954395  0.9420799347411006 113.00101253995439 pid1d11
33.63327479749725  1.6092637093532753 113.63327479749725 pid1cc5
33.745621265985434  1.9554450800285865 113.74562126598543 pid1c80
34.57793641050249  1.0041513264203115 114.57793641050249 pid1bb0
34.5859287527623  1.4939528849552384 114.5859287527623 pid1b61
34.59915239768988  1.1707996267518777 114.59915239768988 pid1bcf
34.75027050127838  1.4914372265471536 114.75027050127838 pid1c8f
35.05477894461654  0.8457140964882016 115.05477894461654 pid1c75
35.2357475694603  1.8685389288585528 115.2357475694603 pid1c40
35.39097617474031  0.8163073348443342 115.3909761747403 pid1c05
35.463763624814945  1.2723895910771121 115.46376362481494 pid1b74
35.75577672184903  1.1133231995695068 115.75577672184903 pid1cb6
36.112998419328314  1.3397514773355965 116.1129984193283 pid1c3c
36.59733504996902  0.9995045961426101 116.59733504996902 pid1c87
36.88186415185092  0.9180702998035923 116.88186415185092 pid1ca5
36.95771595767129  0.9930726044461118 116.9577159576713 pid1b7a
37.09255625034491  0.7749005746826655 117.09255625034491 pid1cf6
37.576884504688444  1.221317403655898 117.57688450468845 pid1ce9
37.87316315503318  1.0136236209821954 117.87316315503318 pid1be4
38.040133418486064  1.079937513888194 118.04013341848606 pid1c2e
38.61712190048839  1.7856337050827649 118.6171219004884 pid1bad
38.6578469899667  0.5563844183546311 118.6578469899667 pid1cfa
38.74942655501998  0.9257098697402218 118.74942655501998 pid1c89
39.05268459200403  1.7139804470581108 119.05268459200403 pid1be6
39.38398393881807  1.0911710139932196 119.38398393881806 pid1b80
39.6227094362446  1.1515718570011075 119.6227094362446 pid1cbf
40.64341915874265  1.3378672512383656 120.64341915874266 pid1cd9
40.78704997446347  1.0998137017037468 120.78704997446347 pid1c61
40.99423504948817  0.7848861640906075 120.99423504948817 pid1bfd
41.198206469997345  1.0324431202832312 121.19820646999734 pid1b9a
41.801496672743795  0.9054875761144532 121.8014966727438 pid1bb2
42.248281518102125  1.6076086353155838 122.24828151810212 pid1cd1
43.31066450694409  1.2782485310100786 123.3106645069441 pid1d18
43.390384203855966  1.3093904278202753 123.39038420385597 pid1c98
43.46530478652388  1.0290211448861233 123.46530478652389 pid1cde
43.814873137314045  0.8817178162459127 123.81487313731404 pid1c19
44.985134643086006  1.87607724058816 124.98513464308601 pid1bc8
45.185603810936186  0.53102316154959 125.18560381093619 pid1c7f
45.21749690685434  1.0434675801357727 125.21749690685434 pid1b8f
45.93055234717392  0.8291567967087319 125.93055234717391 pid1cc2
46.447276935099445  1.4334585182303186 126.44727693509944 pid1c58
47.014490182147966  0.9606381027019806 127.01449018214797 pid1b83
47.51703910418037  1.6173490088749503 127.51703910418037 pid1d07
47.77818253902167  1.8381075565929794 127.77818253902167 pid1c92
48.36787264165084  0.7893078333261228 128.36787264165085 pid1c2c
48.45373587645035  0.609994657669656 128.45373587645037 pid1c3a
48.75445609609566  1.906650251357846 128.75445609609565 pid1c68
48.81318249144128  0.8839097038075436 128.8131824914413 pid1cf5
48.83777880671663  1.2277088888589645 128.83777880671664 pid1c72
48.84003744701409  0.6244987604395615 128.84003744701408 pid1bf1
49.31773968579486  0.6465611102332398 129.31773968579486 pid1bff
49.904969562272875  1.5782344839244715 129.90496956227287 pid1b7d
50.52390381059635  0.7801790696994404 130.52390381059635 pid1c4a
52.96653716634269  1.928105278600923 132.96653716634268 pid1bc2
53.01857392306738  0.8745228005505932 133.01857392306738 pid1bbb
53.45996554542566  0.6645952131568273 133.45996554542566 pid1d01
53.48092790957836  1.9839437852290684 133.48092790957836 pid1be2
53.714281540573545  1.029217605284192 133.71428154057355 pid1cd3
54.06381869996642  1.0161819699448387 134.06381869996642 pid1cc4
54.07634856339762  1.4946191355705727 134.07634856339763 pid1cac
54.131340448964444  1.9290804212474137 134.13134044896444 pid1c41
54.16718224097733  1.7719775830852211 134.16718224097733 pid1cd6
54.353034813447756  1.9894582466441384 134.35303481344775 pid1c0e
55.34326356736194  1.9678633366677833 135.34326356736193 pid1bdd
56.07308993337655  1.2227291099762723 136.07308993337654 pid1c48
56.67560325871072  1.1935057190161065 136.67560325871074 pid1c44
56.87091771671795  1.1486907399267294 136.87091771671794 pid1c0f
57.4776830042984  1.2480425001633495 137.4776830042984 pid1c24
58.014534722348365  1.3864079345877138 138.01453472234837 pid1cfb
58.606343599565314  0.7994275086283751 138.60634359956532 pid1be0
58.61831572291217  1.4652161395348786 138.61831572291217 pid1b5b
59.10668933037685  1.7479399234102386 139.10668933037687 pid1d09
61.363081574112  1.12665433717219 141.36308157411202 pid1c1f
61.51546346048198  0.7599966698230236 141.51546346048198 pid1c77
62.35151940605388  1.394533484528483 142.35151940605388 pid1c74
62.78533771269934  0.6097761871285942 142.78533771269935 pid1bca
62.98355752343849  1.9551338129658165 142.9835575234385 pid1ba6
63.0494432407271  0.961309595735119 143.0494432407271 pid1ba5
63.11296100999777  1.2054729980137235 143.11296100999778 pid1bce
63.32769815422273  1.8373012138552043 143.32769815422273 pid1cef
63.35248010211729  1.8194900198149913 143.35248010211728 pid1c78
63.634685595956604  1.1668214574000353 143.6346855959566 pid1d03
63.97820284602333  0.8867427677102941 143.97820284602332 pid1b6d
64.23990829319081  1.592623439366721 144.2399082931908 pid1bda
64.46818958159454  0.9664594289594155 144.46818958159454 pid1c07
65.26879291403684  0.9588598053525463 145.26879291403685 pid1bc1
65.53638801148924  1.5517432567160219 145.53638801148924 pid1c01
65.5426030524683  1.6504129515607835 145.54260305246828 pid1b5d
65.66799929817144  1.2806946727370543 145.66799929817142 pid1ceb
66.35944988985167  0.759303228461162 146.35944988985167 pid1bef
66.77391726722182  1.6950686653517961 146.7739172672218 pid1bfb
66.87261569405797  1.7536042667720393 146.87261569405797 pid1c60
66.98002460477235  1.7120745541644318 146.98002460477235 pid1bbf
67.10687664800102  1.1402095598940825 147.10687664800102 pid1d17
67.51940232905014  0.8171356320217973 147.51940232905014 pid1bd3
69.18262745860882  1.788179621081406 149.1826274586088 pid1d0f
69.43339765436004  1.7990707502765133 149.43339765436002 pid1caa
69.69334679534983  1.3293907352587948 149.69334679534984 pid1bdf
69.74709204720891  0.9664685016873595 149.74709204720892 pid1ba7
69.89231634883724  1.1638663398404643 149.89231634883726 pid1cc6
70.08802224202748  1.9133748820000274 150.08802224202748 pid1ca3
70.11763754170903  1.0027230380348113 150.11763754170903 pid1cd4
70.36360526976728  1.067209901281864 150.36360526976728 pid1b8b
70.56720753464727  0.5436006802584372 150.56720753464725 pid1c3b
70.71322308284077  1.1719920635667047 150.71322308284078 pid1d04
71.58915468040875  0.6420600220779092 151.58915468040874 pid1cd5
71.86495157224668  1.239027556017617 151.8649515722467 pid1cb0
72.41565099098052  1.1287904843626948 152.4156509909805 pid1cf1
72.53778163080288  1.6704026960038507 152.5377816308029 pid1c8a
73.35791411131507  1.1078147965434895 153.35791411131507 pid1cee
73.55970451031048  1.1335955195920908 153.5597045103105 pid1cd8
74.29256387610333  1.9106071939060951 154.29256387610332 pid1c17
74.97540618590538  1.4724322450821516 154.9754061859054 pid1b9b
75.09637095400394  1.1051905260205106 155.09637095400393 pid1b86
75.1208812138674  0.9279486766254015 155.1208812138674 pid1cbc
75.88712309591439  0.9601326517768829 155.88712309591438 pid1c0c
75.8943186051137  1.6350579242239516 155.8943186051137 pid1c65
75.97274865090962  1.2424032832864473 155.97274865090964 pid1cb9
76.36764870697158  1.35046455939535 156.36764870697158 pid1cbe
76.66592803787236  1.8040309372340262 156.66592803787236 pid1cff
77.13872034696934  1.2517836263788444 157.13872034696934 pid1c2f
77.24387030288975  1.3209223578661442 157.24387030288975 pid1ca9
77.63729501444236  1.7650904496415123 157.63729501444237 pid1be1
78.63764020431674  1.180362750103522 158.63764020431674 pid1ca4
79.21818104322035  0.5057245747836214 159.21818104322034 pid1cd2
79.2203789625572  1.0728302755309862 159.22037896255722 pid1c5a
79.56674979421655  1.3689230667871075 159.56674979421655 pid1c26
79.73271769310401  1.573328948109886 159.732717693104 pid1ba8
80.26270090362388  0.7826226188144833 160.26270090362388 pid1d0c
80.85364392144318  1.3686249386784688 160.85364392144317 pid1bf0
81.09948465517435  1.6882901698581108 161.09948465517436 pid1c70
81.86544237265777  1.0749256230798725 161.86544237265775 pid1bd9
81.91388309966301  1.724606149923416 161.913883099663 pid1c97
82.04779891628087  1.632268713870264 162.04779891628087 pid1b73
82.41348944175137  1.0243920180959265 162.41348944175138 pid1cad
82.55356634942181  1.9014459146044838 162.55356634942183 pid1c1a
82.58797063321552  1.8591156047317579 162.58797063321552 pid1c57
82.64624993671437  0.7880227187641818 162.64624993671436 pid1b96
82.75595034043637  1.1246307890399776 162.75595034043636 pid1c5f
82.85688999933357  1.5602846475667114 162.8568899993336 pid1b69
83.04560475987927  1.7343110236677561 163.04560475987927 pid1be7
83.29528664062029  1.9370370338165572 163.2952866406203 pid1b64
83.53380172839644  0.8112230281144288 163.53380172839644 pid1ce0
84.24211341364828  0.8934695289900974 164.24211341364827 pid1ca8
84.26572170272185  1.215766778803481 164.26572170272186 pid1cf2
84.29490066570108  0.8703369555938879 164.29490066570108 pid1ce6
84.45933968651785  1.845367041019871 164.45933968651786 pid1b85
84.94432316908768  1.2570439153799489 164.94432316908768 pid1bc4
85.17552910302683  1.2330022150977025 165.17552910302683 pid1c59
85.47724933280666  1.874905162079187 165.47724933280665 pid1c67
85.5843855368111  1.4541987592407069 165.5843855368111 pid1bf4
85.70782849016844  1.77680634395596 165.70782849016842 pid1b8a
85.94556583087777  1.7109253985797883 165.94556583087777 pid1bcb
86.00830974062234  0.9544810461333373 166.00830974062234 pid1b79
86.27707733613747  0.9524405762224388 166.27707733613747 pid1c39
86.7074111516234  0.8938048940711234 166.7074111516234 pid1b5f
87.29811658495639  1.3252014796758567 167.2981165849564 pid1c4b
87.45496651912335  1.0845594002264318 167.45496651912333 pid1bf3
89.38185679356909  0.6336271820211472 169.38185679356909 pid1be9
89.79875925446224  1.3185228316275412 169.79875925446225 pid1c6c
90.21054794164807  1.4225808012687515 170.2105479416481 pid1cf3
90.69841627679796  0.9917687753145741 170.69841627679796 pid1c1c
91.12464018404357  0.6434585303869423 171.12464018404359 pid1cdf
91.26683760490758  0.9767437796558947 171.26683760490758 pid1c4d
91.54630711035783  1.1949034911148106 171.54630711035782 pid1c5c
92.24784149400567  1.5367806885851623 172.24784149400568 pid1c00
92.40563282564335  0.8558946580389408 172.40563282564335 pid1cea
93.31831128144678  1.6741524592082064 173.31831128144677 pid1c18
93.39242370090794  0.9617157620993069 173.39242370090795 pid1be3
93.39987007824783  1.1748072765567432 173.39987007824783 pid1bba
93.8611447267691  1.4788504124324358 173.8611447267691 pid1c28
93.92321232063198  1.3156634745417073 173.923212320632 pid1b9c
94.13495492547399  1.6447860245830392 174.134954925474 pid1c4c
94.16949608857944  1.6688649641665978 174.16949608857942 pid1d08
94.39938772302555  0.8510230791350362 174.39938772302554 pid1c86
94.40125868415224  1.2379493037104703 174.40125868415225 pid1b81
94.47475914657738  1.7112839344413155 174.47475914657738 pid1bed
95.57132657094965  1.381464813351985 175.57132657094965 pid1b98
96.05995302014291  1.815375084884627 176.05995302014293 pid1bfa
97.1353998284628  1.6394613042534165 177.1353998284628 pid1c85
97.47024023701222  1.3824508223429928 177.4702402370122 pid1c31
97.70353006435758  1.0513049907480398 177.70353006435758 pid1b94
97.85580190476264  1.4067951680742175 177.85580190476264 pid1bc7
98.48020532738191  0.7119864888751726 178.4802053273819 pid1c36
98.53877834072544  0.5134804946512552 178.53877834072546 pid1bd0
98.72294151662325  0.6418932405292369 178.72294151662325 pid1b88
99.65976304154906  1.0042748963252885 179.65976304154907 pid1cba
100.32258251072015  0.8631594696570426 180.32258251072017 pid1bbe
100.62243521018053  1.415666893322667 180.62243521018053 pid1b84
100.6367560484627  1.360780881243968 180.6367560484627 pid1c5d
100.72784476060347  1.4662868313288044 180.7278447606035 pid1c7a
100.73575311904831  0.9858409322402462 180.7357531190483 pid1b7c
101.97812763459783  0.5693875589312103 181.97812763459783 pid1b5a
102.31203223298814  1.7733753400021368 182.31203223298814 pid1c7d
102.55335354644552  1.499603579536354 182.55335354644552 pid1b95
102.67735092027505  0.9213022723758104 182.67735092027505 pid1cce
102.80246523082863  0.5465658895665121 182.80246523082863 pid1bd4
102.94329795881681  1.309965733173608 182.9432979588168 pid1bf7
103.16139079310166  1.6319750901009389 183.16139079310165 pid1ca7
103.44805847542708  1.444363442467108 183.44805847542708 pid1cc1
103.65776286069938  1.552845267030154 183.6577628606994 pid1c1e
103.82112131824199  0.8140353494329069 183.82112131824198 pid1bf8
103.9760051527586  1.5669687555387823 183.9760051527586 pid1cc8
104.39944255787394  0.6956269651412659 184.39944255787395 pid1bf5
105.57544116380471  1.7211066881701775 185.57544116380473 pid1c9f
105.68266107899397  0.5018057315932849 185.682661078994 pid1c6f
106.84596540526758  0.8874251902099852 186.84596540526758 pid1b58
106.92013094116304  0.6994431672338575 186.92013094116305 pid1be8
107.41836704614101  1.4431377364757203 187.41836704614101 pid1c38
107.83722562543235  1.9681186164786886 187.83722562543235 pid1b9d
107.89086526845502  0.5876880255067667 187.890865268455 pid1cdc
107.90357241452641  0.5143953078414705 187.90357241452642 pid1baf
108.54357937131827  1.0209355541430463 188.5435793713183 pid1b68
108.93058320234505  1.40424624642955 188.93058320234505 pid1ce5
108.95240506473854  0.683098582792355 188.95240506473854 pid1c9a
109.05271660368787  1.7841093476987826 189.05271660368788 pid1bbc
109.32508343178574  0.9728196486481795 189.32508343178574 pid1bc6
109.50337665304473  1.609018868006229 189.5033766530447 pid1c12
109.9220929307796  1.059251840222284 189.9220929307796 pid1c27
110.33408118126032  1.8885699433704488 190.33408118126033 pid1bdb
110.36396456695776  1.6745447318743367 190.36396456695775 pid1b91
110.43895452926232  1.5721077189806434 190.43895452926233 pid1c76
110.45288968368502  1.6890610712185072 190.45288968368502 pid1c46
110.6199495996327  1.3121922143313711 190.61994959963272 pid1b6c
110.7604972515642  1.847918140501002 190.7604972515642 pid1c30
111.34152720388158  0.6168606206801924 191.34152720388158 pid1b66
111.53477775571332  1.2403521014728043 191.53477775571332 pid1bd8
111.53796906731179  0.540067944296166 191.5379690673118 pid1c6a
111.64800396680945  0.8111509837011852 191.64800396680945 pid1ccd
111.8081173014515  1.1717461436803998 191.8081173014515 pid1cc3
111.82925468206729  1.7825258005188993 191.8292546820673 pid1cfe
112.1775582907251  1.962163820649954 192.1775582907251 pid1bd2
112.7803658337792  1.2374479305865282 192.7803658337792 pid1ca6
112.99013189549095  0.75963554837512 192.99013189549095 pid1b8e
113.42942713841062  1.2116804715698468 193.42942713841063 pid1b6f
113.55911133162256  0.652078858965174 193.55911133162255 pid1d0d
113.6107815099536  1.2397554994390052 193.6107815099536 pid1d14
113.92455846702771  0.7693028146190272 193.9245584670277 pid1b6a
114.5910721557546  1.4855511280697358 194.5910721557546 pid1bc3
114.77442466543762  1.2982555705807604 194.7744246654376 pid1ce7
115.52807729532387  1.0718963006237443 195.52807729532387 pid1c9d
115.68341456797262  1.3556759130764868 195.68341456797262 pid1bfe
116.39445115543559  1.500523516084413 196.3944511554356 pid1bae
116.43572842832211  1.0926653378391715 196.4357284283221 pid1c16
116.50410154631327  1.9697978073863849 196.50410154631328 pid1cb4
116.51470693801997  1.2492936874017482 196.51470693801997 pid1cc7
116.69980807791046  0.8543530601117144 196.69980807791046 pid1bdc
117.2504023354977  0.7782151382611888 197.2504023354977 pid1cb7
117.30002144082015  0.9683848774432544 197.30002144082016 pid1c33
117.40952306778729  1.2654625240991728 197.4095230677873 pid1ce8
117.84549443299913  0.7125081398236706 197.84549443299915 pid1c94
118.14780428124425  0.6687742204802115 198.14780428124425 pid1c8d
118.98275529218394  0.599856418772315 198.98275529218392 pid1bb9
120.01365859454418  0.7039410682779595 200.01365859454418 pid1bac
120.17426385756474  1.947315205988963 200.17426385756474 pid1c4f
120.4203077146488  0.7049753598185786 200.4203077146488 pid1cd7
120.44039130241636  1.3975643511456228 200.44039130241634 pid1b60
120.69989415500562  0.5235341254286119 200.6998941550056 pid1bf2
120.95295798447741  0.8783051627165048 200.9529579844774 pid1c90
120.9972540166012  1.734444952107507 200.9972540166012 pid1cb1
121.18912346383865  0.8150273795534579 201.18912346383865 pid1c9c
121.27707192506502  1.8588807658610966 201.277071925065 pid1ba1
121.72438297748856  1.7849270338672618 201.72438297748857 pid1c9e
122.01196807847144  0.6282323934503939 202.01196807847145 pid1c25
122.05667825838376  1.4244321081019895 202.05667825838376 pid1bc5
122.22688127473539  0.7998711027175864 202.22688127473538 pid1b7e
122.53685727792195  1.5949974834683864 202.53685727792197 pid1cb5
122.55600378333666  0.7850976290935637 202.55600378333668 pid1bee
123.18741830420979  1.4993181907331787 203.18741830420979 pid1cb2
123.34987472610344  1.7607699528416534 203.34987472610345 pid1d19
123.86688991581619  1.1950165669468462 203.8668899158162 pid1b92
124.01063096073757  0.6341471248526157 204.01063096073756 pid1c79
124.3368366489059  1.5544012948090256 204.3368366489059 pid1c95
124.47350021043943  0.9623442228665453 204.47350021043943 pid1bf6
124.97141733308021  0.8552971811619202 204.9714173330802 pid1b76
125.12014503610943  0.5711769566677554 205.12014503610942 pid1c10
125.64287612158023  1.6646432398044215 205.64287612158023 pid1b9f
126.22173921660816  1.2082809900075062 206.22173921660817 pid1c64
126.65452275255052  1.3892403412169065 206.65452275255052 pid1c62
126.6928478439529  0.9530772440241251 206.6928478439529 pid1c08
127.37893291211604  0.6405010349158192 207.37893291211606 pid1cbb
127.46853892758318  1.7585413987910636 207.46853892758318 pid1c20
127.49318535630485  1.2663337345392158 207.49318535630485 pid1c42
127.71181778231647  1.7906671791158861 207.71181778231647 pid1c56
127.76804561824052  1.7781721653405511 207.76804561824054 pid1cca
128.59899239647254  1.2489890631882634 208.59899239647254 pid1c7e
129.35585599882577  1.6981279840375556 209.35585599882577 pid1bea
129.72725306248424  1.3232743387104386 209.72725306248424 pid1bd7
130.63153172591257  1.1193090503749812 210.63153172591257 pid1cbd
131.34916297659404  1.946470110665768 211.34916297659404 pid1beb
132.89760469881884  0.7481141209307354 212.89760469881884 pid1c91
133.26005222876037  1.5962553386019012 213.26005222876037 pid1ced
133.3792197725202  1.4499422397879393 213.3792197725202 pid1c09
133.52713960750089  0.9125807451290586 213.52713960750089 pid1b87
133.71268403800275  1.3126086851527576 213.71268403800275 pid1c15
133.81385177925054  1.31697585887323 213.81385177925054 pid1cb8
134.03476131674705  1.1813930154329706 214.03476131674705 pid1b8c
134.2544433612518  1.4038922710324995 214.2544433612518 pid1ba9
134.26805908834672  1.7548169532259612 214.26805908834672 pid1c81
134.31472805718332  1.1732482320739122 214.31472805718332 pid1b77
134.40754187355552  1.7935313597039724 214.40754187355552 pid1c3e
134.99789279543012  1.2240538627604753 214.99789279543012 pid1c11
135.00462022380327  1.4518294446014903 215.00462022380327 pid1bd6
135.81983308517027  1.8484488446762948 215.81983308517027 pid1c5b
135.8458907405463  1.54638516367588 215.8458907405463 pid1ba0
136.24460062841868  1.9524442536554152 216.24460062841868 pid1cf0
136.47026561701668  1.4079973828744365 216.47026561701668 pid1b89
136.6446342042539  0.7806611392770475 216.6446342042539 pid1c53
136.9520829063636  1.8425207638338557 216.9520829063636 pid1ca0
136.98172983101222  1.883588644823217 216.98172983101222 pid1cec
137.02740808261603  1.3660700691775816 217.02740808261603 pid1b63
137.44558365955564  1.267412363895955 217.44558365955564 pid1b71
137.69309344102695  0.7013099932240751 217.69309344102695 pid1cd0
138.32574812044612  1.1112654464609184 218.32574812044612 pid1b70
138.8433488429373  1.227489942462269 218.8433488429373 pid1d13
139.21438076320416  1.2606495118860677 219.21438076320416 pid1bd1
139.38691843944528  0.6130280168151814 219.38691843944528 pid1cf4
139.39582822317283  1.5093037613567661 219.39582822317283 pid1c8c
139.44135731377466  1.242492486206706 219.44135731377466 pid1c99
140.66578815876585  1.83123203689211 220.66578815876585 pid1c63
141.0470480136233  1.478593717966125 221.0470480136233 pid1bd5
141.50540012766928  1.7312185841319792 221.50540012766928 pid1ca1
141.64223977749617  1.5519674094693041 221.64223977749617 pid1cae
141.77474425957277  1.311611172070954 221.77474425957277 pid1c8b
141.92225459071435  0.9463318599657902 221.92225459071435 pid1cfd
142.1940258723201  0.9592625749995174 222.1940258723201 pid1c82
142.44124074609613  1.1834002331963844 222.44124074609613 pid1b97
142.83204211597948  1.9004739684281196 222.83204211597948 pid1c93
143.23356636198676  1.8484597785315504 223.23356636198676 pid1c71
143.2754637223745  0.8391997972248872 223.2754637223745 pid1b67
143.367852814991  0.6733331307078498 223.367852814991 pid1b65
143.4539980187303  1.8862668583773168 223.4539980187303 pid1c55
143.47996063666594  0.791673225299369 223.47996063666594 pid1bbd
143.6108733414687  0.9061109390308595 223.6108733414687 pid1c7c
144.02128083491095  0.7397673235764383 224.02128083491095 pid1b6e
144.07910260685222  0.8173789375555758 224.07910260685222 pid1c1b
144.32604835237984  1.5220887327348593 224.32604835237984 pid1ce4
144.53215694887504  0.7239286111520928 224.53215694887504 pid1caf
144.7415699380453  1.1523976071039896 224.7415699380453 pid1b5e
144.92480820101133  0.7795779342206355 224.92480820101133 pid1c02
144.9453684916586  1.8104019348657265 224.9453684916586 pid1d00
145.37011860661403  1.3151283605774335 225.37011860661403 pid1c7b
145.59349783422326  0.9794210766205818 225.59349783422326 pid1c0b
146.40483127596363  1.8336973891000476 226.40483127596363 pid1c37
146.7003369016509  1.0618303297637697 226.7003369016509 pid1c21
147.00764627223236  0.7819175116497892 227.00764627223236 pid1cc0
147.1748055323095  1.5852725183168757 227.1748055323095 pid1c14
147.33761641942465  0.8716297782079855 227.33761641942465 pid1c3d
147.39533386568777  1.1558269172405067 227.39533386568777 pid1c06
147.82096377269022  1.1002596370697295 227.82096377269022 pid1bec
148.09255749085978  1.7709752728498636 228.09255749085978 pid1cda
149.41146737610967  0.8613181598320826 229.41146737610967 pid1b72
149.75045782237717  1.309687987134562 229.75045782237717 pid1ce1
149.94092929478995  1.8158319572914228 229.94092929478995 pid1be5
