0.07244398604075442  1.9043708474575443 80.07244398604075 pidef6
0.15123974436653254  0.9027159902048252 80.15123974436653 pideca
2.812623299385092  0.839696798797237 82.8126232993851 pidef7
3.700813487165955  1.8873607387684181 83.70081348716596 pidea1
3.8902835341763584  0.5733026286060304 83.89028353417636 pidebc
4.684400346456247  1.216665110154663 84.68440034645624 pidee5
5.686945657622855  1.697124437211373 85.68694565762286 pidf05
8.101027993815679  0.9016968873066968 88.10102799381568 pided2
11.372480135690932  1.871161215072093 91.37248013569094 pidecc
13.172064564024788  1.4640271484361365 93.1720645640248 pide88
13.91491217500822  0.7769332290441214 93.91491217500823 pidece
14.835326553910427  1.332166808563591 94.83532655391042 pideb5
15.553158516102917  1.7215181116403184 95.55315851610291 pidec3
15.628101745925965  0.8243697520810664 95.62810174592596 pidf01
15.717271085551786  0.5201420035972071 95.71727108555179 pide8c
16.1557935939787  1.7219216814522487 96.1557935939787 pide9b
16.303972903489527  1.9253431110033747 96.30397290348952 pide77
17.457020154770643  1.1826370543500089 97.45702015477065 pideda
18.81754821448343  0.7347353880685037 98.81754821448342 pideb8
20.664317887931926  0.7781475192398299 100.66431788793193 pide79
21.45073846049767  1.7365575681489953 101.45073846049767 pidf02
21.607436328669678  0.8769763819885075 101.60743632866968 pideaa
22.05931224902568  0.9534666977613868 102.05931224902568 pide8e
22.061893398070083  1.999300441935999 102.06189339807008 pideab
22.966467006654955  0.518901482474655 102.96646700665495 pidedf
24.538423434453332  0.6067478512440951 104.53842343445334 pideec
24.55711781846644  0.6723982784767091 104.55711781846644 pidf06
25.561154492533305  1.1265574087594723 105.5611544925333 pide7c
25.634462318883443  1.8046819862029275 105.63446231888344 pidefa
26.39128404250505  0.9399246099850547 106.39128404250505 pidec1
26.79808478068444  1.6605125676162915 106.79808478068443 pidefe
28.572810645844914  1.5210324058572064 108.57281064584491 pided3
29.056294305962137  0.8344580153620273 109.05629430596214 pide83
29.971769969155105  1.9970037777934977 109.9717699691551 pide81
30.252849495497756  0.6530209891765328 110.25284949549776 pidede
30.77867789946877  1.144119605905528 110.77867789946878 pidee8
32.57898572543655  1.560862522016714 112.57898572543655 pideea
37.157702886112766  0.534036982397085 117.15770288611276 pidecb
37.413220957125574  1.2297600527025592 117.41322095712557 pidefb
38.91006800519945  1.9009284821558003 118.91006800519945 pideba
38.97042719674745  1.5538699437475145 118.97042719674745 pideb6
39.78168526463063  0.8787840811298306 119.78168526463062 pide96
42.073330517656146  0.9081034281461648 122.07333051765615 pide7e
42.41696038508611  1.7035082841583906 122.4169603850861 pideed
45.81532204509098  1.6251182613377573 125.81532204509098 pidec7
46.65090435680833  0.6807720874691627 126.65090435680833 pided5
47.42079869962601  1.188224220442395 127.420798699626 pide9d
47.53454575484859  0.6951419938735091 127.53454575484858 pidedd
49.267996238559014  1.351457998465743 129.26799623855902 pidee7
50.10351320778693  0.6841847432890378 130.10351320778693 pidef1
50.16523434429479  0.6128165666402795 130.1652343442948 pided6
52.00209733440179  1.2053766757273432 132.00209733440178 pidec8
54.37413412792172  0.8474463038799325 134.3741341279217 pidea3
58.60442732307431  1.157763584167182 138.6044273230743 pide78
58.97516918402456  1.8023414011058918 138.97516918402457 pidef8
61.27654575277224  1.3273655084843916 141.27654575277225 pidecd
61.89393192505847  1.3319421674030327 141.89393192505847 pidef3
64.32423144577469  1.2518951391962052 144.32423144577467 pideb1
65.8115045732455  1.4420844304994744 145.8115045732455 pidea0
66.25734078295005  1.8375025754121206 146.25734078295005 pideeb
67.72946398315628  1.1670192572973268 147.72946398315628 pideb7
68.36450585937048  0.9459033630147745 148.36450585937047 pide89
68.84617564518598  1.4493527347475776 148.84617564518598 pide76
71.37643646817021  1.4520371849393396 151.3764364681702 pide7f
71.93378508142885  1.545439120487926 151.93378508142885 pidec9
73.30379255232933  1.9752622793805827 153.30379255232933 pide7b
73.51781476684394  1.4190296255949642 153.51781476684394 pidea5
74.05803758705805  1.3218101217876934 154.05803758705804 pidef2
75.32387111942539  1.4983418112626135 155.3238711194254 pidf03
76.0692595440107  0.982304955507681 156.06925954401072 pidea8
76.34734342737735  1.3411022650483182 156.34734342737735 pided8
76.8359191753641  0.6791537909065797 156.8359191753641 pideac
77.71348566643144  1.479497046154249 157.71348566643144 pidec6
77.98467333389742  1.5082485034184168 157.98467333389743 pideee
78.30233556995296  1.3429041310359926 158.30233556995296 pidef9
78.49968684513519  0.7222723541857696 158.4996868451352 pide8a
78.91000750670905  1.6458773751152345 158.91000750670906 pided4
80.1878470983956  1.4348778995022775 160.1878470983956 pidee1
81.71608086668081  1.0601955286552496 161.7160808666808 pidee0
82.1810124495505  1.3011750707354421 162.1810124495505 pide98
82.64117291594101  1.4954794407806888 162.641172915941 pidee4
84.31357643278959  1.8211796154837838 164.3135764327896 pideb4
88.96807827082388  1.7241928574330263 168.96807827082387 pide82
88.97256589505564  1.6342502237868461 168.97256589505565 pidee6
89.46682330003807  1.0522106442885009 169.46682330003807 pide94
93.4784156182969  0.5756066235078807 173.4784156182969 pidef4
94.3311741351783  1.981068017117574 174.3311741351783 pidf00
94.50255869854601  1.4981880211117677 174.502558698546 pide9a
94.69269204069762  0.9163205944414401 174.69269204069764 pide9f
95.72860130440857  0.6375953780203552 175.72860130440858 pide91
96.3183337306064  1.0496124456882037 176.3183337306064 pidebe
97.18525333618119  0.8506832474511629 177.18525333618118 pide99
98.70541383409852  1.5427718284917882 178.70541383409852 pide86
98.86561449835483  1.7617941217410367 178.86561449835483 pidec4
100.21398306751088  1.0021683333476519 180.21398306751087 pidea6
101.0063780600914  1.9154341174474365 181.00637806009138 pidec5
101.84535635995847  1.9510618259877455 181.8453563599585 pide92
103.01459470239944  1.5989863927790628 183.01459470239945 pide8b
103.82249147319831  1.103200208714521 183.8224914731983 pidea2
106.40915839776811  0.5162490263817296 186.40915839776812 pideb9
108.7400028836902  1.0085833420540744 188.74000288369018 pideef
110.52271532500923  1.1423050781063893 190.52271532500924 pidebf
111.19900162466278  1.9280813447632872 191.1990016246628 pide8f
113.42231226740962  1.694756526323797 193.4223122674096 pidf08
113.81253444020601  1.5777508984571993 193.812534440206 pide85
115.52489408414165  1.0729719424616875 195.52489408414164 pidedc
116.80803474481442  0.9399469293713961 196.80803474481442 pide84
117.1041489484886  1.699624327696123 197.10414894848861 pidefd
117.5902611021792  1.9054624939501272 197.5902611021792 pide8d
117.6032734011504  1.4954824094881263 197.6032734011504 pide93
117.88078122892362  0.812862126846887 197.88078122892364 pidebb
120.10065873758342  0.63041273073509 200.10065873758342 pided0
120.10660607694429  1.0083187993032818 200.10660607694427 pidea4
120.1308214242112  1.5868750810549832 200.1308214242112 pideb3
121.73513613122462  1.5463234111965125 201.73513613122464 pideaf
122.63227235991832  1.2989666629870629 202.63227235991832 pidef0
122.80846441210026  1.151695872632395 202.80846441210025 pidee9
122.9078793692899  0.995072571896316 202.9078793692899 pide7a
124.22028020179593  0.9307577438553187 204.22028020179593 pidea9
124.6568870420209  0.778919472273835 204.6568870420209 pide7d
125.56981622424263  1.060239602529088 205.56981622424263 pide87
125.83939489794851  1.435699970963602 205.83939489794852 pidef5
125.89662431876047  1.516792033779934 205.89662431876047 pidec0
126.9725540995882  1.4287675452777697 206.9725540995882 pidea7
127.19746968749354  1.7671144416330038 207.19746968749354 pided1
128.70797823547335  1.868067245820814 208.70797823547335 pide95
130.24200815359595  1.4111903722639456 210.24200815359595 pidec2
130.52954944589743  1.0800611609658681 210.52954944589743 pidecf
132.7125737564839  1.2637116753828124 212.7125737564839 pidf09
133.91138090435146  0.9712452329900352 213.91138090435146 pideff
135.91924809610097  1.1621296020902183 215.91924809610097 pidedb
136.6714795953614  1.2056880813576796 216.6714795953614 pided7
137.60654696611996  1.9644887145144647 217.60654696611996 pideb2
138.7305423644793  1.6072137710633785 218.7305423644793 pideae
139.1148809292526  0.6560787604743242 219.1148809292526 pided9
139.20729182696726  1.8426661141316085 219.20729182696726 pidee3
139.48020427075076  1.5523937638741374 219.48020427075076 pidefc
139.74364771015078  0.8058424588442838 219.74364771015078 pidf04
140.7236670790106  1.4064242768842468 220.7236670790106 pide9e
140.9597989828028  0.9516461693507684 220.9597989828028 pidf07
141.50440038609798  1.0501519443187173 221.50440038609798 pideb0
141.6028888021012  0.8415255472724356 221.6028888021012 pidebd
142.422966512346  1.1284118844027242 222.422966512346 pide97
142.4877725046025  1.2671217406369701 222.4877725046025 pide9c
143.88979341976366  1.2170839155416928 223.88979341976366 pide90
144.19274721120092  0.5196762544248568 224.19274721120092 pide80
146.9693036405885  1.0304198884937295 226.9693036405885 pide75
147.3422954052312  1.132416990260628 227.3422954052312 pidead
148.05797158926146  1.0050912724978234 228.05797158926146 pide74
149.37364650900977  0.8412744894437927 229.37364650900977 pidee2
