0.7315286487901584  2.0500813522034247 4.831691353197008 pid88c
3.9087847390851693  1.0820121850297955 6.07280910914476 pid87b
5.01773102894777  2.6233136615589463 10.264358352065663 pid890
12.310068906283455  2.398829402127628 17.10772771053871 pid88a
18.21234563448787  2.2831892919096237 22.77872421830712 pid885
18.784700389586884  1.9395026831593811 22.663705755905646 pid87c
20.22851895703941  1.6218734280444678 23.472265813128345 pid875
24.20076757094335  1.9326636276486941 28.066094826240736 pid892
26.96486330899517  1.1190798773445587 29.203023063684288 pid888
29.223179037925618  2.0222620556127406 33.2677031491511 pid887
30.192449480377125  0.7741152364945643 31.740679953366254 pid86f
31.465556784394067  2.160072846264537 35.78570247692314 pid874
32.53034575696415  2.312065170284916 37.15447609753399 pid879
34.591492212585266  2.799702138472798 40.190896489530864 pid877
34.598921524709034  2.505593979802431 39.610109484313895 pid88b
34.86656754878764  0.7722012379375212 36.41097002466269 pid88e
37.74983551800316  1.2915567058828037 40.33294892976877 pid878
39.36161510997756  2.9532751102457437 45.26816533046905 pid86c
39.441550705616976  2.780022624601018 45.00159595481901 pid896
40.05689308047009  1.895649651982425 43.84819238443494 pid870
40.84059031061709  1.1622529513761752 43.16509621336944 pid872
43.528379524722794  1.1409149958786928 45.81020951648018 pid86a
43.756999646202054  2.7472656086681706 49.25153086353839 pid87d
44.11482953838481  1.3251854888314245 46.765200516047656 pid883
46.64166225557583  1.710372192862136 50.0624066413001 pid86e
59.46106746950296  2.7294222857182873 64.91991204093954 pid884
62.51913202172673  0.9740595288167702 64.46725107936027 pid895
62.63478780253391  1.979026474056048 66.592840750646 pid87a
62.78096218769076  1.4888446282762438 65.75865144424324 pid894
62.960763287096945  1.971060616083812 66.90288451926457 pid880
63.2319978903145  2.4001834141361655 68.03236471858683 pid897
63.895765435650866  2.532491590934376 68.96074861751961 pid87f
64.75500192355888  2.5523089639728775 69.85961985150463 pid869
67.59336448186836  2.749172285596325 73.09170905306101 pid88f
67.60818733632435  1.2507998281158845 70.10978699255612 pid891
75.64807677568417  0.4918698605329015 76.63181649674998 pid868
75.97910907204037  1.9556830106681962 79.89047509337676 pid889
76.06064906914732  1.8950300887775362 79.8507092467024 pid882
76.11894966677403  1.1111862324934147 78.34132213176086 pid87e
76.28991970986408  0.9984232146065307 78.28676613907714 pid886
81.1141853985777  1.3951558435757092 83.90449708572912 pid876
81.93209583503503  2.7670662286842522 87.46622829240353 pid871
84.75335563256917  2.386238127926405 89.52583188842198 pid866
89.493883632352  1.855079698556795 93.20404302946558 pid86d
90.529759249969  1.3701623969399384 93.27008404384888 pid86b
94.92435675690328  2.628483139621491 100.18132303614627 pid881
95.11267259303679  2.3518836656384963 99.81643992431378 pid893
95.77330775838428  0.5393594584239043 96.85202667523208 pid873
96.92480121774001  1.1972715125951479 99.31934424293031 pid88d
99.25625238101541  1.8231919413437954 102.902636263703 pid867
