0.16442302590254254  3.1060719331849773 6.376566892272497 pid1d63
0.26054670945717007  2.290929777919368 4.842406265295906 pid1dbf
0.4564658698420532  4.758595866373045 9.973657602588144 pid1e7b
1.651064552726389  1.6597979307579123 4.9706604142422135 pid1dd9
1.730552016676552  2.411553213278092 6.553658443232736 pid1df9
1.7591396986957242  1.4520296944919204 4.6631990876795655 pid1e98
2.343679158316967  4.732874724346857 11.80942860701068 pid1e89
2.6867405673163214  3.6751574431640623 10.037055453644445 pid1d53
2.7073038432513474  2.9038552280008814 8.51501429925311 pid1e72
2.8831495126916096  4.5296042887804475 11.942358090252505 pid1eae
5.4280042019498564  1.745887907954066 8.919780017857988 pid1e96
5.471446636534707  3.4712373429560754 12.413921322446857 pid1d75
5.588710376066808  3.5380689870844964 12.6648483502358 pid1e09
6.340902892184506  4.540872730100649 15.422648352385803 pid1d96
6.88454154928527  3.5832214480551956 14.050984445395661 pid1e03
6.971282258700457  1.5082107822211794 9.987703823142816 pid1dbd
7.46839521148726  1.1058203622156975 9.680035935918655 pid1d20
9.475446576248183  1.8886901659837174 13.252826908215617 pid1db7
10.111341112040206  3.12594244392674 16.363225999893686 pid1ecc
10.429166472808955  2.530948393221353 15.49106325925166 pid1d8d
10.856506800035316  1.7294606590622137 14.315428118159744 pid1d89
12.189279561861957  3.1253454822935742 18.439970526449105 pid1dcb
12.532247495331294  2.5156665577866457 17.563580610904587 pid1e6e
12.83693830230597  2.1252168840563654 17.087372070418702 pid1d3b
13.187685065693152  2.427416908207102 18.042518882107355 pid1df8
13.874936822418825  3.832500908685351 21.539938639789526 pid1e0b
14.115116733832384  2.2092927973423317 18.533702328517048 pid1e83
14.604806313980474  2.284144730693125 19.173095775366725 pid1d72
14.889461573089168  2.236637916593301 19.36273740627577 pid1dce
15.132881600399216  1.8725822208318728 18.878046042062962 pid1d4a
15.20824826456072  4.186412295826765 23.58107285621425 pid1ea7
15.399578630902635  1.1029738486468221 17.60552632819628 pid1d2d
17.49840463660375  1.890777682316989 21.279960001237725 pid1d58
17.78169992805983  1.6724281384171205 21.126556204894072 pid1e9b
18.171575972691777  3.996753724558261 26.165083421808298 pid1d8c
18.222092131256357  3.6158781316425674 25.45384839454149 pid1e7e
18.308250163089777  1.1608124669818367 20.62987509705345 pid1e4d
18.564879818956342  1.6916243759508491 21.94812857085804 pid1d57
19.387362764024868  3.679896700566105 26.74715616515708 pid1df1
19.424024062651004  1.2031560002918655 21.830336063234736 pid1d81
19.56038401821925  2.103511171656951 23.76740636153315 pid1d9a
19.869068983907397  2.5270229322885074 24.92311484848441 pid1edb
20.26043134385235  1.7850178749703152 23.83046709379298 pid1d26
20.74254478037009  3.4526763567537495 27.647897493877586 pid1e86
21.232184196200777  4.943122469769828 31.118429135740435 pid1dc5
21.398128521286747  1.4463902961984023 24.29090911368355 pid1d8e
21.81519812680821  2.0715060416423645 25.958210210092936 pid1d41
22.133904839792866  3.886843813341707 29.90759246647628 pid1ed1
22.459626643222222  4.5952763001055015 31.650179243433225 pid1e41
23.12070497557854  4.757995829158288 32.63669663389511 pid1dcd
23.337776115498375  3.235250187347584 29.808276490193542 pid1ec0
23.464357809115356  3.5954105731039925 30.65517895532334 pid1eca
24.34641437149402  1.5338733464104806 27.414161064314982 pid1d4d
25.552185238647272  4.116356229760718 33.784897698168706 pid1ea4
26.128185800294  3.184701308242064 32.49758841677813 pid1e9e
26.823436140781514  4.072818792956793 34.9690737266951 pid1e2d
26.94401565661672  3.692096627425509 34.32820891146774 pid1d91
27.17231924242249  4.841478971382142 36.85527718518677 pid1e84
27.343231361412162  4.438304352001064 36.21984006541429 pid1e36
27.83168916016099  3.085859456718459 34.00340807359791 pid1e18
28.201909943314178  4.410889332875772 37.02368860906572 pid1e6c
28.83795881416721  2.885340185387248 34.60863918494171 pid1e5d
29.029155023753262  1.1250466660297787 31.27924835581282 pid1ec7
30.31571774757797  3.1301437087881276 36.57600516515423 pid1d3a
30.329784533899414  4.344161317158612 39.01810716821664 pid1d5b
30.645666723269315  2.7619919761445257 36.169650675558366 pid1deb
31.941752611133396  1.9274213438767362 35.79659529888687 pid1da9
32.21159756630133  2.1388418179875544 36.48928120227644 pid1d80
32.25852273349571  2.5767201201322396 37.41196297376019 pid1de9
32.703671400343175  3.6845253569147864 40.07272211417275 pid1e40
33.33774416477525  1.644419825364242 36.626583815503736 pid1e17
33.39581146193164  4.227947764014263 41.85170698996017 pid1dd4
33.45982770109955  3.0749731899880097 39.60977408107557 pid1d1d
33.79634416404434  3.5486093072039746 40.89356277845229 pid1e5e
34.28153862574343  1.4776489729838502 37.23683657171113 pid1e43
34.979390881042235  2.5122878969031253 40.003966674848485 pid1e0c
35.009582665767226  1.2416072355873813 37.49279713694199 pid1e5a
36.548960684825396  1.1574048550932985 38.86377039501199 pid1e2e
37.900189434351134  1.4945875154260753 40.889364465203286 pid1ec3
37.9920646716085  4.476260166461866 46.944585004532236 pid1d9c
38.54607854140792  4.726293489230935 47.99866551986979 pid1e47
39.13357680022592  1.008265077168979 41.150106954563874 pid1ddd
39.74408751268124  2.592692440054393 44.929472392790025 pid1de0
40.0835411000891  3.6803513228808677 47.444243745850834 pid1e9a
40.40867649178209  3.615066316589876 47.63880912496184 pid1dc7
40.61539710519779  4.085328786713044 48.786054678623884 pid1dc6
40.79726240921604  3.373740398373841 47.54474320596372 pid1eb5
41.07291330122499  3.526555478693801 48.126024258612595 pid1d46
41.09231277871095  2.23879052757494 45.56989383386083 pid1d93
41.45105898398353  1.7200362295582505 44.89113144310003 pid1dd8
41.79561858347243  2.5699522294575905 46.935523042387615 pid1ec6
42.05913174754471  3.5222548896536803 49.10364152685207 pid1d45
42.59585830887411  1.425706563739348 45.4472714363528 pid1e04
43.068032062245074  1.5746714734601803 46.21737500916544 pid1e2a
43.129163120192246  1.8618825407410506 46.852928201674345 pid1e02
43.943316322461456  2.398290724645416 48.73989777175229 pid1e12
44.590576097486924  1.4948411538550195 47.580258405196965 pid1d40
46.07223837900674  4.633595434188553 55.33942924738385 pid1ec8
46.268609952685196  1.5494640823098536 49.3675381173049 pid1e64
46.489786607254494  3.369299415812404 53.2283854388793 pid1d9b
46.56113235125599  3.279522500746358 53.12017735274871 pid1ded
46.67029294494503  2.0318228466246544 50.73393863819434 pid1d97
46.76874248859216  3.7130825297403067 54.19490754807278 pid1daf
47.586279324866034  4.108699166156952 55.80367765717994 pid1e29
47.65589358550446  2.9341238297956527 53.52414124509576 pid1ecf
47.900349909629604  1.5022660893064312 50.904882088242466 pid1d48
47.902682839264536  1.1122640738473857 50.127210986959305 pid1db5
48.479017636518215  4.559544936875816 57.59810751026985 pid1ed9
48.502041559407054  4.881768711595019 58.26557898259709 pid1d7a
48.574454396559915  2.701222667332732 53.97689973122538 pid1dca
48.848685101077855  2.198597992339851 53.24588108575756 pid1dea
48.93411278806556  1.489677762013327 51.91346831209221 pid1e0d
49.61823624491357  1.039152697816863 51.696541640547295 pid1d87
49.78379278015056  3.205075801046744 56.19394438224405 pid1e62
49.81268960625627  4.998180804779707 59.809051215815686 pid1d76
50.09092952809395  2.3436271944942884 54.77818391708253 pid1dfb
50.39527282409099  2.5756606616695623 55.54659414743011 pid1ddc
51.27551324276445  4.215339051656067 59.70619134607658 pid1e65
51.59427473040394  3.793229659227551 59.18073404885904 pid1e99
52.433427120547826  1.3475416858515952 55.12851049225102 pid1e33
53.093816606382795  4.2921940660475 61.678204738477795 pid1e45
53.4864829681882  1.1281838756090674 55.742850719406334 pid1dff
54.18225996576444  2.7784844306884056 59.73922882714125 pid1ec5
54.43743412622352  4.3234379059788335 63.08430993818119 pid1e7c
54.845345224590126  4.034651697702574 62.914648619995276 pid1d5c
54.86094272532457  4.528659840348897 63.918262406022365 pid1de3
54.9416382971876  4.950788376098746 64.8432150493851 pid1e1f
54.99834560093506  4.6357888635287114 64.26992332799249 pid1eb3
55.13857821453003  3.7586020569560703 62.65578232844217 pid1df7
56.40272083940618  2.0488584677063644 60.500437774818906 pid1d2a
56.61431237520347  1.0682736564311868 58.750859688065844 pid1d6e
56.90543819046227  4.01402869868555 64.93349558783336 pid1de7
57.071921004029726  2.4792138723103165 62.03034874865036 pid1e28
57.27713855086961  4.3003253226187415 65.87778919610709 pid1d6f
57.48691545657527  1.4474996183487092 60.381914693272684 pid1da8
57.96234908919012  1.1392772349295943 60.24090355904931 pid1e31
58.43828200526153  3.026849339647618 64.49198068455676 pid1d29
58.54791964884198  3.8071424697126646 66.16220458826731 pid1ec9
59.47514897356463  3.1620089760466565 65.79916692565794 pid1e6b
59.970723869155904  1.3268505218338782 62.62442491282366 pid1d4e
60.46886960799077  1.1422070013156858 62.75328361062214 pid1dec
61.1675126372389  2.207621372611084 65.58275538246107 pid1d44
61.69162716067011  4.068623887367561 69.82887493540522 pid1ebc
62.543325351870884  4.692350541420467 71.92802643471182 pid1dfa
62.559639731031695  4.500699530131207 71.56103879129411 pid1e08
62.577958032974976  4.548627970913373 71.67521397480172 pid1e05
62.58389329302359  3.501361049832948 69.5866153926895 pid1db4
63.752250471689834  4.867485093635582 73.487220658961 pid1ea2
63.99638172385819  3.5564765147686623 71.10933475339552 pid1e51
64.00072253091517  3.1714340638203793 70.34359065855593 pid1e75
64.03181957788232  3.811753366221893 71.6553263103261 pid1d8a
64.16232422511949  3.0840259495893654 70.33037612429823 pid1eaa
64.51077542680072  3.545493453608808 71.60176233401833 pid1d8f
64.73357706680149  3.867378597474918 72.46833426175132 pid1df0
65.14875319502505  3.344000019315561 71.83675323365617 pid1d3c
65.17434647413498  2.832956302001109 70.8402590781372 pid1e50
65.56405092599348  3.0708770155811216 71.70580495715572 pid1e1a
66.74807638604275  3.8550211341348657 74.45811865431249 pid1d52
67.31423272102151  3.561283154533522 74.43679903008855 pid1e7d
67.81506954024375  3.3179675777828663 74.45100469580949 pid1dbe
67.87977867011449  1.6102533145720006 71.10028529925849 pid1ea0
67.95807110411728  4.382548502400465 76.72316810891822 pid1d23
68.21438135797962  2.9488549441630654 74.11209124630575 pid1ed4
68.91485032504127  4.5652578433352256 78.04536601171172 pid1d95
69.07098867714183  1.3898910685715404 71.85077081428491 pid1e53
69.94247492247368  1.12995370866261 72.2023823397989 pid1d37
70.3774049185931  1.8573004775625361 74.09200587371818 pid1e25
70.43773761707264  1.599531621407197 73.63680085988703 pid1e38
71.17442816424318  1.7507102330212403 74.67584863028566 pid1d92
72.02096387054799  1.5503344107818946 75.12163269211177 pid1e63
72.41807872267438  3.9351055876315577 80.28828989793749 pid1ece
72.56668440860109  4.186197602647096 80.93907961389529 pid1d2f
72.84713949064819  4.971060337836949 82.7892601663221 pid1d1b
73.72981101853433  2.7630700857939323 79.2559511901222 pid1da0
73.89867982598659  1.7348972111878096 77.3684742483622 pid1d51
74.12151791500331  2.8824648409558296 79.88644759691496 pid1da4
74.18978958117758  3.0270098284755287 80.24380923812863 pid1e7f
75.07712964569058  4.179944116141961 83.4370178779745 pid1d6c
75.0954776406948  4.1042176944781215 83.30391302965104 pid1ddb
76.04868185469547  1.2665476498097128 78.58177715431489 pid1d88
76.14574777950448  3.5854163436313553 83.31658046676719 pid1eda
76.17022066832708  3.3266619523731364 82.82354457307335 pid1e32
77.07296032069246  2.0565115906867293 81.18598350206592 pid1e2c
77.28107584471326  1.0672195259366148 79.41551489658649 pid1db9
77.30161782607404  2.8005717416220484 82.90276130931814 pid1ea1
77.94874439866439  1.671526673916607 81.29179774649761 pid1e87
79.26479544708123  4.49288379470324 88.2505630364877 pid1ea8
79.30111747410386  3.9812711773357767 87.26365982877542 pid1d21
79.48944889341065  1.8318294992708704 83.15310789195239 pid1e58
79.72401380385647  4.273542853119197 88.27109951009486 pid1d5a
80.10254884596236  3.6812602492411126 87.46506934444459 pid1e8b
80.87189383842362  4.2745685484124305 89.42103093524848 pid1e3d
81.32418174837781  3.2680063546342515 87.86019445764632 pid1d35
81.457816193828  3.722361965317228 88.90254012446245 pid1e15
81.4642154838916  1.9216362377455751 85.30748795938275 pid1d28
81.9037353335417  2.1967608110858046 86.29725695571331 pid1dd6
81.9719471264572  3.9011615670678164 89.77427026059283 pid1d94
82.38749738764443  2.212590312100684 86.8126780118458 pid1e61
83.77631527885586  3.5592423210611934 90.89479992097824 pid1d2b
84.28721482244868  4.147121185961014 92.5814571943707 pid1e0e
85.07320764103827  2.3093313539991613 89.69187034903659 pid1e6f
85.79325653686696  4.7073933511144705 95.2080432390959 pid1ea6
86.35747183387814  4.417823876037543 95.19311958595323 pid1e11
86.3941380212971  4.151686267208229 94.69751055571355 pid1d47
87.21489745665147  4.801025762151015 96.8169489809535 pid1d49
87.5244047013857  1.7303777410180343 90.98516018342177 pid1e78
88.24548390043248  1.723557602387694 91.69259910520786 pid1e69
88.9595975091082  4.644922714605756 98.24944293831972 pid1d1a
89.08282591916698  4.398877693006158 97.88058130517929 pid1ed7
89.4531511211081  3.2025826215771724 95.85831636426245 pid1e3e
90.081111099147  4.426410790357737 98.93393267986247 pid1dd1
90.77958785900898  2.90745102065794 96.59448990032486 pid1e06
90.82037583709986  3.4919397257834315 97.80425528866672 pid1e48
90.94209428984699  4.927831926819831 100.79775814348665 pid1d56
92.76686175552375  1.7512588433382432 96.26937944220023 pid1dcf
93.11701280435659  4.017798331696845 101.15260946775028 pid1dc2
93.22276775668273  3.717015409811061 100.65679857630485 pid1e9c
93.72233421206256  1.2670448870069144 96.25642398607638 pid1e81
94.18685399188085  3.8158785474489747 101.8186110867788 pid1eac
94.57576364033574  4.424150855037487 103.42406535041071 pid1d4b
94.68215159048026  1.259443700880663 97.20103899224159 pid1e4f
94.98503943503964  3.806443574257004 102.59792658355364 pid1e8a
95.45270307855549  1.4310115205206397 98.31472611959677 pid1dc1
95.61876082464627  4.8211506136372115 105.2610620519207 pid1d84
95.70222589414105  1.7847985815242176 99.2718230571895 pid1e5f
95.89890754992219  3.3499630227887267 102.59883359549964 pid1e24
96.40050762274291  1.2868785272778198 98.97426467729855 pid1d32
96.90175314963581  4.246321783784945 105.3943967172057 pid1e60
96.96864847481949  1.998328078393405 100.9653046316063 pid1e49
97.23236509401832  3.5316508768520984 104.29566684772252 pid1ea9
97.66379432733223  2.153772387499064 101.97133910233035 pid1d71
97.68553698302158  4.320723707584781 106.32698439819114 pid1e42
97.79293149555424  2.2918392903065814 102.37661007616741 pid1d39
97.84485804449646  1.200771729157113 100.24640150281068 pid1de4
98.09285048079099  4.32641529827589 106.74568107734277 pid1e4c
98.21596984242473  4.641815491134956 107.49960082469464 pid1e1b
98.28652656306839  4.627428819525543 107.54138420211947 pid1dbb
99.17178311223093  2.65509318442578 104.48196948108249 pid1dac
99.56059597252204  3.676095189623291 106.91278635176862 pid1d25
100.07270699559298  3.325878664679589 106.72446432495215 pid1da6
100.2979814942601  1.8739519170671453 104.04588532839439 pid1ec2
100.44719324890353  1.7688946629019813 103.98498257470749 pid1d1f
100.5599333294942  3.155025761130184 106.86998485175457 pid1e85
100.57624388528019  4.44965575211585 109.4755553895119 pid1e23
100.63411703002319  4.681455750994484 109.99702853201217 pid1e59
100.84871620545151  4.527606767678922 109.90392974080936 pid1d74
101.99406415678648  1.9277336674839693 105.84953149175442 pid1e70
102.29862743723662  1.9308042886594232 106.16023601455547 pid1ea5
102.70211076221172  1.1546289848325415 105.0113687318768 pid1d85
103.09661246923736  4.716605963025927 112.52982439528921 pid1e16
104.71413386099404  3.4878668924430207 111.68986764588008 pid1eb8
104.76896638582926  1.508650142676434 107.78626667118213 pid1e0f
104.86361671551451  4.426548928054569 113.71671457162364 pid1eba
105.1409512614411  4.984386660622501 115.10972458268611 pid1d60
105.56829850969308  4.875061441071445 115.31842139183597 pid1d61
106.11714625195974  2.9576797944405433 112.03250584084083 pid1d1c
106.51472176748833  3.3436319143451088 113.20198559617855 pid1e3c
106.5716249384509  3.467256880950452 113.5061387003518 pid1eb2
106.59478485813908  1.049267845588811 108.6933205493167 pid1df4
107.5727146140038  1.2119312146443502 109.9965770432925 pid1d90
107.5860769441686  1.9085880160245248 111.40325297621764 pid1eaf
107.67073557698436  3.9524092586738284 115.575554094332 pid1e4a
107.68796683060843  4.183758464003256 116.05548375861494 pid1ebd
107.7024485164385  2.7197762072574307 113.14200093095336 pid1e71
108.51417099287073  2.2774083595720844 113.0689877120149 pid1d9f
109.12705922462334  3.6306101385289065 116.38827950168115 pid1d70
109.35378323335235  2.4245574885351013 114.20289821042255 pid1d54
109.43919530181894  3.76260490808453 116.96440511798801 pid1ed2
109.87447071274453  4.426530183910551 118.72753108056563 pid1df2
109.87604152863734  1.5879325948317513 113.05190671830084 pid1d98
110.38643361938536  3.734733994662498 117.85590160871035 pid1d4f
111.91247677649311  1.5944599727513586 115.10139672199583 pid1ed3
112.01413556956689  2.240194768113793 116.49452510579448 pid1e67
112.48722878863416  3.8988062376457595 120.28484126392567 pid1e21
112.87512525855804  2.127006540437152 117.12913833943234 pid1eab
113.61125094057212  3.04540559220319 119.7020621249785 pid1de5
114.38774849631524  3.0388285396037387 120.46540557552272 pid1d5e
114.43940903201873  4.01277223310851 122.46495349823576 pid1e27
114.8388316764476  4.788199732394567 124.41523114123673 pid1ed8
115.12919200681598  1.2255989524883142 117.58038991179261 pid1d8b
116.17566106616506  3.7862359518177566 123.74813296980058 pid1d43
116.31504647183505  1.811939904662475 119.93892628116 pid1df5
116.39691086150954  1.1426654930822853 118.6822418476741 pid1e91
116.46872359387564  3.1272709234758445 122.72326544082733 pid1e14
116.65668603606164  2.623743019543321 121.90417207514828 pid1d62
116.67076381785608  4.105892386868533 124.88254859159315 pid1dae
117.00146499751484  3.0212290278887632 123.04392305329237 pid1e94
117.59597231258553  4.070406520549981 125.73678535368549 pid1dc8
117.65396915056328  2.21633784781389 122.08664484619106 pid1dfe
117.85255386128297  4.45447816561817 126.76151019251931 pid1d34
118.09251164967343  2.6882399221777176 123.46899149402886 pid1de8
118.18427410673792  4.201501287272766 126.58727668128344 pid1eb6
118.4098727141964  3.9004077902599423 126.21068829471628 pid1d73
118.61466804401749  3.072665961798038 124.75999996761357 pid1d59
118.86503970793275  4.660271072193844 128.18558185232044 pid1e44
119.24510390094112  4.698650880552885 128.64240566204688 pid1dee
119.50451567810642  2.8778508714335587 125.26021742097353 pid1e52
119.73340313097057  3.7264176464875574 127.18623842394568 pid1e79
119.89913962022462  4.667895047478996 129.2349297151826 pid1d67
120.03137313436524  1.9425101437512056 123.91639342186765 pid1e34
120.16768662600794  1.0564726985962332 122.2806320232004 pid1d82
120.37109625354832  4.893778358553188 130.15865297065469 pid1db8
120.39270492113839  3.8070854173474924 128.00687575583336 pid1dcc
121.18823997491624  1.3119839096253791 123.812207794167 pid1e3a
121.35894008200012  2.783789903735525 126.92651988947117 pid1ebb
121.44809567792994  3.026016933305804 127.50012954454155 pid1d78
121.66525081794289  4.890952004293927 131.44715482653075 pid1d7e
121.9753426057142  1.7541619691107266 125.48366654393566 pid1eb0
122.12931497377195  1.3990037215245592 124.92732241682107 pid1e57
122.3662398110519  1.210094647413714 124.78642910587932 pid1dd3
122.80059907575108  2.9226263724711115 128.6458518206933 pid1de6
123.08307500070889  4.0274134724741115 131.13790194565712 pid1dc0
123.21996185841276  2.061976513943783 127.34391488630033 pid1e76
123.66630753406567  1.246415873397758 126.15913928086118 pid1db1
124.56185026360987  3.1966627821543074 130.95517582791848 pid1e3f
124.61612036535205  1.92372986985851 128.46358010506907 pid1de2
125.39937307676226  4.644437625261231 134.68824832728473 pid1d99
125.88437537623757  1.5390041184680996 128.96238361317376 pid1da7
126.22115301666287  3.1101484210614894 132.44144985878586 pid1e5b
126.6841430345032  3.934643737725378 134.55343050995396 pid1d5d
127.05617744669006  4.47173155808984 135.99964056286973 pid1e20
128.02763026823163  1.5545009915688799 131.1366322513694 pid1dba
128.6765270995752  1.947039866963845 132.5706068335029 pid1e39
128.948498254071  3.7529324229502103 136.45436309997143 pid1e9f
129.12306547469507  2.8614943694759702 134.846054213647 pid1ecd
130.17800217828906  1.255830241399491 132.68966266108805 pid1daa
130.48596573910123  1.167980826018118 132.82192739113748 pid1e46
131.38948042856532  3.7714567495191207 138.93239392760356 pid1d79
131.86830972789218  2.6629383991374294 137.19418652616704 pid1d33
132.1221536838169  4.326296492572056 140.774746668961 pid1e88
132.80607230819442  3.496307940949898 139.79868819009423 pid1d68
133.15929935454108  3.8374305471961403 140.83416044893335 pid1d1e
133.65692553690587  4.049927267234899 141.75678007137566 pid1e74
134.00171710784636  1.7758092483272998 137.55333560450097 pid1e2f
134.04551878172487  4.196820143836163 142.4391590693972 pid1dc9
134.1545755383885  2.835493617220022 139.82556277282856 pid1d22
134.40869688086778  4.57816449609758 143.56502587306295 pid1e0a
134.78805585658364  3.2185634353685164 141.22518272732069 pid1d42
134.86333117620984  4.740186654277396 144.34370448476463 pid1e8e
136.20111400937594  3.80596463949511 143.81304328836617 pid1dd2
136.71637683908688  1.6302091303817137 139.9767950998503 pid1e6a
136.77968693693106  1.9433617460236916 140.66641042897845 pid1e93
137.00757446629655  4.061177904362074 145.12993027502068 pid1e8c
137.67160281187998  1.0414273879087155 139.7544575876974 pid1d3e
137.73145685546876  1.8999164500235843 141.53128975551593 pid1dd7
138.60240677807184  3.9975949052731505 146.59759658861813 pid1d2e
138.92414910531735  2.1453338723068947 143.21481684993114 pid1e80
139.62384075532177  4.144174218286812 147.91218919189538 pid1e56
139.67747629650805  4.735892740187682 149.1492617768834 pid1d9d
139.83918393728328  1.7380057354589322 143.31519540820113 pid1dbc
139.86228683985547  1.569262084229348 143.00081100831417 pid1d6d
139.97047907936903  4.806250576197872 149.58298023176476 pid1e19
140.67196919166886  4.441461691558532 149.55489257478592 pid1e1d
140.92256954730712  3.835239824905307 148.59304919711772 pid1ec4
141.2222520414739  2.730571999221283 146.68339603991646 pid1e8f
141.84798393376508  2.338014634646148 146.52401320305736 pid1eb4
141.95729804092173  1.135249245160436 144.2277965312426 pid1d7c
142.15285947621638  4.527625524475479 151.20811052516734 pid1e66
142.53556369274943  4.348614591777322 151.23279287630407 pid1e37
142.93140543781143  2.997786202461253 148.92697784273395 pid1d77
143.26807493588413  1.4648948909349002 146.19786471775393 pid1d4c
143.73167223064326  2.439413156067388 148.61049854277803 pid1d7f
143.75466612940969  2.372954657774275 148.50057544495823 pid1df3
143.97381553670272  2.505737332950382 148.9852902026035 pid1ec1
144.70141433749262  2.532604594347373 149.76662352618737 pid1e73
145.35721742228628  4.27327355535318 153.90376453299265 pid1d64
145.63145546848486  4.115695433120369 153.8628463347256 pid1d65
146.40976606499592  4.628527462145849 155.66682098928763 pid1da5
146.6889514305913  2.3060043829329597 151.3009601964572 pid1e2b
147.03276194489862  3.0167817304844906 153.06632540586762 pid1d9e
147.3445634554425  2.1160588198926504 151.5766810952278 pid1d83
147.80962828211025  1.7795521118052848 151.36873250572083 pid1ea3
148.58977508198566  1.9027237831915422 152.39522264836876 pid1e7a
148.68820626648144  4.0776800074154655 156.84356628131238 pid1ddf
148.99130406552524  3.8707599849397876 156.7328240354048 pid1d69
149.43141598473625  3.7054030499416974 156.84222208461964 pid1ed0
149.6236786159604  1.0858266141587345 151.79533184427785 pid1d3d
149.89575354406315  2.735205987973933 155.366165520011 pid1e00
150.97646400241385  3.567463951530556 158.11139190547496 pid1e92
151.3319498143452  1.184976745519423 153.70190330538404 pid1e77
151.60586732414765  4.09133160066609 159.78853052547984 pid1e4b
151.75811327431455  1.3038256391363343 154.36576455258722 pid1dde
152.89940767380688  4.563250325851584 162.02590832551004 pid1dad
152.92697815209672  4.733522926614529 162.39402400532578 pid1dfd
153.57320167351645  3.369532112219531 160.3122658979555 pid1dc4
153.58806763220556  2.4580355837316645 158.5041387996689 pid1e6d
153.66393662605677  2.9728657794397466 159.60966818493625 pid1d6a
154.19135798423858  1.7125808750209552 157.6165197342805 pid1eb9
154.2718609100965  3.7037580774439456 161.6793770649844 pid1d50
155.54256551245308  2.9470641059526725 161.43669372435843 pid1d5f
155.7085574786031  4.518056857145679 164.74467119289446 pid1ebe
155.8803781027323  3.438511129380309 162.7574003614929 pid1def
157.38623341002966  1.4168660462325544 160.21996550249477 pid1ecb
157.67476961870983  2.413065770071766 162.50090115885337 pid1d7b
157.6880893734359  1.9196990145498511 161.5274874025356 pid1db0
158.2440668461023  1.579093513508687 161.40225387311966 pid1eb7
158.68996973779917  4.010825423414529 166.71162058462824 pid1ed6
158.94628258686407  2.9588244220609417 164.86393143098596 pid1e13
159.06664493761477  1.5229926595974952 162.11263025680975 pid1dd5
159.18574404976198  1.6911382513159423 162.56802055239388 pid1e10
159.18902958499305  2.7442532337012255 164.6775360523955 pid1dfc
159.722446108052  4.866969272945174 169.45638465394234 pid1db2
159.80826352293641  1.5977212082750496 163.0037059394865 pid1d6b
160.0262015329612  4.43635429969712 168.89891013235544 pid1db3
160.68256214763883  3.1102253919207543 166.90301293148033 pid1ead
160.77520721179636  4.76812696490715 170.31146114161066 pid1dab
161.21000060378515  3.34473209182484 167.89946478743482 pid1dc3
161.6017366568095  4.059040717041937 169.71981809089337 pid1e30
161.71713727051343  4.9066527073888615 171.53044268529115 pid1e07
161.87540272251735  1.4425098246316086 164.76042237178058 pid1dda
162.2558205765493  1.0989765090784873 164.45377359470626 pid1e82
162.29828614353596  3.613303151775087 169.52489244708613 pid1d3f
162.62422436386458  1.4350248202329507 165.4942740043305 pid1ebf
162.88945307210662  2.9087419982937144 168.70693706869406 pid1e5c
163.00622611223528  4.223665224256031 171.45355656074736 pid1e1c
163.32515081812588  2.653869956712515 168.6328907315509 pid1dd0
163.42020554906912  4.127060062974316 171.67432567501777 pid1d31
163.67409862322737  1.4362002701702412 166.54649916356786 pid1e90
165.42239283994428  1.328853058839134 168.08009895762254 pid1d7d
165.607757380237  3.3663743866625158 172.34050615356202 pid1e8d
165.9241998044673  4.7744534918882895 175.47310678824388 pid1e55
166.6319670744581  3.3926433132842675 173.41725370102662 pid1da1
166.80748052582632  3.1721383045516633 173.15175713492965 pid1e3b
166.99235882270054  3.952734388054322 174.8978275988092 pid1df6
167.06132210872062  4.373646456156494 175.8086150210336 pid1da3
167.59238371288578  2.898225870583495 173.38883545405275 pid1d55
168.72741318346579  1.9505113541747114 172.6284358918152 pid1e95
169.52345420376963  2.26605392688499 174.05556205753962 pid1d27
169.7827952954582  1.0813837206088959 171.94556273667598 pid1de1
170.07555392951144  3.262376008123037 176.60030594575753 pid1d30
170.53102526371262  1.9983986177998898 174.5278224993124 pid1e26
170.7420858093296  4.199189797050206 179.14046540343003 pid1d38
170.7935847493181  1.3490851503077979 173.4917550499337 pid1d24
171.19361616148518  3.899190188655637 178.99199653879646 pid1d2c
172.0946172120809  2.9267684747439544 177.9481541615688 pid1eb1
172.5548554479031  4.1819358716967585 180.91872719129663 pid1ed5
172.69675333115643  1.456381684236741 175.60951669962992 pid1d66
172.8438993444514  4.450172477630757 181.7442442997129 pid1db6
174.05969159581082  1.9541517448929575 177.96799508559673 pid1e22
174.83148474039223  4.851274606028124 184.53403395244848 pid1e35
175.17215594497475  4.350023989896959 183.87220392476866 pid1e4e
175.96586065348953  1.1551521208299214 178.27616489514938 pid1e1e
176.7374782566234  4.428762617839001 185.5950034923014 pid1e68
177.0518451829159  3.886977524444774 184.82580023180546 pid1d36
177.10263975499657  4.3499138661533685 185.80246748730332 pid1e9d
177.47754333296717  1.8954836838431124 181.2685107006534 pid1da2
177.64730667029409  3.4191421938617115 184.48559105801752 pid1e54
178.22365364411542  4.338512194437266 186.90067803298996 pid1d86
179.77979102853655  2.007517785891003 183.79482660031854 pid1e01
179.79710077677217  1.0824952354623778 181.96209124769692 pid1e97
