1.9829297025321546  1.3611842793954239 81.98292970253216 pid16fa
2.40785644783883  1.1868243455788434 82.40785644783882 pid16d7
3.1414580140467994  1.054655281945641 83.1414580140468 pid16b2
4.205511797567796  1.7839111691095746 84.2055117975678 pid16a8
4.258002897536079  0.6752881865106357 84.25800289753607 pid16e0
5.81664359225817  1.1330033022539283 85.81664359225817 pid16bf
6.286010812292709  1.8954667365010387 86.28601081229272 pid1732
8.379768924746077  0.7927434664651345 88.37976892474607 pid171e
8.42866753118034  1.598390599177695 88.42866753118034 pid16ac
11.487929964190085  1.814817864875638 91.48792996419009 pid16ec
11.584510975264283  0.5853015867840548 91.58451097526428 pid16c3
13.810192153973277  0.9112579926164753 93.81019215397328 pid16aa
14.177007125456441  1.3969021887474165 94.17700712545644 pid16af
16.4564131631526  1.1803905948073101 96.4564131631526 pid172b
16.529506389102856  0.6359856067653291 96.52950638910286 pid16f5
17.31582436613338  1.9104776671265786 97.31582436613338 pid1700
17.69688850865584  1.7652941599028003 97.69688850865583 pid16ee
18.03162824174671  0.8580346247137762 98.03162824174672 pid1715
18.890676164834975  1.7531589567773684 98.89067616483497 pid16d3
19.052070380228574  1.7130809396198026 99.05207038022857 pid16b8
20.828963785343905  1.08132629859303 100.8289637853439 pid16c1
21.142471631460637  1.513144001663729 101.14247163146064 pid1733
22.545090136367353  0.9133050176893098 102.54509013636735 pid1720
23.27339405641387  1.2988041883210184 103.27339405641388 pid16d0
23.94331758971699  1.4806219077738352 103.943317589717 pid16b6
24.039888684775747  1.3787624610502442 104.03988868477575 pid16b4
24.573989565706388  1.4073148511043319 104.57398956570638 pid16fb
24.963209822053003  1.1129409068743468 104.963209822053 pid1719
25.284709983231263  1.8947373465755906 105.28470998323127 pid16b0
26.017001274725303  1.1090075608999617 106.0170012747253 pid16c5
26.574684314773712  0.7232490522876507 106.57468431477372 pid16cf
27.25853847406965  1.1688386397651183 107.25853847406965 pid16ab
27.866654268647412  1.2268004033849513 107.86665426864741 pid16dc
29.913885656253825  0.5014951421635927 109.91388565625383 pid16ad
30.683319061470517  0.9931127399248514 110.68331906147051 pid16cc
32.00143017362575  0.7640402848010286 112.00143017362575 pid16fe
32.50355145799965  1.9555287912080845 112.50355145799965 pid170c
34.0447230889162  1.3097900696468534 114.0447230889162 pid16b7
34.685705207863364  1.969868682434493 114.68570520786336 pid16b3
35.43422609538294  1.2155404425501808 115.43422609538294 pid16ef
38.91158889196689  0.8493012486217204 118.91158889196689 pid16ce
39.307986464766856  0.8612971079740006 119.30798646476686 pid16e5
39.62232096479914  0.8390374040335055 119.62232096479914 pid16f6
41.08474872429112  0.9776325509627903 121.08474872429112 pid16be
41.107315473933845  0.5462336950371497 121.10731547393385 pid172f
41.805798261988805  1.7031989816109676 121.8057982619888 pid16c9
46.05604719314111  1.6226023099353757 126.05604719314111 pid16c0
47.21795874770352  1.8243228344587923 127.21795874770352 pid1725
47.76799357322912  1.158769885117053 127.76799357322912 pid16e2
48.977217117498995  0.6052546705619679 128.97721711749898 pid1724
49.060953943354484  1.8179784495988263 129.0609539433545 pid16bd
49.63171161659948  0.9878451516577593 129.6317116165995 pid16f9
51.547833438839774  1.7662314895064366 131.54783343883977 pid172e
52.194541730236224  1.2680745688138406 132.1945417302362 pid171b
52.700013743159715  0.9327858183829272 132.70001374315973 pid16d5
53.425367705916145  1.387852300728165 133.42536770591613 pid16bb
54.30512610395459  1.1744645873236352 134.3051261039546 pid1739
55.13598549283608  0.8065268010469964 135.13598549283608 pid1714
55.224510753991225  1.034052694863687 135.22451075399124 pid1728
56.00675968080288  1.4288932647120076 136.00675968080287 pid1722
56.490548399904675  0.7286985102066004 136.49054839990467 pid16f7
56.554254973633086  1.38547947890416 136.55425497363308 pid16d1
56.900894936912536  1.9163769509820088 136.90089493691255 pid1708
57.92711814499272  1.4559275250485282 137.92711814499273 pid1702
58.372265910899294  0.7947609501221602 138.3722659108993 pid1735
59.370938573252225  1.515144153469059 139.37093857325223 pid16f0
59.74887514957341  1.0985764806503189 139.7488751495734 pid16f2
63.495128320003225  1.0809403863669145 143.49512832000323 pid173b
63.618576745576405  1.0373419852006416 143.6185767455764 pid16c4
63.75025839607614  1.0686937543742705 143.75025839607613 pid16fd
63.79216069313345  0.5639891367053511 143.79216069313344 pid1729
64.20328180223997  1.02139084635603 144.20328180223999 pid1712
65.65201906337319  1.8593783512394773 145.6520190633732 pid16e4
65.8303223324339  0.9837021380189829 145.8303223324339 pid1736
66.53427107156308  1.2077143082082498 146.53427107156307 pid172d
66.55349018139394  1.7817534272010231 146.55349018139395 pid1721
68.51897565615465  0.5276244885989446 148.51897565615465 pid173a
69.87572588454572  0.5102245654635771 149.87572588454572 pid16c6
70.63949736226853  0.8782485670486124 150.63949736226851 pid16c8
71.76304059801588  1.7630781825328738 151.7630405980159 pid1704
72.54206467123055  1.4544423653628011 152.54206467123055 pid1734
74.72850079489912  1.3008698244008157 154.7285007948991 pid16ba
77.29537000996643  0.8596088773076234 157.29537000996643 pid16e6
78.49706103172566  0.897865387992629 158.49706103172565 pid16f1
78.64167946426129  1.1324565100263682 158.6416794642613 pid1705
80.1030883979263  0.9190718187058382 160.10308839792629 pid16ff
81.37924603382997  1.1661474732524932 161.37924603383 pid16cd
82.60163274034605  0.6898435253201383 162.60163274034605 pid1716
82.73455440818849  1.6525160552816742 162.7345544081885 pid1703
82.98401375542869  1.386108874636164 162.9840137554287 pid16e3
84.12665438253228  0.6940080925770831 164.12665438253228 pid16ca
86.08121920486418  0.8021135471038552 166.08121920486417 pid173c
86.19313549212944  1.1712209046779105 166.19313549212944 pid16d6
86.82114638137284  1.0909221011366481 166.82114638137284 pid16da
89.50579221709481  1.618962849957009 169.5057922170948 pid16eb
90.35393707450945  1.0313795475112457 170.35393707450945 pid16e7
92.06849243869324  1.4472702617550595 172.06849243869323 pid170e
93.19020513337539  1.529468607710822 173.1902051333754 pid171c
93.3658220960694  1.146545730261237 173.3658220960694 pid1737
93.8364391380092  1.6679176864759941 173.8364391380092 pid1713
94.05498825089708  1.5827237270434196 174.05498825089708 pid172a
95.13740194375795  0.6601205439848254 175.13740194375794 pid16b5
97.05795475287981  0.9516809479743684 177.05795475287982 pid1717
99.71036585194456  1.0071348569197203 179.71036585194457 pid16cb
101.62142052029681  0.7719843403712834 181.6214205202968 pid16d4
103.12250895264977  0.8245528086400775 183.12250895264975 pid16d2
103.64474051379996  0.7529692919506178 183.64474051379995 pid16c7
103.82216715473608  1.0315053954292759 183.82216715473606 pid170d
104.43657519742217  1.7418745554578514 184.43657519742217 pid1731
107.8656484402403  1.4931508322339588 187.8656484402403 pid16f8
109.12743096373333  1.7376608713577417 189.12743096373333 pid16db
109.33676480374915  1.4604939998617927 189.33676480374913 pid16df
109.8231948547406  0.8715711745210063 189.82319485474062 pid1727
110.62119065223425  0.6782387630804275 190.62119065223425 pid1726
111.67407991655081  1.9609284965221903 191.6740799165508 pid1730
112.44040343242538  1.1083418039345028 192.4404034324254 pid16e1
114.76965877844901  1.9518391137282065 194.769658778449 pid1711
115.27237662245317  1.402959767617645 195.27237662245318 pid16e8
116.08025881343677  1.0765340848117215 196.08025881343679 pid171a
117.28915395244962  1.3963990176151282 197.28915395244962 pid16e9
118.42170299057311  1.3558788140159355 198.42170299057312 pid170a
119.87109405769031  1.9488148155380394 199.8710940576903 pid16dd
120.56944425685843  0.6120881039968817 200.56944425685845 pid1718
122.1949359096025  1.5685446090367459 202.19493590960252 pid1709
122.54386289423184  0.8389161008216921 202.54386289423184 pid170b
122.77300967342418  1.1036307312875504 202.77300967342418 pid173d
123.51916904941751  1.4493025645773752 203.5191690494175 pid1706
126.00398623885233  1.69923391195514 206.00398623885235 pid16ea
126.25488364853949  0.823473131445169 206.25488364853948 pid172c
127.1576280914294  1.9097410971181468 207.1576280914294 pid16ed
127.28886249555732  0.5066688725311197 207.28886249555734 pid16f4
127.42641560103118  0.6578675128590212 207.42641560103118 pid1701
127.98406514445499  1.6733386359488425 207.98406514445497 pid16b9
130.14846257128534  1.6229585708472933 210.14846257128534 pid16fc
130.8764659250972  0.7103307683690258 210.8764659250972 pid171f
131.93392607728825  1.7807288225921356 211.93392607728825 pid1738
132.96284734565643  1.0873531792968507 212.96284734565643 pid16bc
133.02192012044713  1.9123178727155485 213.02192012044713 pid1707
133.41415844528922  0.8725941723620727 213.41415844528922 pid16f3
134.7828211465986  1.1886677097427134 214.7828211465986 pid1723
135.30091760945714  1.2749865452376072 215.30091760945714 pid16b1
137.72816707059062  1.7189014749408367 217.72816707059062 pid16a9
137.94156608519728  1.4752811918008488 217.94156608519728 pid1710
138.47978288753293  1.6751325864411049 218.47978288753293 pid171d
140.03891149228946  1.9653011128752893 220.03891149228946 pid16d8
143.18881684664404  0.8152888237627252 223.18881684664404 pid16de
144.65763658885857  1.8219656916439897 224.65763658885857 pid16d9
144.9988215661665  1.7728370643200055 224.9988215661665 pid16c2
145.4430521191676  0.9185863854884021 225.4430521191676 pid170f
148.59778872358007  1.464611681119389 228.59778872358007 pid16ae
