0.6458646728077833  0.5533891220504954 80.64586467280779 pid19b7
1.8234502466941804  1.1464722545782664 81.82345024669418 pid1a26
3.0464151707396416  1.1850553338870038 83.04641517073964 pid19d9
5.011613888447364  1.1758950888458284 85.01161388844736 pid199b
5.094936508528241  1.9245230858289248 85.09493650852824 pid199a
6.762925041476736  1.3204998747524592 86.76292504147673 pid19c4
8.248363669579579  1.589774014336361 88.24836366957958 pid1a0f
9.415998344057853  1.1043613143452595 89.41599834405785 pid19a0
9.950051790678167  1.6924671149695802 89.95005179067817 pid19e9
10.004652071853204  1.221135399779346 90.0046520718532 pid19e0
11.180971362705506  1.108395456173804 91.1809713627055 pid19da
11.505127594515653  1.929398904241074 91.50512759451566 pid1a27
12.016523683562646  1.562589860780551 92.01652368356264 pid19a9
12.16303407703952  1.689479577387845 92.16303407703953 pid1996
12.268212576269722  1.8540124185951834 92.26821257626972 pid19f1
12.48353135847911  1.4165550694666234 92.48353135847911 pid1997
12.712059834367173  0.8301748095959419 92.71205983436717 pid19ab
15.487777601084197  1.3326687247994116 95.48777760108419 pid199c
17.003991124672496  1.8615667435519436 97.0039911246725 pid19cd
18.321844848384288  1.1868551425498135 98.32184484838429 pid1a00
20.76548571927921  1.4277735513817427 100.76548571927921 pid19d8
21.03505351001422  0.5538236506889402 101.03505351001422 pid1a19
21.81067375032088  1.819782583518666 101.81067375032089 pid19d7
22.696093796870308  1.424788328693603 102.69609379687031 pid19c5
24.841357292593795  0.7617520145509116 104.8413572925938 pid19ae
25.462767684557214  0.7378886755076304 105.4627676845572 pid19d2
25.832176675491354  1.2328516638075135 105.83217667549135 pid19ad
25.964955580545073  1.8102846400998365 105.96495558054508 pid1a03
26.077231134509788  1.4432645956924466 106.07723113450979 pid1a2a
26.486932582113937  0.9756349569197571 106.48693258211394 pid199e
26.600319758918246  1.2760364463966591 106.60031975891825 pid1a1a
27.153556311464154  1.398577872313123 107.15355631146416 pid19b8
27.50636030972185  1.6621636063613845 107.50636030972186 pid199d
27.511925606989397  1.2902540176404407 107.5119256069894 pid19a2
27.965228779504976  1.813916233999672 107.96522877950497 pid19be
30.016562807509793  1.2853309314308574 110.01656280750979 pid1a16
30.20339837442464  0.5932694926426529 110.20339837442464 pid19b5
34.711957488735344  1.2839354159463534 114.71195748873535 pid1a29
37.39668693203665  1.475968879875426 117.39668693203666 pid1a17
37.96442540265822  1.2800081185968548 117.96442540265822 pid19f7
38.257908946295224  1.1976733829265882 118.25790894629523 pid19b2
40.067110731323005  1.9573782289671826 120.067110731323 pid19ca
40.19002498618997  0.742899646051862 120.19002498618997 pid1a24
40.286508796624666  1.3619148697459837 120.28650879662467 pid19c3
43.55899002299352  0.927258929434107 123.55899002299353 pid19e3
45.45331511905343  1.4852036391746797 125.45331511905343 pid19a7
46.078408089878344  1.2838026838354641 126.07840808987834 pid1a13
46.134822018989915  1.113946380854404 126.13482201898992 pid1a20
46.27574482072876  1.4745684470547245 126.27574482072876 pid19fd
47.48662120166921  1.8686167153776405 127.48662120166921 pid19fa
47.50351501049811  0.9370214156081158 127.50351501049812 pid19cf
47.80370584419258  0.6571626054512641 127.80370584419258 pid1a0c
48.103114196162444  1.6900579256242896 128.10311419616244 pid19ed
49.11288517347457  1.9405067340619109 129.11288517347458 pid1a1b
51.93743097951946  1.3564436021041804 131.93743097951946 pid1a05
53.049821543620645  1.4359319027599946 133.04982154362065 pid19a3
53.32010517799014  1.9498739735211412 133.32010517799014 pid19ff
55.648461630240256  1.1174203031731484 135.64846163024026 pid1a1e
56.93724320451105  0.6551147042256844 136.93724320451105 pid19e8
57.455991141076744  0.8745685248354589 137.45599114107674 pid1a18
58.07812921798245  0.9508605751077525 138.07812921798245 pid1a0b
59.15834133521248  1.5771634871830487 139.15834133521247 pid19d1
59.37437251071572  1.6975666948933945 139.37437251071572 pid1a0e
60.15915463702638  1.6102658581320193 140.15915463702638 pid1a09
60.691492971817986  1.5755995784418526 140.69149297181798 pid19fc
61.80005784515066  1.8555919507460321 141.80005784515066 pid19e7
62.78395544518469  0.6697860786387532 142.7839554451847 pid19b0
63.643203856226535  1.6837428063195041 143.64320385622653 pid19f2
63.73558063088728  1.947339357146479 143.73558063088728 pid19d4
64.51623679589443  1.6717035513443532 144.51623679589443 pid19aa
65.54388511004406  0.6020774158912838 145.54388511004407 pid19c6
65.65319566993414  0.5101343437533787 145.65319566993412 pid1998
65.71419329538598  1.6711783163774818 145.714193295386 pid1a07
66.8444520402318  1.309560688164938 146.8444520402318 pid1a01
71.93019949951636  0.7660440518828449 151.93019949951636 pid19c1
72.17056517302704  0.6666680810682508 152.17056517302706 pid1a28
72.21670403262551  0.9236561952321306 152.2167040326255 pid19cc
72.26357071160001  1.9151064552337467 152.2635707116 pid19db
75.97791477974393  1.1824149094983731 155.9779147797439 pid19bd
76.08520126817476  1.8210231523937364 156.08520126817476 pid19cb
76.32396782719418  0.9131930891413431 156.32396782719417 pid1a0a
78.74179352230118  1.131468875789912 158.74179352230118 pid19e4
83.71849511132055  1.9016256780609981 163.71849511132055 pid19a4
83.88251726991085  0.909208255449476 163.88251726991086 pid19e2
84.12857037676262  1.3401339901689058 164.12857037676264 pid19eb
84.59145317849487  1.0132757644306012 164.59145317849487 pid1a04
85.89382153714801  1.0551794358199327 165.89382153714803 pid19d3
86.32919872974728  1.3947969466949295 166.32919872974728 pid19bc
87.19339394807349  1.965773458459077 167.1933939480735 pid1999
87.6322280319271  1.6901874353812407 167.6322280319271 pid19f8
88.68339935573373  1.5489028960751023 168.68339935573374 pid19b1
89.03690950701805  0.6836955790028361 169.03690950701804 pid19d6
90.19442050518842  0.8303591104127145 170.19442050518842 pid19ea
91.16299993809552  1.6376463711676856 171.16299993809554 pid1a23
91.4614562105974  1.60691613863696 171.46145621059742 pid19fe
95.82894155128311  1.7950423664904138 175.8289415512831 pid19a8
97.15650637202323  1.2985425873890561 177.15650637202322 pid1a1d
98.91534282392715  0.9407185652061365 178.91534282392715 pid19ac
101.6428290632904  1.117753276574961 181.6428290632904 pid19f0
102.52482340482017  1.9288890995091128 182.52482340482015 pid19ce
102.9390916289609  1.698277667852234 182.9390916289609 pid199f
103.07856718162606  0.6682968710920258 183.07856718162606 pid1a1f
103.94056206011777  1.168137315995924 183.94056206011777 pid1a14
104.55323231385223  1.904753718429545 184.55323231385222 pid1a12
107.61838776235538  1.3585207163881505 187.61838776235538 pid19ef
110.04073763184644  1.024551022962244 190.04073763184644 pid19d5
112.14356102866843  1.1428447255765415 192.14356102866844 pid19f9
113.81690854003968  1.786081405906726 193.81690854003966 pid19af
113.91142298996098  1.924120394098603 193.91142298996098 pid1a1c
113.9406785467235  0.5660988680366487 193.94067854672352 pid19a1
115.58401080449242  0.7713419069013299 195.58401080449244 pid1a11
115.91115351101668  0.5185045774938453 195.91115351101666 pid19b6
119.821716039131  0.7071991456966682 199.821716039131 pid19df
121.03762134756141  1.7481054115831238 201.0376213475614 pid19a6
121.16129527113942  1.7595245230177217 201.1612952711394 pid19ee
122.26456845565166  1.4474955081693852 202.26456845565167 pid19c2
122.94178236582884  0.5037722255791144 202.94178236582883 pid19b4
123.01833649859798  0.7896319824969071 203.018336498598 pid1a15
123.34147909302825  1.2598810450735023 203.34147909302825 pid19fb
123.39869691819653  1.4759825262929571 203.39869691819655 pid19c8
123.40262701080374  0.5203586124539936 203.40262701080374 pid1a2b
123.84937978347155  0.7847224150391736 203.84937978347153 pid19dd
124.07763049105291  1.727111960866335 204.0776304910529 pid19c0
124.1731424479241  0.6817934995278011 204.1731424479241 pid19bf
125.1697410328437  1.8083354483955478 205.16974103284372 pid19f4
125.47137140203542  1.2265146354515697 205.4713714020354 pid19b3
127.8137891794089  1.4187182467958026 207.8137891794089 pid19c7
129.63103404413602  1.4550443448789354 209.63103404413602 pid19b9
129.74876549982494  1.7076911063728866 209.74876549982494 pid19f3
130.518013556842  0.7000532753627129 210.518013556842 pid1a25
130.87998888195398  0.9094072633069974 210.87998888195398 pid1a10
133.12066708360365  1.7743912816389833 213.12066708360365 pid19ba
133.30035149666037  0.6131881310073788 213.30035149666037 pid1a22
135.4713109739386  1.2710258423128273 215.4713109739386 pid1a06
138.44382628016388  1.7804602016454778 218.44382628016388 pid1a02
138.50996366616255  0.8402385685662768 218.50996366616255 pid19c9
139.79996054166998  1.5896579561081992 219.79996054166998 pid19ec
140.08304033649952  1.1673851765733063 220.08304033649952 pid1a21
140.6563664369575  1.701562010415445 220.6563664369575 pid1a08
141.17941063669483  1.554626171065529 221.17941063669483 pid19f5
141.77236941337122  1.9192764425321287 221.77236941337122 pid19de
141.8111407077179  0.9254084031701212 221.8111407077179 pid19e5
141.86274312187126  1.7436628458973693 221.86274312187126 pid19bb
142.69740806052943  1.990198097828467 222.69740806052943 pid19e6
142.86724243164866  1.2800107097473374 222.86724243164866 pid19dc
144.4038618626983  1.6238874997485757 224.4038618626983 pid19f6
145.57085098722533  1.504126878349429 225.57085098722533 pid1a0d
147.06563189200642  1.6440000011323197 227.06563189200642 pid19a5
147.77588799306722  1.2979627639525704 227.77588799306722 pid19e1
148.2455711600111  0.7957345376030905 228.2455711600111 pid19d0
