0.04683911487058934  1.318861968116293 80.0468391148706 pid2f7e
0.0939230137915914  1.156632417900169 80.0939230137916 pid2f21
0.11366018489495922  0.8069709253830538 80.11366018489495 pid3029
0.26124519299521864  0.6673274009747345 80.26124519299522 pid305f
0.4362975027099425  1.112575534377845 80.43629750270995 pid2f26
0.5166714733841282  1.769738092363312 80.51667147338412 pid2f97
0.8783441372541667  1.6281063056101126 80.87834413725416 pid3003
1.4233689108330283  1.1625475340436109 81.42336891083303 pid3022
1.663801519984337  1.640938945453185 81.66380151998433 pid2ec0
2.0151693113963476  1.2739581002866434 82.01516931139635 pid2f02
2.0170886432082646  1.565365654319775 82.01708864320827 pid2fe0
2.4773519706089653  1.2716154601271557 82.47735197060896 pid3023
2.485646637437405  1.4147857848331487 82.48564663743741 pid2fda
3.076679115698877  1.6361487167431632 83.07667911569888 pid2fe5
3.37262335587834  0.6812269804409984 83.37262335587835 pid303b
3.383056019931857  0.7094427160078516 83.38305601993186 pid2fc9
4.0055531423513315  1.371083735538439 84.00555314235133 pid2f4c
4.360609395941695  1.4892340840640617 84.3606093959417 pid2f94
4.663939247857696  1.0878319862878585 84.6639392478577 pid2f0c
4.7908052590372225  1.6515848005952585 84.79080525903723 pid3039
4.812053842496628  1.7836234860689686 84.81205384249662 pid2fbc
4.976693433424523  1.5335378785972769 84.97669343342453 pid303f
5.437443119547419  1.8280962677699313 85.43744311954742 pid2f95
5.5969988502053365  1.6089789423488035 85.59699885020534 pid2f47
6.1311680451409165  1.0052551205876448 86.13116804514091 pid3019
6.7709487080941875  0.8454774920466411 86.77094870809418 pid2fde
7.033146904444854  0.7591536507071155 87.03314690444485 pid3061
7.042629626449965  0.857627140993934 87.04262962644997 pid2fee
7.043980805960243  1.7385157919365546 87.04398080596025 pid2f65
7.065664101688229  1.3699241703555414 87.06566410168823 pid2f0d
7.385258792726984  0.6974643791422936 87.38525879272699 pid3031
8.208326151941087  1.7891161823637018 88.2083261519411 pid2ebb
8.420486055114862  1.37225101430746 88.42048605511486 pid2ee2
8.56872976801073  0.6529398067631819 88.56872976801073 pid2fd7
9.640215587343048  1.2297727134318532 89.64021558734305 pid2ee0
9.816641377293017  0.9689989495273424 89.81664137729302 pid2eb0
10.188943578249699  1.7027907193658218 90.1889435782497 pid306f
10.304095203797386  0.5160984784172367 90.30409520379739 pid2f96
10.346061133223966  1.3795357406132494 90.34606113322397 pid2f79
10.376300394159527  1.8396704860991229 90.37630039415953 pid2eef
11.02171427640743  1.6879218491163277 91.02171427640744 pid2f8e
11.134219129162348  0.8820361134810801 91.13421912916235 pid2edf
11.39273937523338  1.8758237470895982 91.39273937523338 pid301c
11.41796793810857  1.9527090722853955 91.41796793810857 pid2f86
11.495001820406358  1.499975488874176 91.49500182040636 pid2f37
11.808380139080848  1.904618692932561 91.80838013908085 pid3047
12.077683232872245  0.8228368062088751 92.07768323287225 pid2fc5
12.751935514070462  1.339298111887056 92.75193551407047 pid2ee1
12.791320965730025  1.1971714251437697 92.79132096573002 pid2fb1
12.87950786473136  0.9678815036018176 92.87950786473137 pid2efe
13.051052504705368  0.6533547431907649 93.05105250470537 pid2fa3
13.338568290288094  1.271725199965672 93.3385682902881 pid2f20
13.370537978234221  0.7315979468289202 93.37053797823422 pid2f05
14.537610329578804  1.6880079364586669 94.5376103295788 pid302d
15.328962691329517  1.564709373279338 95.32896269132952 pid2f2f
15.49952454025823  0.8729137857899895 95.49952454025824 pid2fcb
15.81390403672679  0.8131469170756277 95.8139040367268 pid2ef7
16.101705228044892  1.353067415709382 96.10170522804489 pid2ec3
16.199884101810134  1.2396970021067906 96.19988410181014 pid2f52
16.371627744874235  1.3183531093981045 96.37162774487423 pid2f85
16.53633009765899  1.8113201995531671 96.53633009765899 pid2fa5
17.280007495261106  1.706408733555081 97.2800074952611 pid2f35
17.656118663864497  0.803516469671131 97.6561186638645 pid2f59
17.69860836071151  1.121880326114471 97.69860836071152 pid2ef9
18.108474582835754  1.5841207510419484 98.10847458283575 pid3015
18.141259981861847  1.0534278940859605 98.14125998186185 pid2eb6
18.37056356854589  0.9441597795838091 98.37056356854589 pid2ed6
18.421387029963153  1.7190293359783877 98.42138702996316 pid3055
19.04571611981295  1.9620204653902367 99.04571611981295 pid2f07
19.22423006443533  1.7913514345160375 99.22423006443533 pid2f1f
19.433521961926843  1.1731320932721103 99.43352196192684 pid2eb4
19.449358255445677  0.7582419938916929 99.44935825544567 pid2f5d
19.549893189375666  0.8778121735067996 99.54989318937567 pid2f09
19.78617172248053  1.4734486188881901 99.78617172248053 pid2fc7
19.837353472719453  1.7817606701374107 99.83735347271946 pid2f6a
19.88475294292451  1.3424693347552832 99.88475294292451 pid2ff3
20.08002215783622  1.7305782555040483 100.08002215783623 pid2f8b
20.159386944485057  0.55101383949086 100.15938694448505 pid2fd6
20.26176179344916  0.8425647692648399 100.26176179344915 pid3018
20.3974376635083  1.7947206955136854 100.3974376635083 pid2f66
20.962317739042096  0.6073954433226711 100.96231773904209 pid2fbe
20.995381133760254  1.2753602009548834 100.99538113376025 pid2fa4
21.046120483344723  0.504942904410171 101.04612048334472 pid2efa
21.501878173552846  0.9521047787707431 101.50187817355285 pid2fd9
23.831143169532492  1.35493080427923 103.8311431695325 pid2f03
24.107089558840368  1.0126462788864417 104.10708955884037 pid2f3b
24.216468350786624  1.907662300295854 104.21646835078663 pid2fc2
25.152191106371504  1.413272316452973 105.1521911063715 pid2ee4
25.181433808195848  1.6046240202248785 105.18143380819585 pid2eae
26.03303014728387  1.3398832820881035 106.03303014728387 pid2f08
27.233829541412863  1.5661907760387401 107.23382954141286 pid306c
27.669864471129724  0.9467847567773633 107.66986447112973 pid2fb2
28.26404062146625  1.8782016897753606 108.26404062146625 pid2fc3
28.46264921771926  1.2443153209767632 108.46264921771926 pid2ecd
28.636265657341642  0.8346945972762904 108.63626565734164 pid2f67
28.9933614450907  1.2723696583980575 108.9933614450907 pid3028
29.194493031517272  0.9324539845301458 109.19449303151727 pid2f53
29.523842811425382  0.7798425715160702 109.52384281142538 pid300d
29.596147976567345  0.9377120377987285 109.59614797656735 pid2f3a
29.696248656090134  1.0003086869781352 109.69624865609013 pid2f9a
29.717103434956854  1.9211716131213625 109.71710343495685 pid3065
31.197890082594053  0.9750560194454524 111.19789008259406 pid2ef5
31.39457867992526  1.5269874791380031 111.39457867992526 pid2fb9
32.44112990056773  1.600229745245839 112.44112990056773 pid2f51
32.89431939921664  1.533464646227772 112.89431939921664 pid2f28
33.010810416499936  1.0576958364456155 113.01081041649994 pid3008
33.26230489919885  1.7276699269924602 113.26230489919885 pid305b
33.30647258537202  1.2065112842534444 113.30647258537202 pid2eb2
33.36396521542929  0.6580077536815123 113.36396521542929 pid303a
33.52946812499848  0.6786868918817353 113.52946812499849 pid2fec
33.57290943740958  0.6173245551999775 113.57290943740958 pid2ee8
33.79939046467904  1.6283150660741188 113.79939046467905 pid2f60
33.85564130637875  0.9012366870661399 113.85564130637874 pid2f0e
34.45646913634335  1.815225220473585 114.45646913634334 pid2ed9
35.57381279982769  1.3435191845228995 115.57381279982769 pid2ff9
35.662196887734666  1.504677283017687 115.66219688773467 pid2ed5
36.068639789034314  0.9658692782133091 116.06863978903431 pid2f1d
36.23089762272531  0.6966639337956717 116.23089762272531 pid2ee9
36.30253936892332  0.9461868278402428 116.30253936892332 pid2fab
36.49855785024146  1.6545921138649369 116.49855785024147 pid2fa9
36.577827221592756  1.6171578571647054 116.57782722159276 pid2edc
36.70206052575284  1.8891370019025844 116.70206052575284 pid2eea
36.832345266399976  1.7864231800244408 116.83234526639998 pid2feb
37.0336345469199  1.062189537607358 117.0336345469199 pid2f3c
37.06743493657115  0.6642691834393912 117.06743493657115 pid3058
37.73347830871411  0.7956621797159433 117.73347830871411 pid3068
37.91797665089254  1.8637548048406536 117.91797665089254 pid3004
38.6064506431246  0.5265704283041635 118.6064506431246 pid2fa7
38.76056408995551  1.6080833819902502 118.76056408995551 pid2ef2
38.8128612999659  0.9909319566156446 118.8128612999659 pid2fcc
39.33535704914974  0.5725496426769663 119.33535704914974 pid302f
40.5851476477871  0.814027010025413 120.5851476477871 pid2fe8
40.638112433766274  1.428605275560156 120.63811243376628 pid3030
40.74614332999376  1.4322153730817466 120.74614332999376 pid2f3d
41.06471670721246  0.9006005737275524 121.06471670721245 pid2f7a
41.14253539623856  1.0671941065915136 121.14253539623856 pid2fd2
41.56393119170565  1.2144485421492772 121.56393119170565 pid304b
41.789210453273945  0.6295350453207316 121.78921045327394 pid2f49
42.32333300135576  1.7544306685846036 122.32333300135576 pid2f25
42.7230922293701  1.029374528308205 122.72309222937011 pid3066
43.05788846263002  1.4101574848426925 123.05788846263002 pid2fad
43.59572429163471  1.3042549125573835 123.59572429163471 pid2f06
43.720099566553515  0.5199080572744501 123.72009956655351 pid302a
44.76412316917144  1.4812521588653769 124.76412316917144 pid2f7f
45.73083670579338  1.2063997719272224 125.73083670579338 pid2f50
45.89012690897854  1.702699051867433 125.89012690897854 pid3046
46.474693882477666  1.9948909913401691 126.47469388247767 pid305c
47.078595317590235  1.6587419595142263 127.07859531759024 pid2fae
47.50275493320098  1.5480731370568759 127.50275493320098 pid2ed3
48.04409827347371  1.588323726380755 128.0440982734737 pid2f3f
48.26808964666969  0.7716118445481184 128.2680896466697 pid2f9d
48.78928538459032  1.5763743453809527 128.78928538459033 pid2ebf
49.299766256028335  0.9039446152552884 129.29976625602833 pid2fed
49.96495516688672  1.2579577872286578 129.9649551668867 pid302b
50.2358407889464  0.5158047710395014 130.2358407889464 pid300a
50.831065629159376  1.3568886711731944 130.83106562915938 pid2f56
51.7733218379758  1.8747123556930128 131.7733218379758 pid3041
52.08388101399807  0.6163733402979705 132.08388101399805 pid3009
52.384116605881474  0.8088258911911277 132.38411660588147 pid2f4e
53.169991566996345  1.1325738850349607 133.16999156699634 pid2ef8
53.43668458089722  1.4984024953249988 133.43668458089724 pid2ed2
53.533420766837324  0.6350386078634157 133.5334207668373 pid2f01
54.00767215879219  1.0943065107797045 134.0076721587922 pid300b
54.302473453492105  0.6963863793618159 134.3024734534921 pid3013
54.498101757987236  1.9198589792509 134.49810175798723 pid2f78
54.77361426252308  0.606635852448677 134.7736142625231 pid2f2e
54.97808103699268  1.0176998544001536 134.97808103699268 pid2f46
55.04019719281133  1.4348346126827183 135.04019719281132 pid2f6f
55.229873045461865  1.750924338886318 135.22987304546186 pid2f98
55.68080913828879  0.8797323601046623 135.6808091382888 pid2f9c
56.619045401114754  1.2125909536757786 136.61904540111476 pid2f32
56.85401899208215  0.6248230438330831 136.85401899208216 pid2ef3
57.061038279018504  1.9268337972635938 137.0610382790185 pid2f88
57.52838059919292  1.1604765200621037 137.52838059919293 pid2f6b
57.66452725895015  1.5992039091924246 137.66452725895016 pid3007
57.691744040201414  1.9255613905189781 137.6917440402014 pid3043
58.24392835469159  0.5182562592856165 138.2439283546916 pid2f6d
58.677603081749105  1.2995578095314004 138.6776030817491 pid2fa1
60.03342580786059  1.4294977610056456 140.0334258078606 pid2f15
60.44058135468192  0.5829435482338423 140.4405813546819 pid3037
60.54926456287315  1.469846242058825 140.54926456287313 pid2ec2
61.21210487141973  1.7538262788489702 141.21210487141974 pid2fc4
61.47379690587182  0.905583081962414 141.47379690587184 pid2ecf
62.425750096490724  0.8930640186277286 142.42575009649073 pid2ecc
64.13430792924618  1.6094049139097244 144.13430792924618 pid2fd0
64.63795002381565  1.5686518282535613 144.63795002381565 pid3051
64.83804371336844  1.1622712833269546 144.83804371336845 pid3052
65.03115355098313  0.9790465441998999 145.03115355098313 pid2f12
65.2249597022939  0.53098547389584 145.22495970229392 pid2fbd
65.30826069774385  1.236291954038844 145.30826069774383 pid2f17
65.3887015179766  1.9642172095993584 145.38870151797659 pid2f5f
66.58515359293212  0.9106291710153942 146.5851535929321 pid3063
66.72550415500288  1.0300410207929795 146.72550415500288 pid3024
66.83517354516553  1.4748891523511063 146.83517354516553 pid2ff8
67.04653495161027  0.5705879523214817 147.04653495161028 pid3002
67.6581900199728  1.2003429511017338 147.6581900199728 pid2f1b
67.82734014833929  0.9310176517101074 147.8273401483393 pid2f30
68.36956993048159  0.7090915884443634 148.3695699304816 pid2ed8
68.67391634097056  1.9728763740979365 148.67391634097055 pid2f7c
68.72198546060262  1.2430665787941892 148.72198546060264 pid306a
69.26259016596752  1.557931332687257 149.26259016596754 pid2fce
69.45800904408537  0.5995908048997869 149.45800904408537 pid2ee3
69.52312912451349  1.0391624436010314 149.5231291245135 pid304f
70.26218604006918  1.1712791066078203 150.2621860400692 pid303e
70.34873312839  0.8001150689933969 150.34873312839 pid2f89
70.6346433590282  1.5735107102090917 150.6346433590282 pid2eb8
71.70517551879307  1.1403576983273753 151.70517551879306 pid3053
72.4964553824688  0.6735836740415011 152.4964553824688 pid2f55
73.41824111055871  1.3463728806641315 153.4182411105587 pid3057
73.4227104490387  1.0255709012881087 153.4227104490387 pid302c
73.62791265133004  1.7435910217805701 153.62791265133004 pid2ecb
73.92215880713552  0.7198188019636661 153.92215880713553 pid2f1a
73.99802116979495  1.9065893285627287 153.99802116979495 pid2fa6
74.1469081609189  0.5547491582803183 154.14690816091888 pid2efb
74.28278314817979  1.8684827949585263 154.2827831481798 pid2fef
74.31701452355396  0.7449952007894864 154.31701452355395 pid305d
74.37673647840712  0.6500806663579739 154.3767364784071 pid2f75
74.53802912645328  1.0585705386034228 154.5380291264533 pid2f68
74.72940428566795  0.5848499823320663 154.72940428566795 pid3017
74.90196663401727  1.9025325556464718 154.90196663401727 pid2fd3
75.2441605169356  1.881115395724211 155.2441605169356 pid3060
75.79111875665464  0.7313989537737278 155.79111875665464 pid3042
76.11446218471052  1.2688742279246992 156.11446218471053 pid301b
76.85646186576477  0.5665494588070374 156.85646186576477 pid2f1c
77.62505566324378  0.5909266231283888 157.62505566324378 pid2ff0
77.76700774894587  1.7164325926409003 157.76700774894587 pid2fe3
78.04967516649047  0.9161966949995992 158.0496751664905 pid302e
78.27901782530147  1.178233188662034 158.27901782530148 pid2ec7
78.38410426144503  1.6959363974159385 158.38410426144503 pid3050
78.43631900712951  1.8889339247327575 158.4363190071295 pid3054
78.6679749869636  1.8818352763446742 158.6679749869636 pid2fe9
78.72379728569146  1.778385002346019 158.72379728569146 pid2ff1
79.21312567562565  1.1813013523465092 159.21312567562563 pid3056
79.22230398384266  1.9364772050910233 159.22230398384266 pid2ed4
79.57117370642766  1.7573408462666034 159.57117370642766 pid305e
80.90143097717242  1.3472482105446786 160.90143097717242 pid2f9f
81.11890630093316  1.7654772360840527 161.11890630093316 pid2fb8
81.20030615449798  1.5776745974743929 161.20030615449798 pid2ede
81.62120264980712  1.7134334011590056 161.62120264980712 pid2faf
81.86738792750188  0.7232307008551985 161.86738792750188 pid2f8f
82.14347687873597  1.9913115644414345 162.14347687873595 pid2f5e
82.18461313514001  1.3193969280433304 162.18461313514 pid2f29
82.27953589974622  1.179543524514991 162.27953589974624 pid2ffa
82.31369924996974  1.1258389047363586 162.31369924996974 pid2fd4
82.92638793697694  0.6555502536542228 162.92638793697694 pid2f61
83.37421511942584  1.5206332481040326 163.37421511942586 pid303c
83.52312334913239  0.6695994400289931 163.5231233491324 pid2ebe
84.27213393457748  1.298402757186003 164.27213393457748 pid306b
84.6601181100896  0.9074983281814437 164.6601181100896 pid2ffb
85.33247584137895  1.0167960989198512 165.33247584137894 pid2f73
85.97957708872094  0.6462048598944687 165.97957708872093 pid3000
86.13085867402206  0.9816452172307977 166.13085867402208 pid2f7b
87.83297567207319  1.4098016128616309 167.8329756720732 pid3069
87.91054684394479  1.3155491291718537 167.9105468439448 pid2f54
88.30556881752045  1.593332734292085 168.30556881752045 pid3027
88.34107414174905  1.2405760116429587 168.34107414174906 pid2efc
89.3293077078123  1.1822955675119302 169.3293077078123 pid3036
90.69067005226287  1.0794468966948259 170.69067005226287 pid2f82
91.2116705938931  0.5378133308087745 171.2116705938931 pid2f81
91.76086913196396  1.5030709189942968 171.76086913196394 pid2f0f
91.94945531057745  1.1874733037223064 171.94945531057743 pid2f8c
92.20430210122473  0.737688577425323 172.20430210122473 pid2f3e
92.32789180221889  0.9361448598922817 172.3278918022189 pid2f77
93.48479897145913  1.516423459662231 173.48479897145913 pid2fbb
93.56086423517957  0.7346882061399671 173.56086423517957 pid2ed7
93.85150710161831  1.6875251696559914 173.85150710161832 pid2fa0
93.97549000642921  0.8426296274240799 173.9754900064292 pid2f27
94.00740784269405  0.6605648086200904 174.00740784269405 pid2fff
94.06295698842122  1.5536261332189947 174.0629569884212 pid2fe1
94.17856549735845  1.074261300632943 174.17856549735845 pid303d
94.44415786245246  1.3374993549920595 174.44415786245247 pid2fbf
95.32606554392275  1.377646538694246 175.32606554392277 pid2f71
95.5376689252427  1.1999827075305687 175.5376689252427 pid2ec1
96.1746268661457  1.1562098165123302 176.1746268661457 pid2fba
96.43881221551757  1.5005783166952138 176.43881221551757 pid2ef4
96.95314915120933  1.3289031975779755 176.95314915120935 pid3059
97.05856282339414  0.8076396137443782 177.05856282339414 pid3034
97.46460003930952  0.5107288465662743 177.46460003930952 pid305a
98.19980033069464  1.3161002287611612 178.19980033069464 pid2f19
98.2921562725855  0.9585094044276772 178.2921562725855 pid2f0b
98.3916434053615  0.7403805120259597 178.3916434053615 pid2fc0
98.82270362785506  1.8800461893473088 178.82270362785505 pid3033
99.0407968523481  1.6365334664528168 179.04079685234808 pid2f04
99.05980577575583  1.0543851273942282 179.05980577575582 pid3012
99.6246909782297  1.0969129838091891 179.6246909782297 pid2ff2
99.92394571924838  1.5162950799498884 179.92394571924837 pid2ec6
100.41744921722959  0.7715662624673643 180.4174492172296 pid2fb6
101.45900270590109  1.894352556688728 181.45900270590107 pid2f5b
101.48822202880154  0.9829047703094136 181.48822202880154 pid2f1e
101.95881470311622  1.5359552297966113 181.95881470311622 pid2f58
102.10484406646864  0.9245568106470852 182.10484406646864 pid2f24
102.3644679111122  0.8313260987993601 182.3644679111122 pid2ebc
102.51167556946713  0.6058741058458317 182.51167556946712 pid3020
103.25071249921882  1.3075445621253312 183.25071249921882 pid2fc1
103.50061965135777  0.8038952930580647 183.50061965135777 pid2f40
103.68307311531842  1.85829163966574 183.68307311531842 pid2f83
103.7313543209899  0.7446684119454032 183.7313543209899 pid300c
103.92440417811967  1.2405336597413834 183.9244041781197 pid300f
103.9544239377253  0.8818399564880803 183.9544239377253 pid2fa2
104.39655843387547  0.7032700890615917 184.39655843387547 pid2fd1
104.44187263482901  1.4929014599378898 184.441872634829 pid2f72
104.51428996299465  0.8784761535560976 184.51428996299467 pid3040
104.51431464529833  0.9584476047821089 184.51431464529833 pid2f4b
104.64500795134241  1.9496716573215749 184.6450079513424 pid2ff5
104.7019518224258  1.072565553260406 184.7019518224258 pid2f2d
104.70792886721082  0.9734518547657756 184.70792886721082 pid2ff6
106.1392467595274  1.5766214862134462 186.1392467595274 pid3001
106.43419597207715  1.73837898862718 186.43419597207713 pid2f22
106.60350303327719  1.3008433216105384 186.6035030332772 pid2ee7
106.67959146341921  0.5750699638885044 186.67959146341923 pid304d
106.81884956143485  1.222977398312324 186.81884956143483 pid2ebd
108.84139737941815  1.6833472057120873 188.84139737941814 pid2fa8
108.97354288829474  0.8848476784261086 188.97354288829473 pid2f33
109.09334524470124  1.146544466944003 189.09334524470125 pid301d
109.37189384079231  0.9847863766087881 189.37189384079232 pid2edb
109.78812770205266  0.9356458526552378 189.78812770205266 pid2eb3
109.97114903526368  0.6865929456345463 189.9711490352637 pid2eb9
110.25627179373929  1.1848791630754387 190.2562717937393 pid2fe7
110.27116185320234  1.9957538502434695 190.27116185320233 pid2f5a
111.34712836779892  1.6381465534451858 191.34712836779892 pid2ec5
111.85809457595585  0.6098346669713745 191.85809457595585 pid2fb7
112.41318273464825  0.9892242069591888 192.41318273464825 pid2f41
112.4675383347007  1.2842175087474383 192.4675383347007 pid2ff4
112.54388515837294  1.8226251362226042 192.54388515837294 pid304a
113.31394007924922  1.7023765708698213 193.31394007924922 pid2fd8
113.39479947377853  1.7303874025978174 193.39479947377853 pid2fb4
114.39264166608888  0.9980605798647914 194.39264166608888 pid2fca
114.79632707827147  0.8093800638630493 194.79632707827147 pid3026
114.86251191521012  1.6669048972336806 194.86251191521012 pid2f6c
114.87266482743098  0.5665288387136861 194.87266482743098 pid2f84
114.94428671565055  1.1741600792022253 194.94428671565055 pid2f43
115.01818627047423  0.6490140515591118 195.01818627047425 pid2fc6
115.1706258254566  1.200920568989433 195.1706258254566 pid2eaf
115.27141807202635  0.8841735701004798 195.27141807202634 pid2f74
115.50223241493843  1.330521610777398 195.50223241493842 pid3011
115.94434185045527  0.8396013552321235 195.94434185045526 pid2eee
115.99712108980243  0.9504743097859616 195.99712108980242 pid2f14
116.03651608732416  1.631247482020005 196.03651608732417 pid2eca
116.0583450322825  0.6426747455220092 196.0583450322825 pid2f39
116.09682719776033  0.9303775619911883 196.09682719776032 pid2f34
117.13968814144869  1.7525157479589935 197.1396881414487 pid2f99
118.26808523031093  1.1158474343843567 198.26808523031093 pid2f10
118.31653953364672  1.9396952177823337 198.31653953364673 pid2ffc
118.51329808272608  1.6640207751123963 198.51329808272607 pid2ec9
118.69936560514135  0.6760385175814759 198.69936560514134 pid2f70
118.76020153251983  1.5409749355338476 198.76020153251983 pid2ee5
118.85336515094033  0.62009807469745 198.85336515094033 pid2f31
119.14205646191586  0.8500164033097044 199.14205646191584 pid2f11
119.36527758589466  1.4705287531898457 199.36527758589466 pid301e
119.4807441725758  1.4013144426750497 199.48074417257578 pid2ff7
119.69326335198683  0.578172524566023 199.69326335198684 pid2f92
120.55844829750586  1.8828901263995919 200.55844829750586 pid301a
120.64699835531162  1.6997923736060163 200.6469983553116 pid2fea
121.32269576254086  0.5520940774232743 201.32269576254086 pid2eba
121.50889819943903  1.9908607207247595 201.50889819943905 pid3032
121.96048134426208  1.7348044286674267 201.96048134426206 pid2eff
121.9918749397001  1.9536032888261912 201.9918749397001 pid2eda
122.07714161533649  0.707552545669436 202.07714161533647 pid2ffd
122.59312962857872  1.0366320756858665 202.5931296285787 pid2ec4
123.44593643787061  1.2006008591296693 203.4459364378706 pid2fdb
123.6388020662906  1.3793595174443174 203.6388020662906 pid3044
123.75157035183368  1.4834525455927334 203.75157035183366 pid306d
124.34105651404528  1.8616417559889296 204.34105651404528 pid3010
124.64515250999438  1.834403623226784 204.64515250999438 pid2f69
124.82678872745133  1.2404976623116646 204.82678872745134 pid2fdc
124.86766277885697  1.7223393087464407 204.86766277885698 pid2f45
125.08493605810345  1.3841911744128907 205.08493605810344 pid3021
125.23974757144146  0.8226689744220088 205.23974757144146 pid2f42
125.28826828274035  0.7844227112906451 205.28826828274035 pid2f4f
125.76344861919195  1.1136161182289812 205.76344861919193 pid2f7d
125.80119810734958  0.5123675924769219 205.8011981073496 pid3062
125.82378983082812  1.0527328977350765 205.8237898308281 pid3067
126.39338770417342  0.645743716526312 206.39338770417342 pid2f18
127.38731336535253  1.7133599208434704 207.38731336535253 pid2f2b
127.45687135848294  1.6688598651683462 207.45687135848294 pid2fe4
127.60343024655121  1.7215210331052913 207.60343024655123 pid3025
127.90103334729285  0.663995969560197 207.90103334729287 pid2f63
129.91270051533922  0.517676386791897 209.91270051533922 pid2f4a
129.97946585786374  1.925820770007971 209.97946585786374 pid2f4d
130.10677092882963  1.3694135133133043 210.10677092882963 pid300e
130.14280756332474  1.249602229773889 210.14280756332474 pid2f62
130.31763104972205  1.2005895827088733 210.31763104972205 pid2f2c
130.40674156802967  1.7260304445474766 210.40674156802967 pid2f93
131.18757117347135  0.7460775588952897 211.18757117347135 pid3045
131.29764317393045  1.9203367863810752 211.29764317393045 pid2edd
131.96878931023696  1.4222391200498972 211.96878931023696 pid2fe6
132.10751573159672  1.7016367647201875 212.10751573159672 pid2faa
132.13869384236105  1.8712689496595998 212.13869384236105 pid2efd
132.30262082354832  1.2876045489430006 212.30262082354832 pid2fcd
132.40465682103806  1.9544116465377066 212.40465682103806 pid2fd5
132.4155936271537  1.3599876809088043 212.4155936271537 pid2f91
132.68567021843754  0.601278583042946 212.68567021843754 pid2ef1
133.33759939710365  0.6352108472215018 213.33759939710365 pid2fb0
133.40922808779726  1.7476770226198943 213.40922808779726 pid2fcf
133.7339853949813  0.8153373841980236 213.7339853949813 pid3064
133.9409904953926  0.7359140002468114 213.9409904953926 pid2fac
134.60853769987824  0.9942382665578688 214.60853769987824 pid306e
134.65887407129503  1.4211686605753635 214.65887407129503 pid304c
134.70306111201378  1.533886022539921 214.70306111201378 pid2f2a
135.01102449376984  0.7383648576674722 215.01102449376984 pid2f16
135.9345525574511  1.794510892542444 215.9345525574511 pid2f8a
135.96834754559097  1.7833125142088513 215.96834754559097 pid2f9e
136.63582070527613  1.7166489735713157 216.63582070527613 pid2fdf
136.70529611312273  1.1948404788800167 216.70529611312273 pid2fb5
137.76675374851152  1.5290448483931418 217.76675374851152 pid2f48
138.0318660733442  1.2207835807585554 218.0318660733442 pid2ef0
138.97437546721906  1.1618326280545834 218.97437546721906 pid2ed1
139.44798098440364  0.876899797404493 219.44798098440364 pid2ece
139.6881325354279  0.9501247926480479 219.6881325354279 pid2eed
139.84317815872623  1.6342025979591663 219.84317815872623 pid3005
140.06012943860267  0.5040798502090195 220.06012943860267 pid304e
140.31949417902206  1.6405947099014362 220.31949417902206 pid2f44
140.48140347552092  1.7497444573464889 220.48140347552092 pid2eeb
140.68001707757776  1.718727178248447 220.68001707757776 pid3049
140.84079992823362  1.9397928204172032 220.84079992823362 pid2f90
140.86309950771164  1.0033100785715041 220.86309950771164 pid2f23
141.1175263039691  1.085716991621171 221.1175263039691 pid2f13
141.59121262863397  1.8700846482958027 221.59121262863397 pid2fb3
141.65317472667013  1.6662140173950655 221.65317472667013 pid2f00
142.15462275536967  1.8409058492183452 222.15462275536967 pid2f6e
142.1801288360759  0.7959387122901069 222.1801288360759 pid2ef6
142.4941824184255  1.7639077328935688 222.4941824184255 pid2ec8
142.63739777815795  0.8899986408095963 222.63739777815795 pid3006
142.65800350388253  1.2609137325917479 222.65800350388253 pid2fe2
142.7249234668082  0.7942187826580235 222.7249234668082 pid2fc8
142.92253630318228  1.874405476513342 222.92253630318228 pid2eb1
143.02867436706975  1.9225959582206118 223.02867436706975 pid2f87
143.06488668210503  0.6782139557664622 223.06488668210503 pid301f
143.1397321607672  1.8797485106967047 223.1397321607672 pid2ee6
144.63281873751177  0.9553292652906298 224.63281873751177 pid2f36
144.73730495654112  1.2437726248162033 224.73730495654112 pid3035
145.09481159251888  1.2511406353705803 225.09481159251888 pid2f76
145.14369740963255  0.6935451546460779 225.14369740963255 pid2f38
145.41932234485358  0.5831112381733479 225.41932234485358 pid3038
145.50907487671486  1.3674801329115398 225.50907487671486 pid2f0a
145.511795878705  0.555435008206145 225.511795878705 pid2ffe
145.61445937415482  1.309288346054434 225.61445937415482 pid3048
146.10956406790075  0.7277847762066726 226.10956406790075 pid2ed0
146.30456479436177  1.076450697976155 226.30456479436177 pid3014
147.00328893164277  1.2964303279741336 227.00328893164277 pid2f57
147.47669722799432  1.464885537422731 227.47669722799432 pid2f64
147.49182552997542  0.5811082186015507 227.49182552997542 pid2f8d
147.58868235385913  1.2795692692669212 227.58868235385913 pid2eb7
147.6786208685975  1.5660727255711047 227.6786208685975 pid2f9b
148.07528327637843  0.7874686658259413 228.07528327637843 pid2eb5
148.14831534482988  1.825175363203363 228.14831534482988 pid2eec
148.43827822196914  0.8904519623404286 228.43827822196914 pid2f80
149.17713826391406  1.4686248540503604 229.17713826391406 pid2f5c
149.2652456678455  1.137850479875959 229.2652456678455 pid2fdd
149.38206889987106  0.9153067056672939 229.38206889987106 pid3016
