0.49815402660440267  1.8998223844477895 80.4981540266044 pid1ad5
1.5886095338626782  1.4057852260742698 81.58860953386268 pid1b25
2.1624796570678892  1.7273771162309561 82.16247965706789 pid1adf
3.501742739170605  0.5875399902430709 83.50174273917061 pid1aff
4.398978015278432  0.5190554887961155 84.39897801527843 pid1af9
5.122616556679543  1.5662167402670937 85.12261655667955 pid1b48
6.528011831100566  1.4521412671507332 86.52801183110057 pid1b52
7.359750029474011  0.8949337112969887 87.35975002947401 pid1b06
9.336415099110745  1.4791424333663001 89.33641509911075 pid1b20
12.092163497756397  1.3269938317404133 92.0921634977564 pid1ae2
12.289394704964367  1.374661280232428 92.28939470496437 pid1b0d
12.57670930523237  1.5044413961188174 92.57670930523237 pid1acd
14.278211322837443  0.6359870551788467 94.27821132283745 pid1b4c
14.297085204373028  0.5293001485386553 94.29708520437303 pid1b38
14.514467215117055  1.398619503807336 94.51446721511705 pid1b40
17.01989861500649  1.5480019061201504 97.0198986150065 pid1aed
20.04667461714198  1.7682062135961534 100.04667461714197 pid1ae6
21.18680077430797  1.8724798119211443 101.18680077430797 pid1b49
21.69495190805958  1.250369186096952 101.69495190805958 pid1b2f
23.370822099271116  1.9761231814701405 103.37082209927112 pid1b2d
24.297174692142605  0.8824822590667516 104.2971746921426 pid1b51
26.123101079126926  0.6371950035003711 106.12310107912693 pid1ad6
26.69994087378265  1.3353203699273706 106.69994087378265 pid1ac4
31.032677016098326  1.7588393840661056 111.03267701609832 pid1ac9
31.263239927705428  1.6959971539251824 111.26323992770543 pid1b10
31.453284541025845  1.6935742434319925 111.45328454102585 pid1b4e
31.81842961327858  1.7872402249825667 111.81842961327858 pid1afa
32.68409340835561  1.251110094919267 112.68409340835561 pid1b4f
35.17389751213216  0.645323968969328 115.17389751213216 pid1ae0
36.20836806026843  0.7919522989278193 116.20836806026843 pid1b2a
36.2416480560111  1.9750216305938708 116.2416480560111 pid1b02
36.63023178385857  1.952299445426457 116.63023178385856 pid1b14
37.59682911492561  1.625879169148097 117.59682911492561 pid1ae4
37.710356828446784  0.7978873569357154 117.71035682844678 pid1b45
38.29359900363546  1.2279956556585803 118.29359900363545 pid1b41
38.65165680760727  1.4276697485771794 118.65165680760727 pid1b11
38.8824064852501  0.6267636304612325 118.8824064852501 pid1b31
41.032576293582494  1.749679192163319 121.0325762935825 pid1aee
41.35559729935177  1.3966592046293853 121.35559729935177 pid1ae8
41.498349050294294  1.856264260163915 121.4983490502943 pid1ad8
41.989761447192066  0.9807888014408204 121.98976144719207 pid1ac8
42.85216282490057  0.9797797072366623 122.85216282490057 pid1ad1
43.05668604823731  0.7327325365196699 123.05668604823731 pid1b0f
44.51145170312679  1.4982731103131492 124.5114517031268 pid1ae1
44.687738369206784  1.0000621143388453 124.68773836920678 pid1b1d
45.03303933571701  1.0784221510305991 125.033039335717 pid1b13
46.10229113399591  0.8714018648726051 126.10229113399592 pid1ad0
48.52554522464775  1.6430110023319462 128.52554522464774 pid1b4d
49.00092079712103  1.4466697113948817 129.00092079712104 pid1ad3
49.11738650660242  1.4538287857153633 129.11738650660243 pid1ac2
50.090516485207  1.9106731863885689 130.090516485207 pid1b09
50.44532066053886  0.642008538508501 130.44532066053887 pid1b37
50.67687086499256  0.860541142320854 130.67687086499257 pid1b32
51.54173237471367  1.0230552471004994 131.54173237471366 pid1ace
53.58151665777886  1.7066097252327992 133.58151665777888 pid1b4b
54.59910983586165  1.3817087830517725 134.59910983586164 pid1b24
56.46658800477197  0.5658855051254066 136.46658800477198 pid1b03
57.47088738295398  0.7816743844589453 137.47088738295398 pid1ae9
57.529486920800466  0.8330252531229091 137.52948692080048 pid1afc
59.46165790210248  0.9779092402910907 139.46165790210247 pid1af4
60.43507175504212  1.286659666252986 140.43507175504212 pid1b39
60.45187613402756  0.8161012925812848 140.45187613402754 pid1af3
62.10266873558709  1.7490116809935867 142.1026687355871 pid1b1b
65.17976974315705  0.8038157751351744 145.17976974315707 pid1b00
65.72667668340837  1.2790810663609995 145.72667668340836 pid1b3f
65.85448911635964  1.611142971370801 145.85448911635964 pid1af1
66.49292265667631  1.6917487929027042 146.4929226566763 pid1adb
67.72225941520827  1.8553124406209092 147.72225941520827 pid1b43
67.79152023939915  0.8280663969921785 147.79152023939915 pid1ae3
68.15198341786429  1.3016102242817786 148.1519834178643 pid1b17
69.41482953612152  1.6206547338506903 149.41482953612152 pid1b53
69.50911786489262  0.8912193775074915 149.50911786489263 pid1b04
69.8485879967038  0.7873548720073398 149.8485879967038 pid1b3a
70.84424206790233  1.639760748518811 150.84424206790231 pid1b56
70.88459485003477  1.7285558273605153 150.88459485003477 pid1af5
71.3040077397223  1.2058523018577416 151.3040077397223 pid1b3e
71.41308131697376  0.6600967499095818 151.41308131697377 pid1add
72.49519170035141  1.44270999760544 152.49519170035143 pid1ad7
73.16658056098595  1.858310060518153 153.16658056098595 pid1b35
74.49264107101028  1.3819301856342288 154.49264107101027 pid1acf
75.0545672651777  0.723882093431784 155.0545672651777 pid1aeb
76.59273323819323  0.5194478123605776 156.59273323819323 pid1b01
77.06627576637  1.4577635217477696 157.06627576636998 pid1ae5
77.09983136158365  0.5071731256251277 157.09983136158365 pid1ad9
79.13218688513534  1.896130648088901 159.13218688513535 pid1b2c
79.7654744459292  1.0056732869954292 159.76547444592921 pid1b07
80.62564771437906  1.3975742293965236 160.62564771437906 pid1af2
80.77459100820353  1.3035951061625717 160.77459100820352 pid1b50
81.68281857933908  1.6497627775357828 161.68281857933908 pid1b30
83.05780290279422  0.8982999862888295 163.0578029027942 pid1b0b
85.2292393581814  0.9530704127653291 165.22923935818142 pid1b27
90.29155101614828  0.7385283459039188 170.29155101614828 pid1b3d
92.73574229590533  1.6388707162400118 172.7357422959053 pid1b0a
93.81723118309728  0.8225232484100199 173.81723118309728 pid1b21
93.86460712933597  1.217290700789369 173.86460712933598 pid1b26
94.04074391803844  1.3782181511506129 174.04074391803846 pid1b28
95.5136125232733  1.6488595202004457 175.5136125232733 pid1ac5
97.85811098089506  1.4165505712409037 177.85811098089505 pid1b3b
98.55770555090858  1.2342617325705485 178.55770555090857 pid1aef
98.86108038816532  1.686151159666963 178.8610803881653 pid1aec
99.98229378981831  1.1078585727818617 179.9822937898183 pid1b1f
100.58324472933144  1.5959831993566425 180.58324472933145 pid1b05
101.06633754248011  1.5306248202521877 181.0663375424801 pid1b2b
101.69516658510881  1.3469612209939332 181.6951665851088 pid1b42
102.86201455079821  0.6743836042764149 182.86201455079822 pid1acc
103.8016750818697  0.5590910982336131 183.8016750818697 pid1af6
105.33959565861302  0.7008704012740412 185.339595658613 pid1ac6
106.76018573897834  1.5143416879995164 186.76018573897835 pid1b1a
107.85811853294562  0.7123001195086998 187.85811853294564 pid1b22
108.23169823009205  0.6966704541206867 188.23169823009204 pid1b1e
110.8438669968116  1.6302665470768642 190.84386699681158 pid1b08
112.81200084129777  1.9905902657147134 192.8120008412978 pid1b54
115.22894617427644  0.7210876373568325 195.22894617427644 pid1ad4
116.89218041245901  1.344310690844036 196.89218041245903 pid1ade
116.97428957503462  1.4120083303221214 196.97428957503462 pid1ac3
117.23480286743408  1.6181188797067891 197.2348028674341 pid1b29
117.65592392593427  0.5133366756322983 197.65592392593427 pid1b47
119.14105236931695  1.5558010135410272 199.14105236931695 pid1b4a
120.27349350034945  1.3055284096915654 200.27349350034945 pid1aca
120.63269306447714  0.6683044214331042 200.63269306447714 pid1afb
120.82026380142787  1.176828638844866 200.82026380142787 pid1af7
121.42805957999092  0.8861831962008526 201.42805957999093 pid1adc
121.6785792097216  1.9543264438273322 201.6785792097216 pid1b33
123.15838538138458  0.9928263391380943 203.15838538138456 pid1b44
123.3380799104098  0.6642114238319436 203.33807991040982 pid1b16
123.72006387218833  0.58869523326134 203.72006387218835 pid1b18
124.25067104041277  0.5706972787617058 204.25067104041278 pid1b34
124.99843249134835  1.1530044433607514 204.99843249134835 pid1b12
126.83334627060518  1.2193578665548555 206.83334627060518 pid1b57
127.42823779538827  0.6824661343815037 207.42823779538827 pid1af0
129.23066717881167  0.8678060654595574 209.23066717881167 pid1b0c
129.40308646424108  0.5912579947005017 209.40308646424108 pid1aea
129.57410029113336  1.7742279669130665 209.57410029113336 pid1afd
129.8953931505133  0.5262898344044914 209.8953931505133 pid1b23
131.11871788499482  1.0878780491008206 211.11871788499482 pid1b1c
132.7287292196611  1.4532907855883033 212.7287292196611 pid1ac7
134.943279074867  0.6999235092058917 214.943279074867 pid1b36
135.5565491706344  1.4257355844657127 215.5565491706344 pid1ae7
137.0106010385628  0.9609068131022858 217.0106010385628 pid1af8
137.35576428409655  1.6405928383438932 217.35576428409655 pid1ada
138.9218049320396  0.525079409405728 218.9218049320396 pid1b3c
139.47700000186788  1.9800697837483923 219.47700000186788 pid1b0e
142.27736833478602  1.4192991097754062 222.27736833478602 pid1b15
143.46751338662907  1.677296838894358 223.46751338662907 pid1afe
145.6016566163752  1.9938372114788088 225.6016566163752 pid1b19
146.48996335540545  0.9612349300984075 226.48996335540545 pid1b55
146.9965150922724  0.9919749348178586 226.9965150922724 pid1ad2
148.31927829707297  1.2617432178822585 228.31927829707297 pid1b46
148.40814992916734  1.197533588673336 228.40814992916734 pid1b2e
148.9755760192122  1.0222955074355338 228.9755760192122 pid1acb
