1.1225710769535824  2.2264786196617963 5.575528316277175 pid6da
4.295083654874398  2.157182027260853 8.609447709396104 pid6d9
10.375348687087305  2.7381367718047276 15.85162223069676 pid702
11.077867712232937  1.9266586596930986 14.931185031619133 pid706
11.38935463768409  1.7952405540861682 14.979835745856427 pid6ef
15.103768743492008  2.8250764076346457 20.7539215587613 pid6fe
15.945452518416502  0.9808782639731314 17.907209046362766 pid6fa
15.998211199880252  1.6172904622507724 19.232792124381795 pid6e3
20.295482525948614  0.8594903429205492 22.014463211789714 pid6e0
23.690054599251443  2.7113749404690424 29.112804480189528 pid6f5
26.18247609472213  2.423008740531473 31.028493575785077 pid6f2
26.317402079807607  1.2210469764995087 28.759496032806624 pid6f8
27.369809745865524  1.6108155512608553 30.591440848387236 pid6f7
27.702908775843362  1.6713692066613275 31.04564718916602 pid701
28.45073685195405  1.6891344131134791 31.82900567818101 pid6e9
29.613677957670404  2.909085946606837 35.43184985088408 pid6f4
30.792929176011917  2.1629554131170807 35.11884000224608 pid6f6
30.82484564440445  1.1789764312254556 33.18279850685536 pid6db
31.196855047032233  2.766353689875456 36.72956242678315 pid705
32.407089147926904  2.348814934407078 37.10471901674106 pid6e5
33.662944020048435  0.7393429928747888 35.141630005798014 pid6ec
37.5637446955581  2.424476957961922 42.41269861148194 pid6dd
39.84466552552608  1.1204025627028114 42.085470650931704 pid6fb
46.66133496587545  1.940198227829645 50.541731421534735 pid6eb
53.122504013260254  1.4957968327426796 56.114097678745615 pid704
53.762224046033054  1.5822964571818465 56.92681696039675 pid6ff
55.685306739276044  0.9916257657265773 57.6685582707292 pid6d8
55.88013877749911  2.78475174935939 61.449642276217894 pid6f1
57.60018312908159  2.442826145523471 62.48583542012854 pid6e1
60.877884300076786  0.9127989712831026 62.70348224264299 pid6ea
62.33555170444933  0.737126981258621 63.80980566696657 pid6d7
63.569234142288245  1.7943196437144726 67.15787342971718 pid6e8
65.2143615673907  1.0634559065755147 67.34127338054172 pid6e6
65.8560249714747  2.6591436955205103 71.17431236251572 pid703
67.54551393356022  2.5811237056425655 72.70776134484535 pid700
68.04691843306118  2.9893628396300014 74.02564411232119 pid6e7
73.44745622290341  2.6481751127497097 78.74380644840284 pid6f0
78.55311188472314  0.7420007682712857 80.0371134212657 pid6ee
79.19782903045903  0.7391806292431089 80.67619028894525 pid6ed
80.94234520426865  1.7855594345301 84.51346407332885 pid6f3
81.03364118931971  2.861119498135742 86.7558801855912 pid707
82.21927435599196  1.8930158132507384 86.00530598249344 pid6fc
82.4511482675802  2.8806590208059357 88.21246630919207 pid6d6
83.92638546524567  2.1931063333435254 88.31259813193273 pid6dc
89.07995415648173  1.2441460918762732 91.56824634023428 pid6fd
89.96796392100195  2.0921238258180956 94.15221157263815 pid6e4
91.61015690632587  2.4957934810997817 96.60174386852543 pid6f9
94.86359001405957  1.1398419510119735 97.14327391608352 pid6df
96.72118685147338  2.864095112139987 102.44937707575335 pid6e2
99.6875634015832  2.9103721296198075 105.50830766082282 pid6de
