0.2978346028472634  0.9339335519318681 80.29783460284726 pid30c1
0.31479120496973323  1.051150686045674 80.31479120496974 pid31bb
0.4976768935084197  1.507611664057203 80.49767689350843 pid31b1
0.637824851276525  1.8514060609847962 80.63782485127652 pid3121
0.8963743099062282  0.7290307405173224 80.89637430990622 pid31e0
1.1217954721670365  1.2550763239056741 81.12179547216704 pid3185
1.1306286788046904  0.500978113637825 81.1306286788047 pid3127
1.7230332826377592  1.8859025516616588 81.72303328263776 pid30a2
2.32198185815255  1.8830082242369164 82.32198185815255 pid317d
2.692196682947129  0.5196048758452065 82.69219668294713 pid309b
3.149405139963224  1.0399744237587036 83.14940513996322 pid3096
3.474438616452252  1.1190977440564636 83.47443861645225 pid307f
4.9784745315922585  0.7791874816218901 84.97847453159225 pid319d
5.443330530191553  1.1768592555555542 85.44333053019156 pid30b3
5.774891180678143  1.4725499037802101 85.77489118067814 pid30c8
6.2192023253638204  1.8089032554331892 86.21920232536382 pid30c7
6.770109580985972  1.7889466064522148 86.77010958098597 pid30dd
8.00135940428454  1.685772971616996 88.00135940428454 pid3080
8.147958833997349  1.198310675983726 88.14795883399735 pid3150
8.844615122883098  1.011462675120895 88.8446151228831 pid3083
9.225139042881741  0.5197659530500871 89.22513904288174 pid3165
9.279869076242676  1.825024393988532 89.27986907624268 pid30b2
9.533526998317104  1.3696537123663082 89.5335269983171 pid30c6
10.183062257336367  0.8757530491148635 90.18306225733636 pid31e6
10.722972866751391  1.7541917151012256 90.72297286675139 pid3118
10.84721851907975  1.4255726486730733 90.84721851907975 pid30ce
11.167986797877527  0.8661537901228364 91.16798679787753 pid3147
11.358353015815513  0.7562950783300312 91.35835301581551 pid3120
11.83786891949623  1.6300448168392125 91.83786891949623 pid3230
12.303706890182953  0.6031437132797883 92.30370689018295 pid31a4
12.816260528400147  0.9440005285947382 92.81626052840015 pid313e
12.8366509362844  1.8328025633910154 92.8366509362844 pid31c3
13.503907035390645  0.9442862178795661 93.50390703539064 pid320d
13.6234078706767  1.281635230298961 93.6234078706767 pid30e6
13.817506827124292  1.89566400373451 93.81750682712429 pid321a
14.161116005575657  0.6094933811329512 94.16111600557565 pid31ab
14.370752919867252  1.7444122300823746 94.37075291986726 pid318b
14.70896268887072  0.7133614110949649 94.70896268887071 pid31d6
14.832873135294012  1.0512530243833975 94.83287313529401 pid3227
14.985413280862481  1.3195151728766803 94.98541328086247 pid3220
15.025727718656345  1.4418855775539066 95.02572771865634 pid315c
15.24439365769124  1.6176861260380462 95.24439365769123 pid30df
15.581057408681747  1.6358723327748048 95.58105740868174 pid312c
15.886991681111184  1.8795866643299508 95.88699168111118 pid3171
16.050258892944612  0.7062099159348002 96.05025889294461 pid30ab
16.214851467324902  1.2026626116014174 96.2148514673249 pid312a
16.25073378663984  1.7080268932098808 96.25073378663984 pid3182
16.481087393086224  0.558892439022628 96.48108739308623 pid3112
17.79563946670393  0.7683841400006204 97.79563946670393 pid31af
17.82156571599093  0.7624988337855094 97.82156571599093 pid31a0
18.16253537890199  1.4423570383038162 98.16253537890199 pid30dc
18.211236401361685  1.6013174129669892 98.21123640136169 pid3224
18.367716735699315  0.5021961229683303 98.36771673569932 pid308c
18.384906638963006  0.8668116124993427 98.384906638963 pid309a
18.397814366399682  1.0296593746814287 98.39781436639969 pid31c7
18.604322038572384  1.8925239042260786 98.60432203857238 pid3116
19.73389044227544  0.9326918667316475 99.73389044227544 pid30ae
19.822153684151534  0.7960882383804394 99.82215368415153 pid3133
20.711983521435602  1.7615396234592366 100.7119835214356 pid3087
20.7481141921735  1.8376764654678588 100.7481141921735 pid3206
20.78541962648072  1.481690977857455 100.78541962648072 pid317c
21.126344612724086  1.2425075696784313 101.12634461272408 pid30de
21.292430663302653  1.247303571674232 101.29243066330265 pid3085
21.501723646161746  0.9256548397566182 101.50172364616175 pid315a
21.876710308976833  1.9739706258522558 101.87671030897684 pid3134
21.985908279366946  0.7903468691328386 101.98590827936695 pid3190
21.99184237428306  0.6697715746958548 101.99184237428307 pid31fe
22.178674359110843  0.7877531273404982 102.17867435911084 pid30aa
22.266931317687956  1.335860655970982 102.26693131768795 pid319f
22.401565601844116  1.5173417875749986 102.40156560184411 pid3104
22.405872390378267  0.7011047861261943 102.40587239037826 pid3072
22.59438178523788  0.5408270102763622 102.59438178523789 pid31b0
22.718269599550318  0.5699865706246847 102.71826959955033 pid30f3
23.01688871251623  0.5289832781339153 103.01688871251623 pid3176
23.134854146712986  0.6043607009231982 103.13485414671298 pid3135
23.241433484111933  0.9132927863892684 103.24143348411194 pid3130
23.667376533018086  1.9897552741665476 103.66737653301809 pid318d
23.785943144641013  0.6967146829540092 103.78594314464101 pid3188
23.91298977826221  1.045049704211384 103.91298977826222 pid30b4
24.211219561239076  1.0139790230038899 104.21121956123908 pid3167
24.21434125665649  1.6109407250568595 104.2143412566565 pid309e
25.04323974356551  0.5309214432660576 105.04323974356551 pid316b
25.10489162528963  1.8315519062299055 105.10489162528962 pid318c
25.490298349785434  1.7402566128559285 105.49029834978543 pid307c
25.997753057082175  1.588688708823268 105.99775305708218 pid30b8
26.41522402348848  0.7558252888846132 106.41522402348848 pid322a
26.853352101018185  1.449377484375261 106.85335210101819 pid31f4
26.9436161884682  1.800954821205591 106.9436161884682 pid30d6
27.39433725334466  1.8551480342199211 107.39433725334466 pid3213
27.51644158818496  0.9213604995582807 107.51644158818496 pid3125
27.530313895928447  1.7846001311134243 107.53031389592844 pid31fd
27.64796113566932  1.5734966151510594 107.64796113566932 pid3201
27.67499419762407  1.8065470097679386 107.67499419762407 pid3088
27.680325008055302  1.4340497632114735 107.6803250080553 pid30a5
27.79570719617529  1.0480332753951673 107.79570719617529 pid3170
28.039540953367137  1.610011691917456 108.03954095336714 pid31a9
28.41591104616296  1.5117247486875829 108.41591104616296 pid3101
28.444287922658408  0.9492794678438268 108.4442879226584 pid314f
28.687187894445955  1.8368847962689807 108.68718789444596 pid31da
28.71428927751482  0.8011919803518468 108.71428927751482 pid31f2
29.179169690365786  0.7998118395806701 109.17916969036578 pid31f5
29.39060750459081  1.6311250413728724 109.3906075045908 pid320c
30.22267997256249  0.6595135161742405 110.22267997256249 pid30bf
30.27072367227415  1.0670709279581476 110.27072367227416 pid319c
31.3798635831626  1.9647491914253628 111.3798635831626 pid3090
31.90074774602713  1.372888884885185 111.90074774602712 pid3138
32.49613854563554  0.8710351083493681 112.49613854563555 pid3091
32.94741844016505  0.9863726899770677 112.94741844016505 pid31cc
32.95161759420367  1.0570578143154616 112.95161759420367 pid30cd
33.06170239496436  1.3439688707673703 113.06170239496436 pid31ba
33.293445077786  0.5009037818111646 113.293445077786 pid31dc
34.30516458055195  0.5094068528249234 114.30516458055195 pid3074
34.60040262134032  1.2478405404827035 114.60040262134032 pid318f
34.96528373401203  1.2351354102288854 114.96528373401203 pid31ff
35.2500228433654  1.8728628441710986 115.2500228433654 pid3152
35.34820090620015  1.4990827877641428 115.34820090620015 pid31ed
35.41599966340204  1.7073536707551613 115.41599966340203 pid31a3
35.58206787997082  1.843319582729719 115.58206787997082 pid31d2
35.7473973996454  0.537237256109545 115.7473973996454 pid30a6
36.18057407071852  0.6292352508679822 116.18057407071852 pid314c
36.33609635197617  1.9829503810718694 116.33609635197617 pid3081
37.4692396442981  0.930143897479641 117.4692396442981 pid31be
37.487044331167034  0.6911570730415921 117.48704433116703 pid309c
38.35594114430411  0.8676514324469056 118.35594114430411 pid30b5
38.451935417059296  0.5500457843599827 118.4519354170593 pid30c3
38.45234338955503  0.5098029951232732 118.45234338955504 pid31c0
38.75633419901007  1.2459667194965345 118.75633419901007 pid31e2
39.270044321614016  1.3610197265180513 119.27004432161402 pid3128
39.320319824738874  1.1406710536877482 119.32031982473887 pid30eb
39.83265564353297  1.2424233904815767 119.83265564353297 pid3222
40.131033480855734  1.4820502883661548 120.13103348085573 pid30da
40.2605191965748  1.599505130944832 120.26051919657479 pid30fb
40.2778718737339  0.6014156756276079 120.2778718737339 pid30d3
40.73527029536077  1.5790219242449026 120.73527029536078 pid31c8
40.926380683041415  1.3682059853216553 120.92638068304142 pid31c5
41.44021902065899  0.8592523460419638 121.44021902065899 pid31d9
41.668422662882506  1.700797312149599 121.6684226628825 pid3098
42.17499206867156  0.8627424159034393 122.17499206867156 pid30d5
42.696429990168504  0.8130892088062402 122.6964299901685 pid3189
43.095980679605525  1.5638818351083672 123.09598067960553 pid30e8
43.268617629384124  0.6748284239316368 123.26861762938412 pid31b8
43.39547767808594  1.3823628207647651 123.39547767808594 pid31d3
43.48928761846664  1.4772509530442077 123.48928761846665 pid3073
43.87777155827185  0.7362532589955986 123.87777155827186 pid30b1
44.32737573139393  1.8314302297569882 124.32737573139393 pid3102
44.95052414886369  1.473518158064412 124.95052414886369 pid3184
46.45497189620904  1.6793447557896384 126.45497189620903 pid31a5
46.48969540506009  0.8376031480452828 126.48969540506009 pid3079
46.93430726471448  0.9965558748874797 126.93430726471448 pid3204
47.32010244990939  0.5525706927456109 127.3201024499094 pid3214
47.353180706718256  0.8409525924219488 127.35318070671826 pid30af
47.89713518054349  1.4489634739086243 127.8971351805435 pid309f
48.80196730690967  1.46160562740471 128.80196730690966 pid31ac
49.26729727369874  1.805373159783332 129.26729727369874 pid313a
49.37805492943701  1.9701606946378418 129.378054929437 pid3228
49.428204583444625  1.1688668533961724 129.42820458344463 pid3178
49.510304858333654  1.6222221619583737 129.51030485833365 pid30fc
49.659018272602985  1.9958092270745678 129.659018272603 pid30c9
49.734812526926355  1.2518516978828256 129.73481252692636 pid3141
50.56771632073482  1.350930130784407 130.5677163207348 pid320b
50.91016766546047  1.1761327946664148 130.91016766546048 pid30cf
50.93482599815993  1.706565227539301 130.93482599815994 pid3209
51.089004870842274  1.656480183994464 131.08900487084227 pid30ed
51.4758755531446  1.9509075651641556 131.4758755531446 pid30fe
52.5988308302077  1.1665365606910374 132.5988308302077 pid30b7
52.59923877915521  1.4973830217312525 132.5992387791552 pid314a
52.90391407420543  1.6278563003389697 132.90391407420543 pid319a
53.17026351044219  0.5903660146689975 133.1702635104422 pid31df
53.563070963799966  1.0252623139661927 133.56307096379996 pid30d9
53.63948591887632  0.8307373088095791 133.63948591887632 pid3148
53.70607788148612  0.9732492707120448 133.70607788148612 pid308d
53.78085959684291  1.1526182241292915 133.7808595968429 pid3162
53.898659883814574  1.9497586696875793 133.89865988381456 pid31ae
54.243470714867044  1.0372100377876106 134.24347071486704 pid316e
54.527365585850745  0.9808056040386308 134.52736558585076 pid308a
54.795292285668665  1.2089975476913615 134.79529228566867 pid30f9
54.87936506424911  1.82752913965372 134.8793650642491 pid3168
55.253670061550594  1.5087139308034665 135.2536700615506 pid30f8
55.775689900476  0.9569002447224899 135.775689900476 pid30f5
55.82399688378749  1.2662901923075125 135.8239968837875 pid31ec
56.0430798494433  1.8428975997411332 136.0430798494433 pid30e4
56.0852178559497  1.6143826718298915 136.0852178559497 pid3111
56.18489787393144  0.6264338615061161 136.18489787393145 pid317f
56.43738472889901  1.6532891475291165 136.43738472889902 pid3089
56.76930041021409  1.35818523264152 136.7693004102141 pid3211
58.220255913092515  1.3279187792880243 138.2202559130925 pid3132
58.33618682493735  0.8221964841001702 138.33618682493736 pid3177
58.39594693507762  1.3616153117823324 138.39594693507763 pid3156
58.41523795149012  1.4355149643979495 138.41523795149013 pid308f
59.06735346254812  1.998284818002091 139.0673534625481 pid31f0
59.333910476250175  0.5440983733537751 139.33391047625017 pid30ad
59.47854768154588  0.6559701644696022 139.47854768154588 pid3159
59.588579811387135  1.1185478115993983 139.58857981138715 pid31c1
60.73206619326228  1.8025595692037717 140.73206619326228 pid311b
60.772070599646874  1.8842175653564268 140.77207059964687 pid313b
61.582459298629985  1.2798220879651254 141.58245929863 pid3157
62.05764225385982  1.5436919809687366 142.05764225385983 pid3192
62.33696156166236  0.902932865605683 142.33696156166235 pid3218
62.432847957735575  0.72733167302425 142.4328479577356 pid3225
62.75106870250045  1.2882805655325629 142.75106870250045 pid3092
63.166069847802056  1.5377719377949541 143.16606984780205 pid31e4
63.2414491966274  1.015221633353516 143.2414491966274 pid31b5
63.942526503457096  1.677616224909595 143.9425265034571 pid31cb
64.29991082557453  0.9697705450138525 144.29991082557453 pid307d
64.60238821999188  1.829090429465992 144.6023882199919 pid3194
65.76825344849755  1.540309814940706 145.76825344849755 pid3158
65.82791226646692  1.1219177460179854 145.8279122664669 pid312b
65.9525440176544  0.6923892273610126 145.95254401765442 pid322f
66.07053856821236  0.6080123868727489 146.07053856821236 pid315b
66.99836372224964  1.7057784704054417 146.99836372224962 pid3215
67.09716199469428  1.3046629704846542 147.09716199469426 pid317a
67.14805377953721  0.8754706900599952 147.1480537795372 pid319b
67.383733596289  0.5024127294553775 147.383733596289 pid315d
68.30027553719967  0.689276420660833 148.30027553719967 pid316f
68.4178232050363  1.8043197211409756 148.4178232050363 pid30e5
69.14460610477889  1.1693730324561675 149.1446061047789 pid311e
69.16358915104739  1.2064037261924765 149.1635891510474 pid3163
69.82458607674056  1.9070515272669377 149.82458607674056 pid3071
70.4234739528033  1.436898879188231 150.4234739528033 pid31e9
70.43051382091609  1.1539502325417994 150.43051382091608 pid3099
70.62581276347088  0.6773584591799716 150.6258127634709 pid31c2
70.65399857060382  0.8605647798030054 150.65399857060382 pid31aa
70.94204880586432  1.0499014783817016 150.94204880586432 pid322e
71.17447135394376  1.5976490955903397 151.17447135394377 pid311f
71.48835172718496  1.4466616824640068 151.48835172718498 pid30bc
71.59332412570396  1.0490085058028478 151.59332412570396 pid3117
72.44132955551211  1.9531727395602392 152.4413295555121 pid3082
72.61617875207138  0.6601122178604227 152.6161787520714 pid31ad
72.99412200590237  1.3373258655771132 152.99412200590237 pid3223
73.29908118226491  1.9873622550369865 153.2990811822649 pid31de
73.53477395327599  1.5736684004404349 153.534773953276 pid30f7
73.88773936425812  1.301670373673502 153.88773936425812 pid3119
74.15842600984773  0.6425961310676864 154.15842600984774 pid315f
74.6975017057766  1.5520036405095867 154.6975017057766 pid31fb
75.23012676145481  1.4934425826951079 155.2301267614548 pid320f
75.47844016258807  0.6737517508008584 155.47844016258807 pid30e3
75.83195808687036  0.8191712406004528 155.83195808687037 pid3077
76.02699440764435  1.272421647389289 156.02699440764434 pid31bd
76.55088808130176  1.8569157057185746 156.55088808130176 pid3124
78.96980126240085  1.0518490233139548 158.96980126240084 pid322c
79.1766372622932  1.6918878064632628 159.17663726229318 pid310d
80.37799061104803  0.8311580818000737 160.37799061104803 pid3095
80.69503056416049  1.6330221640492413 160.6950305641605 pid30f0
82.03457554295814  1.9216490691994144 162.03457554295812 pid3144
82.39431072699932  0.8494484809639151 162.39431072699932 pid30ac
83.1712084393684  1.2262326467387523 163.1712084393684 pid3115
83.25903496367616  1.3746133675060017 163.25903496367616 pid31d0
83.68505238869884  0.76100205475279 163.68505238869884 pid3109
84.22999359322172  0.8809712546161328 164.2299935932217 pid30a7
84.59875552420668  1.2569336581499233 164.5987555242067 pid3200
84.64650268936575  0.6366934813689589 164.64650268936575 pid3070
85.55225594566319  1.4152230797227212 165.5522559456632 pid3203
85.99857612273838  0.7516632682990044 165.99857612273837 pid3160
86.59318875309883  1.422731337349504 166.59318875309884 pid31cf
86.66266122174929  0.7203361127680736 166.6626612217493 pid30be
87.56207934315779  1.533229255567696 167.5620793431578 pid316c
87.70880398630267  0.5477579392379898 167.70880398630266 pid31f1
87.78541049314768  1.2403053500549865 167.78541049314768 pid3175
88.43731397562887  1.7733716886427868 168.43731397562885 pid30ef
89.01644551349379  0.88358913567674 169.0164455134938 pid313c
89.13441384550094  1.2747941798010816 169.13441384550094 pid308e
89.36289219599526  0.7588989564137341 169.36289219599524 pid3143
89.68573150373439  1.626556517913228 169.6857315037344 pid3075
89.96209617885195  1.2741929077037728 169.96209617885194 pid31b4
90.15398799473928  0.6835234216688145 170.15398799473928 pid30ec
90.35529830440508  1.9391836582898958 170.3552983044051 pid31b9
90.36627507096398  1.1425718174392645 170.36627507096398 pid3193
90.54306668151722  0.9766439699500415 170.54306668151722 pid30ff
90.79792028690069  0.9594815564094732 170.7979202869007 pid31f8
90.81824948448411  0.8631996163938656 170.8182494844841 pid31fc
90.91717140027507  1.4037299243298038 170.91717140027507 pid3145
91.14551102800036  1.8497591588526974 171.14551102800036 pid311a
91.68159459058585  1.0655522844971004 171.68159459058586 pid3093
92.37494274728265  0.9858645729117379 172.37494274728266 pid31d5
92.38409473502334  1.4438848339863966 172.38409473502333 pid31e8
93.1880257498187  1.9713381980284552 173.1880257498187 pid31d7
93.65173581302211  0.8519579020743164 173.65173581302213 pid30b9
94.36914026062085  1.198889100846035 174.36914026062084 pid30c2
94.5667625242555  0.8282875888961037 174.5667625242555 pid31e1
95.11332553709796  1.3066653204632845 175.11332553709798 pid30b0
95.32697899039698  0.6020765969373646 175.32697899039698 pid3154
96.07901848245432  1.087921367747516 176.07901848245433 pid3231
96.82066564607756  1.455747056541133 176.82066564607754 pid314b
96.93254025465824  1.4962421122729996 176.93254025465825 pid3106
97.3521212519461  1.8382829849623614 177.3521212519461 pid31a7
97.38227448286818  1.3185877893170135 177.38227448286818 pid3212
97.6473141439278  0.6353414516436686 177.64731414392782 pid30f6
97.78626203611142  0.5193784422342878 177.78626203611142 pid307e
98.11241495767152  0.7150210591080142 178.11241495767152 pid315e
98.15018979036739  1.4909742495228782 178.1501897903674 pid312f
98.46808763109907  1.8985394338207895 178.46808763109908 pid30a3
98.55227319959732  1.6105033237202657 178.55227319959732 pid311c
98.7695389381609  0.8743394501699 178.7695389381609 pid3183
99.55367467861979  1.0258463260039528 179.55367467861979 pid314d
99.56374542440095  0.7919637330794522 179.56374542440096 pid30ba
100.0852697343482  1.8106652171173918 180.0852697343482 pid3226
100.1239721208981  1.1404539465357186 180.1239721208981 pid30bd
100.24130804625594  1.8254965471735811 180.24130804625594 pid31a6
100.2675254166701  1.0125829352612363 180.26752541667008 pid30e9
100.77911626869293  1.8251205356471731 180.77911626869292 pid31e5
101.14675634415713  1.8578037703985293 181.14675634415713 pid3086
101.22463725148205  0.7383002171545472 181.22463725148205 pid3221
101.2816825704562  0.9839483333934939 181.2816825704562 pid30cb
101.41298687130973  0.5382188820663519 181.41298687130973 pid309d
101.72654506458092  1.742966990281297 181.72654506458093 pid3166
101.95703079087691  1.067390176621122 181.9570307908769 pid31d1
102.81130021817674  0.8743458797803576 182.81130021817674 pid31a2
103.03849823191537  1.2831450908163542 183.03849823191536 pid3216
103.10166050965282  0.5911150284924953 183.10166050965282 pid3229
103.35071644588045  1.0897448552753148 183.35071644588044 pid31f9
103.51449841229235  1.7971513745605772 183.51449841229237 pid31cd
103.57288849401132  0.8374864962757107 183.57288849401132 pid31d4
103.82917800090303  1.2557434057175985 183.82917800090303 pid3122
104.24564553689599  0.7403999897146709 184.245645536896 pid30fd
104.35684934618443  0.9719379018340142 184.35684934618445 pid313f
104.6032928991975  1.1288861257468326 184.6032928991975 pid3103
104.68847358824094  0.841017256481347 184.68847358824092 pid3217
105.01473896003414  0.6757332423334059 185.01473896003415 pid3113
105.21293032102014  1.3385575942104033 185.21293032102014 pid3164
105.50067992050212  1.096867653868025 185.50067992050214 pid316a
105.5012741608135  1.5085833780975582 185.5012741608135 pid30e2
105.76900618316881  1.7209673524182212 185.7690061831688 pid317b
106.82038693502261  1.2492507277732385 186.8203869350226 pid3105
107.56145184638997  1.597513379645411 187.56145184638996 pid31fa
107.73764102751774  1.5429593982819378 187.73764102751772 pid3173
109.39549203952143  0.8461652245765453 189.39549203952143 pid316d
109.50682770853834  1.0467863847711496 189.50682770853834 pid322b
109.54760282692946  1.3242371784680556 189.54760282692945 pid31c9
109.57694416479634  0.9955835803767726 189.57694416479634 pid31f7
109.89386375295973  0.8090504918776292 189.89386375295973 pid320a
110.20809068322343  1.086658268721075 190.20809068322342 pid31c4
111.0173003434694  1.0373947037762703 191.0173003434694 pid310a
111.10720163544536  1.3402140403147145 191.10720163544536 pid31ca
111.13972053315032  1.7947011895688714 191.13972053315032 pid30c0
111.29629340636382  1.7661114059758405 191.29629340636382 pid30b6
112.34006183133998  1.0000454800111274 192.34006183134 pid3136
113.3619341456713  0.7991552274344363 193.36193414567128 pid31c6
113.37672582992357  0.774859025182178 193.37672582992357 pid30d4
113.52773516751743  0.6400325850980306 193.52773516751745 pid30ca
113.97583267749376  1.987035446768303 193.97583267749377 pid3139
113.98175572978259  1.739214478456157 193.9817557297826 pid3146
114.16791054779951  1.890641204793484 194.16791054779952 pid30f1
114.17194227083367  1.8314120205629003 194.17194227083365 pid313d
114.45648497787923  0.8131859780810031 194.45648497787923 pid322d
114.48429847223993  1.1478792264077726 194.4842984722399 pid30a1
115.80242764526196  1.8842793513439728 195.80242764526196 pid30fa
115.90139430901871  1.7789933340322643 195.9013943090187 pid31a1
116.68933716618922  1.9176243199448808 196.6893371661892 pid311d
116.86040528605864  0.8590948736956165 196.86040528605864 pid30a9
116.97600634627975  0.9849010866045054 196.97600634627975 pid30f2
117.03684343926591  1.0212997446218512 197.0368434392659 pid31b7
117.09145363789528  1.6054628212860211 197.09145363789528 pid3084
117.14070821213649  0.799983648725161 197.14070821213647 pid31ce
117.28296408595351  1.3812855251539065 197.2829640859535 pid3137
117.4851515948785  0.9032499546231618 197.48515159487852 pid3205
117.55113418031816  0.7168562033815042 197.55113418031817 pid3191
117.85122482033427  1.9840667215210726 197.85122482033427 pid3202
118.23339381675471  1.4279165021761178 198.2333938167547 pid3114
118.38043051526675  0.8079303107103994 198.38043051526677 pid3094
118.4833726875067  1.0529600762060325 198.4833726875067 pid30a4
118.878904939213  1.0090879110967566 198.878904939213 pid319e
118.94162281967274  1.8761175443727371 198.94162281967274 pid3197
119.95356838856353  0.6047433717027126 199.95356838856353 pid30d2
120.30663197053332  0.6923232253189745 200.30663197053332 pid30d7
122.10521018643787  1.452251925074072 202.1052101864379 pid3131
122.43147036218092  1.0731358855264057 202.4314703621809 pid30db
122.4478949154503  1.7695081026619337 202.44789491545032 pid321b
122.69273518844055  1.3078969499844328 202.69273518844057 pid3169
122.89037660918264  0.9767505877129314 202.89037660918262 pid31db
122.90050281416674  1.5922478018475905 202.90050281416674 pid3076
123.52351099582728  0.9527359107148069 203.52351099582728 pid3107
123.61944758298785  1.5261637380224344 203.61944758298785 pid3172
123.72043455061134  0.8772307608234649 203.72043455061134 pid31e7
123.78808441299851  0.9991485213553069 203.7880844129985 pid314e
123.88756258327831  1.8042939191066316 203.8875625832783 pid3155
123.94310385682365  0.8480114179554608 203.94310385682365 pid3123
124.39549079349862  1.161273579161128 204.39549079349862 pid30bb
124.7815785617196  1.6447044513783613 204.78157856171958 pid31ee
124.92916944096942  0.6122627561849803 204.92916944096942 pid3161
124.9302219564589  1.6407726285592321 204.9302219564589 pid321d
125.8081837400403  0.778333802964597 205.8081837400403 pid31a8
125.85228482871418  1.3677433450404517 205.85228482871418 pid3180
126.00709436001698  1.4498063035650142 206.007094360017 pid3195
126.23333548300639  1.139847664730822 206.23333548300639 pid312d
126.85237468860913  0.663871877518069 206.85237468860913 pid308b
126.914233529837  1.8017334196947299 206.91423352983702 pid31bc
127.51518164601306  0.6016575446228081 207.51518164601305 pid320e
128.00757477845963  1.9318909037928629 208.00757477845963 pid318a
128.28675278305994  1.7283738643189945 208.28675278305994 pid3208
128.63285152848647  0.714012124464549 208.63285152848647 pid3140
128.94554112136328  0.5259840823536261 208.94554112136328 pid30d8
129.41696396025742  1.962147221054967 209.41696396025742 pid310f
130.04328900577534  0.9914109245971463 210.04328900577534 pid307a
130.44854392688995  0.9787914480204563 210.44854392688995 pid30cc
130.7859358354368  0.8283497933364252 210.7859358354368 pid3179
131.55634268409753  1.3175106919930197 211.55634268409753 pid30d1
131.661275961499  1.7766244900535502 211.661275961499 pid31b2
131.8173749965588  1.9614286974473452 211.8173749965588 pid3207
132.13652572064038  1.594419902815565 212.13652572064038 pid3151
132.2220019296289  1.6315838253241906 212.2220019296289 pid310e
132.30708974798566  0.5918900842861635 212.30708974798566 pid31f3
133.29284727228588  1.413029229225978 213.29284727228588 pid30e7
133.8551181635786  1.0992509291348331 213.8551181635786 pid31ea
133.92199255356286  1.0467350561738034 213.92199255356286 pid31b3
134.23380453852013  0.8917850285846509 214.23380453852013 pid321e
134.5760114115036  0.7595670130738277 214.5760114115036 pid31b6
134.88755582617785  1.5146302774938611 214.88755582617785 pid3153
134.8927355436089  1.4025472626413 214.8927355436089 pid3149
134.9163002702456  1.0367190143032277 214.9163002702456 pid30a8
135.3103692743782  0.8512726918751763 215.3103692743782 pid310c
135.51083838264643  0.6415390286993092 215.51083838264643 pid31dd
135.5252049781083  1.564192628563983 215.5252049781083 pid30e0
135.8167994545477  1.6911817035063903 215.8167994545477 pid30a0
135.93998799370337  0.8959024151407244 215.93998799370337 pid3108
136.07499350886863  1.3438687719025912 216.07499350886863 pid3186
136.24391005884752  1.4217345403444581 216.24391005884752 pid3210
136.6381118996891  0.8735678831322745 216.6381118996891 pid30d0
137.06117685757  1.668664536621008 217.06117685757 pid30c4
137.5861338092214  1.4413069051354208 217.5861338092214 pid3181
138.83878062050397  1.8738150293150027 218.83878062050397 pid3196
138.94662550908023  0.5749223495508647 218.94662550908023 pid3199
139.16303406324909  0.9169629632648877 219.16303406324909 pid3129
139.1715042269579  1.097861187195273 219.1715042269579 pid31f6
139.32166621460965  1.4098940468442123 219.32166621460965 pid3100
139.41843746884143  1.1425058694193837 219.41843746884143 pid321c
139.7470502211468  1.9098551840847549 219.7470502211468 pid30ea
139.7922803514619  1.0797553028637077 219.7922803514619 pid3198
140.27203856969717  1.6603569155999351 220.27203856969717 pid312e
140.4497261852643  1.6135805405658927 220.4497261852643 pid3142
141.04532099252683  1.489362995786125 221.04532099252683 pid3187
141.30221544847367  1.0211982443121395 221.30221544847367 pid30e1
142.48569746522261  1.4121963451296682 222.48569746522261 pid3174
142.58713460716305  1.4156873312912683 222.58713460716305 pid3078
142.64396633999004  0.832993204886795 222.64396633999004 pid31ef
144.13831253765213  1.6486254276948955 224.13831253765213 pid321f
144.946260651795  1.2536498726200989 224.946260651795 pid30ee
145.14768136005728  1.0007603083383099 225.14768136005728 pid31bf
145.44930852556573  0.6084724610086854 225.44930852556573 pid31d8
145.6619804644188  1.4809075871804627 225.6619804644188 pid3110
145.8611616860778  1.2048878977334736 225.8611616860778 pid3126
145.95107019089252  1.9826261300360812 225.95107019089252 pid31e3
146.6446842649382  1.1236504367545856 226.6446842649382 pid3219
147.28002401168868  1.4886751709114445 227.28002401168868 pid317e
148.10096949649096  0.9602847147905428 228.10096949649096 pid31eb
148.15605029587888  0.5168758997051277 228.15605029587888 pid30f4
148.56273946321065  1.0998064320970578 228.56273946321065 pid307b
148.98514386471746  1.3268895451710194 228.98514386471746 pid310b
149.00144145509756  1.8219374391223617 229.00144145509756 pid30c5
149.5806392299022  1.5657399479311669 229.5806392299022 pid318e
149.90439641129174  1.3605026255480963 229.90439641129174 pid3097
