1.0361424152978138  1.0508130070789716 81.03614241529782 pid78a
4.061749080608551  0.6177789479171969 84.06174908060855 pid770
7.0749131318044665  1.141078458990734 87.07491313180446 pid783
7.650624706710785  1.2810602528348134 87.65062470671079 pid781
7.937209885642938  1.38177094553831 87.93720988564294 pid79a
9.31034039344299  0.6955484144552402 89.31034039344298 pid79b
11.06749716282267  1.8127111627919732 91.06749716282268 pid77a
14.25738806155678  1.4199819151444417 94.25738806155678 pid773
17.332014007484993  1.9331756918911587 97.33201400748499 pid79d
18.41436982009591  1.41071194154381 98.41436982009591 pid76d
26.278974147607787  0.5937911290977486 106.27897414760778 pid779
29.25554327017504  1.1488172812560296 109.25554327017504 pid790
36.813864189193986  0.7839493282180693 116.81386418919399 pid789
44.4148245802604  1.6662130013020515 124.4148245802604 pid77f
48.951918341769655  1.2615669762247168 128.95191834176967 pid77c
51.30673805533465  1.0746416555988834 131.30673805533465 pid76c
53.102032564200094  0.7817068786226677 133.1020325642001 pid793
56.56920866177298  0.7558840091620231 136.569208661773 pid798
72.80113948053568  1.4383672754646033 152.80113948053568 pid79c
73.39292566235521  0.6169676742723542 153.3929256623552 pid784
77.72384905493853  1.286627770145445 157.7238490549385 pid78d
82.77997634665451  1.7617002342309005 162.7799763466545 pid774
84.24513105942457  1.4197722415522713 164.24513105942458 pid78f
86.05761562825967  1.6599806175477125 166.05761562825967 pid772
97.03394635199834  1.8898410588549464 177.03394635199834 pid778
97.36354345722559  1.8247200994857693 177.3635434572256 pid77e
100.40762805356059  1.0787503583659657 180.4076280535606 pid791
100.53027532077249  1.3671056456568218 180.5302753207725 pid795
102.433104929931  1.339417101290705 182.433104929931 pid771
102.60482265556668  0.6899188875606757 182.6048226555667 pid76f
107.0141118283182  0.9011270618163678 187.01411182831822 pid76e
112.08936374721783  1.1174680924854403 192.08936374721782 pid78e
112.58521753809762  1.26505689827385 192.58521753809762 pid796
115.30777415659247  1.9275442576221826 195.30777415659247 pid794
121.16852296790907  0.6392599513062502 201.16852296790907 pid797
123.2147382189969  1.5235914475416392 203.2147382189969 pid788
123.25022310799709  1.3740103348192114 203.2502231079971 pid780
124.09644975724603  1.1800055442845139 204.09644975724603 pid776
124.97922308581273  0.6500872147977202 204.97922308581275 pid77d
126.02551684254419  1.7400341210993377 206.0255168425442 pid786
128.36916776436152  1.261936454753882 208.36916776436152 pid777
128.91160194658775  1.7377177131401276 208.91160194658775 pid785
134.28056734288342  1.3309495845981052 214.28056734288342 pid799
135.8585574898655  1.6971165829773456 215.8585574898655 pid77b
136.68497596939707  1.0608386373736285 216.68497596939707 pid78b
138.10600992233438  0.7667310417773026 218.10600992233438 pid782
140.8431238949443  0.7946110819922996 220.8431238949443 pid78c
140.97588328009027  1.6605024510185151 220.97588328009027 pid775
144.3935865363022  1.871195712961751 224.3935865363022 pid792
148.5388869833892  1.431488006227828 228.5388869833892 pid787
