0.4931021616117359  1.5894457828775996 80.49310216161173 pid48a0
0.7376631512755916  0.8467480813456897 80.7376631512756 pid47b4
0.8215199401814754  0.9613700741373064 80.82151994018147 pid48b4
1.0080363720902652  0.8757653218923098 81.00803637209026 pid4778
1.3204450546022928  1.3167862001025656 81.32044505460229 pid48b1
2.318736470430421  1.202795689836698 82.31873647043042 pid47a6
2.5191031635619754  0.9453099501078408 82.51910316356198 pid48e8
2.625653216287571  1.907935252558244 82.62565321628757 pid482a
2.8926646416976065  1.4598097971316686 82.8926646416976 pid4783
3.138364029764107  0.7124601992046142 83.1383640297641 pid47ae
3.3759987807052196  1.1003819027673511 83.37599878070522 pid484a
4.035830562613906  0.5235781126130432 84.03583056261391 pid47c7
4.299965025871966  1.690438280344437 84.29996502587197 pid4816
5.175656067568301  1.362416955167705 85.1756560675683 pid484f
6.802653816215715  1.9767042691521093 86.80265381621571 pid48e0
6.8531039659608215  0.9242020184337505 86.85310396596083 pid48c2
7.015572041560847  1.7636354159774563 87.01557204156084 pid483b
7.262166103379364  1.5342720826389606 87.26216610337937 pid48e5
7.443043500986912  0.6138792270409896 87.44304350098692 pid48db
7.478578488070392  1.5455860826676167 87.4785784880704 pid4864
7.659105811334344  0.8281608092318933 87.65910581133434 pid485d
7.691733215074015  1.627536628061652 87.69173321507401 pid48f1
7.913044244937012  1.2940418002336207 87.91304424493701 pid4787
8.077151037747631  1.9429541145741198 88.07715103774763 pid4904
8.619198131531874  0.733410217564785 88.61919813153187 pid481a
8.82490748754533  0.915824050109562 88.82490748754533 pid4782
8.985856309165518  1.9174737533804924 88.98585630916551 pid4859
9.139621938364694  1.8719471194018036 89.1396219383647 pid47ad
9.280564605997165  1.7074887947171717 89.28056460599717 pid4812
9.640042010667832  1.5324640815997015 89.64004201066783 pid4898
9.755540029235771  1.0395098656191197 89.75554002923577 pid47ff
9.906496789311635  1.5302814837690075 89.90649678931163 pid488a
10.023879011196414  0.5595369362449081 90.02387901119641 pid47d3
10.027811655285774  0.9906367063532737 90.02781165528577 pid4829
10.09340729328319  1.1917329437835684 90.09340729328319 pid4771
10.822177059396381  1.6426560419307843 90.82217705939638 pid48de
10.916477776017752  1.3647406227472743 90.91647777601776 pid48c3
10.94263579353158  0.9686094222414364 90.94263579353158 pid476b
10.951299623164095  0.8112322754691801 90.95129962316409 pid4889
11.461876171865237  0.8729335498633151 91.46187617186524 pid4881
11.574128641661558  1.3256052749974256 91.57412864166156 pid47d5
12.168718124295557  0.8733937476469542 92.16871812429555 pid4877
12.188079524907186  1.6589333039091771 92.18807952490718 pid47a8
12.762276023021279  0.6415463655604663 92.76227602302129 pid4802
12.780866306586375  1.7771952605445627 92.78086630658638 pid4850
13.37391296733666  0.6575761366033117 93.37391296733666 pid48c0
13.956486462055755  0.7413741686476453 93.95648646205575 pid4865
14.274158708055884  0.5722641770574806 94.27415870805588 pid489f
14.307290842131914  1.7983234787078026 94.30729084213192 pid4896
14.774300747112596  1.3425595504724668 94.77430074711259 pid476d
15.302206835752369  1.3234178253412325 95.30220683575237 pid475a
15.403843016175173  1.2693900309740243 95.40384301617517 pid4820
16.234785774289524  1.466536237585534 96.23478577428952 pid490a
16.481846998326166  1.1981506035010778 96.48184699832616 pid47bb
16.55382067465804  1.664404993025533 96.55382067465804 pid479c
16.601264865127924  1.7271309766429805 96.60126486512792 pid47e0
17.17167467947079  0.6122725011449077 97.17167467947078 pid481f
17.365345316211677  1.550793712731188 97.36534531621167 pid479e
17.492138016956233  1.1476050374444537 97.49213801695623 pid4765
17.92417108266705  1.3862806769602352 97.92417108266704 pid48fc
18.541760254517953  1.556479815076194 98.54176025451795 pid47ea
18.685068568901748  1.2482226772534677 98.68506856890176 pid48cf
18.86996755200195  0.6370268562554082 98.86996755200195 pid48f0
18.888491987395728  0.5431355625820462 98.88849198739572 pid48c5
19.08352786894254  1.9392379047836568 99.08352786894254 pid4780
19.137402436661517  1.429114461684366 99.13740243666152 pid4770
19.204710967611245  0.5023894640210195 99.20471096761125 pid484e
19.265189079927925  1.6584769111459854 99.26518907992792 pid47f1
19.471756822505842  0.8007022835045743 99.47175682250584 pid48c1
19.611089540081377  1.5674969854315344 99.61108954008138 pid484b
19.80486971643711  1.4346078827291777 99.80486971643711 pid48eb
21.58611476107282  1.4364002983504718 101.58611476107282 pid4757
21.853375908882665  1.6899355536262444 101.85337590888267 pid4862
21.85518846154238  1.8916968561031724 101.85518846154238 pid486a
22.36696881267794  0.5720384422897382 102.36696881267794 pid489d
22.41964756946226  0.7471694993514446 102.41964756946226 pid4805
22.63884210763135  0.7127822233344526 102.63884210763135 pid47cf
22.67064470955824  1.8987508337353978 102.67064470955825 pid48a1
22.89504000058592  0.9441779011278879 102.89504000058592 pid482b
23.726177500839118  1.6900198249136347 103.72617750083911 pid476e
24.194767287495615  1.840900246560122 104.19476728749561 pid490b
24.240445960661628  0.9436944763597253 104.24044596066163 pid48fb
24.436057773691246  1.3210439676980497 104.43605777369125 pid47e8
25.380772540708257  0.8085474697349815 105.38077254070825 pid48cb
25.991083116652252  1.4733085352520476 105.99108311665225 pid477b
26.04770510651032  1.5523978521936166 106.04770510651032 pid487e
27.371456670771003  1.68092691748963 107.37145667077101 pid481d
27.614711757566468  1.9978216360832957 107.61471175756647 pid48c4
27.775806624214276  0.6785312364628069 107.77580662421428 pid4776
28.345406812408434  1.6920931700458492 108.34540681240844 pid485f
28.39102011273637  1.3108124115601059 108.39102011273637 pid47d1
28.57315250996791  0.7782381954899 108.57315250996791 pid4833
28.74631054025102  1.8725383386953836 108.74631054025102 pid4761
29.30147066596035  1.0768951530947877 109.30147066596035 pid47e4
29.31888424208504  0.8168748085998163 109.31888424208503 pid48aa
29.38402559419805  1.3143604370750883 109.38402559419805 pid4807
29.758052221605695  1.2166042208061167 109.7580522216057 pid47a7
29.819434898259527  0.9819428087048836 109.81943489825953 pid47b9
30.749558859338443  1.0776818884483603 110.74955885933844 pid4884
31.333849090088105  1.0677756771539464 111.33384909008811 pid48b2
31.51448809524982  0.7764283744442275 111.51448809524982 pid48ca
31.560142928978607  1.6886385046840555 111.5601429289786 pid481e
31.96757073225866  1.1601785517898855 111.96757073225866 pid4854
32.82231249396209  0.6562049289351168 112.82231249396209 pid4885
33.09657256371653  1.981662759759402 113.09657256371653 pid48f3
33.11087413227886  1.6926873272761958 113.11087413227887 pid4754
34.2495941273355  1.4327030648266834 114.2495941273355 pid48b7
34.744225605280086  0.5072321770822521 114.74422560528009 pid4803
35.30954437171611  0.9667423539598516 115.3095443717161 pid47cc
35.40157677833893  1.8167071759629265 115.40157677833892 pid4849
35.468172150030306  1.0366790401302202 115.46817215003031 pid4851
35.82992500941602  1.4228612745705072 115.82992500941603 pid489c
37.90758340600051  1.0398900683610752 117.90758340600051 pid48da
38.24209822730699  1.523036941308703 118.242098227307 pid48d1
38.93838573486015  0.5176265307819994 118.93838573486015 pid4878
39.44804894832518  1.1933962612414823 119.44804894832518 pid4900
39.45264765313069  1.1567472968866694 119.4526476531307 pid48bd
39.51822902443084  1.9272030901596882 119.51822902443084 pid47df
39.52721264421278  1.389975571743857 119.52721264421278 pid4788
39.74618706369989  0.7372903016375596 119.74618706369989 pid4752
40.161542086587865  1.997446414639987 120.16154208658787 pid474e
40.366936990800255  1.3608197491546674 120.36693699080026 pid485b
40.664774020377955  1.9117706423084448 120.66477402037796 pid4847
40.84348157322057  1.9107325786936025 120.84348157322057 pid484d
41.3930334345147  0.7962345692885138 121.3930334345147 pid48fe
42.225390486878446  1.6229950744586152 122.22539048687844 pid4836
42.2994151348402  1.418625123352632 122.2994151348402 pid486b
42.61451866590386  1.8563792692978083 122.61451866590386 pid4903
43.12813977726671  1.5233791184229815 123.12813977726671 pid4766
43.21579869650927  1.471885150954209 123.21579869650927 pid487c
43.500323630413824  1.668400292413677 123.50032363041382 pid4897
43.814306493030855  1.389519521663387 123.81430649303086 pid4842
43.83741415222065  0.8060158735940213 123.83741415222065 pid48c9
44.000563930778405  0.5807589740731698 124.00056393077841 pid481c
44.48811736213089  1.897220622835675 124.4881173621309 pid484c
44.61101280431255  1.696344557369938 124.61101280431255 pid4768
44.6886901728662  1.1036912079442684 124.6886901728662 pid47f0
44.911206288466  0.5612019914607083 124.91120628846599 pid47a5
45.32410383384392  0.640159039826404 125.32410383384392 pid4758
45.40015711596628  0.9759570903647802 125.40015711596628 pid48a3
45.49005929854999  1.0015812548488825 125.49005929855 pid47c2
45.9795360702501  0.6599225752972142 125.9795360702501 pid4860
46.203413363106435  0.5465035450753366 126.20341336310643 pid480e
46.61641659249868  1.4799758104985095 126.61641659249868 pid4772
47.909621544575  1.7865378181522458 127.909621544575 pid4872
48.071698914590726  0.8929721001467879 128.07169891459074 pid47e3
48.37095095785293  1.2600616256083799 128.37095095785293 pid47b2
48.654410906288476  0.78078057985232 128.6544109062885 pid482e
49.07093115022858  0.8451123753887619 129.07093115022857 pid48e3
49.30102293135885  1.3657582031286837 129.30102293135886 pid4789
49.386694464019335  1.2215754245395127 129.38669446401934 pid4801
49.72730479670056  0.6980500356089547 129.72730479670057 pid48ee
49.9683409587664  1.2021054162787252 129.9683409587664 pid4791
50.157063533478514  1.0034166772581905 130.15706353347852 pid47ce
50.876927878376335  0.9802467752211474 130.87692787837634 pid47da
50.902920197682505  1.2941050170951136 130.9029201976825 pid4769
51.02928650468691  1.3289481124522282 131.02928650468692 pid48dc
52.01496039368179  1.6723119757748457 132.0149603936818 pid47db
52.06560077155753  1.3435327761817635 132.0656007715575 pid4844
52.39845309476958  1.8900118678674311 132.3984530947696 pid47f8
52.68193975248691  1.4354868502464693 132.68193975248693 pid47f5
52.83976284859919  1.6740823432924168 132.8397628485992 pid487b
52.84674911739665  1.9155279681730981 132.84674911739666 pid47c0
53.004526087715725  0.6135821244541535 133.00452608771573 pid4853
53.609915956884855  1.8427056305748426 133.60991595688486 pid4824
53.72291468325535  1.521168555626308 133.72291468325534 pid47a3
54.40699203083346  0.5092999708043937 134.40699203083346 pid48d0
54.53357747214756  1.0987694247220654 134.53357747214756 pid48d5
54.57578529700567  1.0728961047544239 134.57578529700567 pid489a
54.63012552873702  1.841690209222619 134.630125528737 pid47e7
54.64611865031882  1.206697597756295 134.6461186503188 pid4843
54.75846553824477  1.3113069674971922 134.75846553824476 pid47bf
54.930673189109335  1.1092681104516564 134.93067318910934 pid48bb
55.152629627302346  1.5287634685615399 135.15262962730236 pid489e
55.5790911562127  1.4264670167960762 135.5790911562127 pid480d
55.79226842709243  1.9879745232426433 135.79226842709244 pid48df
55.864268051011074  0.7420651609757155 135.86426805101107 pid478a
55.887427874376314  0.7405675754903859 135.88742787437633 pid48b9
56.27134102901185  0.7979150668986409 136.27134102901186 pid47b1
56.31136699133802  1.4881595315996794 136.31136699133802 pid482c
57.31112160378803  1.8608478396617913 137.31112160378802 pid481b
57.41790924099456  1.003934430422019 137.41790924099456 pid4907
57.499417508849746  1.9896229373306595 137.49941750884975 pid4873
57.8354232697218  0.8405492564904459 137.8354232697218 pid48a7
57.87850994689828  1.3678796793447179 137.87850994689828 pid4838
59.24360549585555  1.5111130995313964 139.24360549585555 pid486d
60.35272581519259  1.5977123903873367 140.3527258151926 pid48bf
60.435288533161284  1.5482385690337481 140.43528853316127 pid48a2
60.5476329985454  1.2554696063034299 140.5476329985454 pid489b
62.665449616769095  1.011799581096104 142.66544961676908 pid47fd
63.80863469532745  1.5672338015875038 143.80863469532744 pid4818
64.05564235305793  1.7025925172001912 144.05564235305792 pid48be
64.1347596461894  1.332443510430187 144.1347596461894 pid4845
64.6540507505495  0.8198201476348186 144.65405075054952 pid4866
65.10412061822144  1.8524218538423778 145.10412061822143 pid47f9
65.21915504700256  1.5096785944752096 145.21915504700257 pid48e4
65.78480801011179  1.3864131032052505 145.7848080101118 pid4871
66.10814066209653  1.3910310363023517 146.10814066209653 pid48d8
66.14514763908656  0.7423726319410653 146.14514763908656 pid48e2
66.34474525711967  0.8167024698492238 146.34474525711965 pid48d3
66.59349682475282  0.8524793454344965 146.59349682475283 pid48e9
66.7436484410359  1.9373460078274374 146.7436484410359 pid47b6
67.14153122952024  1.3950612493047845 147.14153122952024 pid4828
67.76172634290634  0.8085076970878919 147.76172634290634 pid4856
67.83131918056999  1.7668707443506313 147.83131918057 pid475f
68.00651119446019  0.853493422581548 148.0065111944602 pid478c
68.14437485728261  1.3909135587185233 148.14437485728263 pid4883
68.16069542516043  1.569301011759055 148.16069542516044 pid48ef
68.53767525096312  0.8608512198559826 148.5376752509631 pid482d
68.77777716872195  0.7376322915010487 148.77777716872197 pid4841
69.31121398395271  1.2408426271196928 149.3112139839527 pid47e6
69.39164859494704  1.747850896554096 149.39164859494704 pid48ae
69.60488110906789  0.6929106497540077 149.6048811090679 pid48bc
69.8896232169621  0.7498754312288536 149.8896232169621 pid4899
69.90206618477637  1.2833677610695209 149.90206618477637 pid48d2
70.21993557633165  1.8678542872478183 150.21993557633164 pid47b8
71.38411484044103  1.5599839379093565 151.38411484044104 pid474b
71.51356860244627  1.7662441024598121 151.51356860244627 pid4892
71.93773470571698  1.5733027017199603 151.937734705717 pid4819
72.10955766929268  0.5548276676411911 152.10955766929268 pid4817
72.2052393832367  1.8490632723805842 152.2052393832367 pid47e1
72.73328435394052  1.5494600240885297 152.73328435394052 pid47af
72.79156787108454  1.4424641485168144 152.79156787108454 pid47f4
72.85862095897855  0.5077358999122591 152.85862095897855 pid47b3
73.86476766411921  1.4232841873193287 153.8647676641192 pid4837
74.12323292669882  0.5647011181490467 154.12323292669882 pid4760
74.21489291805506  1.4499493590869261 154.21489291805506 pid488c
74.95466466932812  0.6665011471871982 154.9546646693281 pid47e2
75.57215816661089  1.0024828779192891 155.5721581666109 pid47ec
75.64584578597662  1.3656226974677823 155.64584578597663 pid47aa
75.97059459317524  1.9035829752905589 155.97059459317524 pid4813
76.25186064376136  0.8601396543299071 156.25186064376135 pid48d6
76.7891048490845  0.6914343099646619 156.78910484908448 pid4870
77.29809033079215  1.233466292116749 157.29809033079215 pid48cc
77.93482781228026  1.8282803865531936 157.93482781228028 pid4887
78.49856640051911  1.6608422418750814 158.4985664005191 pid4886
78.52360268514086  0.5439254304139143 158.52360268514087 pid4835
78.75974688837543  1.9556539051711186 158.75974688837545 pid47c8
79.12729685912971  1.9456263330253605 159.12729685912973 pid4901
79.28306702348371  1.9903289705475051 159.2830670234837 pid4839
79.701325416108  0.6990999036454322 159.701325416108 pid4790
80.05384870644387  1.4561876032691723 160.0538487064439 pid477f
80.53443488958183  0.5088971936806195 160.53443488958183 pid4868
80.63589584503785  1.1146645306488485 160.63589584503785 pid488d
80.68389763722953  1.7683726012731484 160.68389763722953 pid47ed
80.83604953679264  1.7764509393896857 160.83604953679264 pid48e1
81.36291897963883  1.4227080067516538 161.36291897963883 pid4879
81.8462670518576  1.3507279582436693 161.84626705185758 pid4876
82.64842025009045  1.8654140369727075 162.64842025009045 pid477c
83.09619302559632  0.6464357378218447 163.09619302559634 pid4857
83.18003400672634  1.2622328438353343 163.18003400672634 pid4846
83.3440146794942  0.7212803177668267 163.3440146794942 pid47cd
83.78806285463621  0.6116272069866076 163.78806285463622 pid4781
83.9884257719935  0.8839657492162335 163.9884257719935 pid480b
84.38532259854992  1.1484640946367164 164.38532259854992 pid476c
84.86205880227165  1.2036910325031225 164.86205880227163 pid4867
85.01474141091514  1.1987761226603133 165.01474141091512 pid48f4
85.73519325148715  1.0745632195320072 165.73519325148715 pid488e
85.96459988500753  1.6936144184015287 165.96459988500754 pid480c
86.22222980855922  0.778270088896756 166.22222980855923 pid483e
86.37017131481304  1.5583777622690707 166.37017131481304 pid48a6
86.4443244781996  1.9290902902648406 166.4443244781996 pid48a5
86.75645804345035  1.1136031982368628 166.75645804345035 pid48ad
86.91876866092917  1.129584908385328 166.91876866092917 pid485c
87.02013616247729  1.5424498271919738 167.02013616247729 pid4762
87.23612444713497  0.8299815402296423 167.23612444713496 pid48ea
87.91866478121071  1.6860845728040192 167.9186647812107 pid47c4
88.28483048131098  0.9681238207399747 168.28483048131096 pid4880
88.36375646647829  1.3257796978331888 168.3637564664783 pid475b
88.45744959917187  0.5513456292136748 168.45744959917187 pid4863
88.72891892236821  0.5891501440928526 168.72891892236822 pid47fc
88.86715054798002  1.2615651775282863 168.86715054798003 pid48cd
88.95946474039859  0.9780959130083828 168.95946474039857 pid48ac
89.44639401555722  0.8159158278232569 169.44639401555722 pid48dd
89.79971417309747  0.8459486930112493 169.79971417309747 pid48b8
89.959478225625  1.4158128640665173 169.959478225625 pid4779
91.31141829767178  0.7863344751325807 171.31141829767176 pid4825
93.02658490853827  1.4815435508394885 173.02658490853827 pid475c
93.10040681524269  1.0704555023969775 173.1004068152427 pid47a0
93.49805207134804  1.8323884649934181 173.49805207134804 pid48fa
93.73645255194864  1.9589498126443667 173.73645255194864 pid4888
93.93600138206132  1.225316957287369 173.9360013820613 pid4800
93.99238353986425  1.5693120831139393 173.99238353986425 pid48f2
94.18697390575831  1.5431161916888538 174.1869739057583 pid4755
94.86659131411157  1.0542059869254152 174.8665913141116 pid478f
94.98818492412974  0.6464465564142137 174.98818492412974 pid48f5
95.03874408894777  1.909757986589706 175.03874408894777 pid48e7
95.30358313043409  0.8599412779036935 175.3035831304341 pid47cb
95.33783881713951  0.6978099905128962 175.33783881713953 pid479b
96.03459662457183  1.0351064325766453 176.03459662457183 pid478b
97.52451458233237  1.0514076255052447 177.52451458233236 pid4822
97.81198070986935  1.3515400731741103 177.81198070986935 pid479d
98.01904774866466  1.946418227115236 178.01904774866466 pid480a
98.34769377813392  1.7382335934836517 178.34769377813393 pid48c6
98.35742168296417  0.5000339351778373 178.35742168296417 pid474c
98.5020468678668  1.0721779960812994 178.5020468678668 pid47d8
98.68399931569284  1.2243969207618473 178.68399931569286 pid47e5
99.4437835023341  1.9034477041110938 179.4437835023341 pid4894
99.49904243288863  1.810701185840872 179.49904243288864 pid4794
99.51864890178794  1.158240607472 179.51864890178794 pid4810
99.54274475260786  1.8050270628965053 179.54274475260786 pid4875
100.18428864223254  1.1561902747755268 180.18428864223256 pid480f
100.50496703687666  0.9080531303869239 180.50496703687668 pid4793
100.59262685013253  1.119627026616189 180.59262685013255 pid47ee
100.62167257216873  0.6523146063828937 180.62167257216873 pid48b0
101.01449776936448  1.358233835909227 181.01449776936448 pid47f2
102.25165512824958  1.6801262449567245 182.25165512824958 pid47f6
102.4181418265236  0.9816919667066588 182.4181418265236 pid488b
102.54546095447513  1.9286029108107732 182.54546095447512 pid4852
102.61970426250993  0.550819894983809 182.6197042625099 pid48e6
103.36214766432518  1.7854046974447897 183.36214766432516 pid48ba
103.55156620860174  1.3167526935250602 183.55156620860174 pid48b6
103.86265238714104  0.8625136575888941 183.86265238714105 pid47d6
104.13800526123373  0.5457800310237229 184.13800526123373 pid4821
104.2290568688144  0.5740805583477041 184.22905686881438 pid4753
104.36846956124486  1.4318250664155354 184.36846956124486 pid4750
104.4528882327209  1.8621774463607372 184.4528882327209 pid4890
104.78747576575219  1.0235768630958262 184.7874757657522 pid4827
105.05165112551458  1.1372997544451815 185.05165112551458 pid478d
105.17734144807325  1.5842752200045596 185.17734144807326 pid47bc
105.54297286295572  0.9030048453401331 185.5429728629557 pid47c1
105.79792140542764  1.2169627103760319 185.79792140542764 pid4777
105.85493747451522  1.5649499034439407 185.85493747451522 pid47de
105.8749612199628  0.8976660189606804 185.8749612199628 pid48ce
106.10914448954783  1.1668548829975107 186.10914448954782 pid486c
106.82989443647817  0.5417719260251882 186.82989443647818 pid47ef
106.98021540863805  1.504054463357843 186.98021540863806 pid4855
107.25969853839565  0.6612651158756022 187.25969853839564 pid4893
107.47102026910464  1.104372579205753 187.47102026910466 pid48a4
107.84473248670028  1.6775123871878816 187.84473248670028 pid4799
107.99727973427106  1.6007923405862332 187.99727973427105 pid478e
108.13038684516053  1.364510616668723 188.13038684516053 pid483f
108.64630836124086  0.8617845150042351 188.64630836124087 pid4796
109.24988849383692  0.6978431551634946 189.24988849383692 pid48a9
109.28807295078923  1.205991167808059 189.28807295078923 pid48a8
109.40819327317824  1.482129533753509 189.40819327317826 pid48ab
109.43808140931039  0.8689812476722194 189.43808140931037 pid47fe
109.9691142800236  1.9130092318413725 189.9691142800236 pid4774
111.73057312367003  0.7392655170127929 191.73057312367 pid47fb
111.8863053403699  0.9018977328852571 191.88630534036992 pid47c9
111.91283134505329  0.5480647682728312 191.9128313450533 pid474a
111.9393548183743  1.9100147234778795 191.93935481837428 pid4869
112.15330815987832  1.6692595126740648 192.15330815987832 pid4830
112.1980089571842  0.6512492157711673 192.1980089571842 pid475d
112.22600422473134  1.0297810581536675 192.22600422473135 pid4840
112.93745608783108  1.0988812560691141 192.9374560878311 pid48f9
113.0580502245299  1.40109582838593 193.0580502245299 pid47a4
113.36889911980037  0.8512913313630004 193.36889911980037 pid48ff
113.70876034515625  1.3299569755452954 193.70876034515624 pid47d7
113.71589707061933  0.5295751583182164 193.71589707061935 pid47ac
114.0625484812086  1.1154815568263 194.06254848120858 pid47ca
114.60054846664397  1.8434512070077747 194.60054846664397 pid48c7
114.71487824496482  1.4628226612454416 194.71487824496484 pid475e
114.89921678268922  1.4902205902563452 194.89921678268922 pid4831
115.32271920606286  0.6060656583064536 195.32271920606286 pid4809
115.391470991449  0.5005835239738708 195.391470991449 pid47bd
115.4269542970227  1.638353225514391 195.4269542970227 pid487a
115.62898771766754  1.636660905110742 195.62898771766754 pid4775
116.1675183188335  1.6290448260662005 196.16751831883352 pid48b5
116.4015825603947  1.4131319827939781 196.4015825603947 pid4905
116.55998169528796  1.3694555193411346 196.55998169528795 pid47be
117.38526928001704  1.7640389043030256 197.38526928001704 pid488f
119.04596347231671  0.7043460205157859 199.0459634723167 pid4814
119.70257458921662  0.6653963168275216 199.70257458921662 pid4815
120.3928350192744  1.904090540903057 200.3928350192744 pid483d
120.93291130019614  1.6709160081524599 200.93291130019614 pid47c5
121.00321678449772  0.8264303446411441 201.00321678449774 pid48d7
121.91195726325681  1.6014319338354532 201.9119572632568 pid486f
121.96528589209805  1.1936679665323442 201.96528589209805 pid4784
122.00414636111725  0.9542253552273987 202.00414636111725 pid4895
122.90680325356925  1.1567402368634079 202.90680325356925 pid487d
123.09842551235252  1.292300799942245 203.09842551235252 pid47dc
123.10330049902359  1.3439539523071422 203.1033004990236 pid4756
123.33619396955356  1.1197109243928007 203.33619396955356 pid47eb
123.46479368186657  0.884695427409112 203.46479368186658 pid47dd
124.02751731438971  1.2993675338096895 204.0275173143897 pid474d
124.05090575665078  0.7086270525265117 204.05090575665076 pid47a9
124.18776988961184  1.198825232730157 204.18776988961184 pid48fd
124.46346885438481  1.6904660356827983 204.46346885438481 pid48f7
125.15988812838643  0.8422505335788968 205.15988812838643 pid4795
125.93179566831206  0.5216926291309342 205.93179566831208 pid479a
126.36078580121851  1.3247351318879061 206.36078580121853 pid4759
126.36426338866998  1.430743942548605 206.36426338867 pid477a
126.5925866692696  0.9694309576974769 206.5925866692696 pid4785
126.82711608372342  1.722721124577937 206.8271160837234 pid48c8
126.8633033723621  0.9113590587932439 206.8633033723621 pid485e
126.91828305996978  0.6303166757437312 206.91828305996978 pid47e9
127.03442254678593  1.3431493457633494 207.03442254678595 pid48f6
127.56793772108789  1.0896134493717733 207.5679377210879 pid487f
128.45280503855713  0.5400262167083208 208.45280503855713 pid4764
128.74476534945586  1.9452733614951532 208.74476534945586 pid4908
129.1419069616648  1.4801843066601474 209.1419069616648 pid48b3
129.14982472136333  0.7988734422672241 209.14982472136333 pid477d
129.25287663015976  1.675995995031816 209.25287663015976 pid483a
130.13564008421585  1.6251487894588084 210.13564008421585 pid47c6
130.7200538538497  1.8458360485577496 210.7200538538497 pid47d9
130.83128300282783  0.885210338038207 210.83128300282783 pid47f7
131.9117606267688  1.5502943279953219 211.9117606267688 pid4797
132.03064382059807  1.2189648709735388 212.03064382059807 pid47a2
132.08967083620823  1.818023352170972 212.08967083620823 pid4902
132.31208958944916  1.2126919477507903 212.31208958944916 pid4832
132.44309916880263  1.0954812627627555 212.44309916880263 pid48ed
132.67466836850483  0.6206870209510493 212.67466836850483 pid48ec
132.6879772246723  1.746018302801417 212.6879772246723 pid4858
132.98731920610925  1.2622281848983485 212.98731920610925 pid47d0
133.12606460747503  1.0563555950691712 213.12606460747503 pid4808
133.21134091603508  1.7559988062898217 213.21134091603508 pid48d9
133.48861336498547  1.3669871699317848 213.48861336498547 pid47ab
133.88891955863392  1.723982094365357 213.88891955863392 pid4767
134.0525032488278  1.8502054371136765 214.0525032488278 pid483c
134.2907103719422  1.3178258370658245 214.2907103719422 pid4763
134.45852270047953  1.3807695334040484 214.45852270047953 pid477e
134.7033512816331  1.1374395343908978 214.7033512816331 pid4806
134.73586530548772  0.9297077135297552 214.73586530548772 pid476f
135.5630135068543  0.6156576358025768 215.5630135068543 pid47b0
136.11960689568366  1.0993013767185076 216.11960689568366 pid4751
137.19975819314772  0.6992031294271237 217.19975819314772 pid4882
137.26225877337674  1.352758241670323 217.26225877337674 pid4834
137.7517105318926  1.7896731362519167 217.7517105318926 pid47b5
137.84952742899608  1.6770083779973648 217.84952742899608 pid4874
139.11110718747506  1.701058457298592 219.11110718747506 pid476a
139.24179647771993  1.1626294688905936 219.24179647771993 pid47f3
139.27104605542092  1.7779151294677125 219.27104605542092 pid485a
140.06835349953678  1.7664920979322578 220.06835349953678 pid4811
140.41141559843572  0.9540979603131869 220.41141559843572 pid47b7
140.88255342791498  1.814848724619082 220.88255342791498 pid47d2
141.03117881514316  0.8954972717624489 221.03117881514316 pid47fa
141.15466841729247  1.4958550072803631 221.15466841729247 pid4826
141.29442874013884  1.6570646222058039 221.29442874013884 pid474f
141.29987156615647  1.3076993811431679 221.29987156615647 pid4786
142.92967401781544  1.8270030041145056 222.92967401781544 pid47a1
143.58398002371916  1.5064235967039814 223.58398002371916 pid47ba
143.749945808692  1.5608756436526467 223.749945808692 pid479f
144.4449886950153  0.900683390870988 224.4449886950153 pid47d4
144.89861049171063  1.219835317528344 224.89861049171063 pid482f
145.17201298257302  0.6430251268768474 225.17201298257302 pid4906
145.27693045901813  0.7661976404660802 225.27693045901813 pid48d4
145.58007037249678  1.0256790025273925 225.58007037249678 pid4861
146.21509430738377  1.278149485314688 226.21509430738377 pid4804
146.62750320492  0.6500697197801596 226.62750320492 pid48f8
146.73582882255013  0.9109965611880129 226.73582882255013 pid47c3
146.84540663225738  1.715372542847498 226.84540663225738 pid4891
146.88442821289766  1.174728977876168 226.88442821289766 pid4848
148.39503083124595  1.2463335423567103 228.39503083124595 pid486e
148.96256503395244  1.45639770250185 228.96256503395244 pid4909
149.21161706363006  0.8774457102564386 229.21161706363006 pid4798
149.25152476792394  0.7268365867268876 229.25152476792394 pid4773
149.32802370980335  1.4922475294919693 229.32802370980335 pid4823
149.39596273759634  0.7375320104501434 229.39596273759634 pid4792
149.94207153491908  1.9089333695845565 229.94207153491908 pid48af
