0.6701872172872059  3.2398195229002567 7.14982626308772 pid4981
2.177056037763483  2.6346202279988615 7.446296493761206 pid4930
2.2277358495711175  2.8003342989733135 7.828404447517745 pid4958
2.8451897098559575  4.036862984434771 10.9189156787255 pid4a06
3.0081113076405663  2.009573588757175 7.027258485154917 pid4a7a
3.33785358707708  1.8134912058157067 6.964835998708493 pid4950
4.399195541474095  2.419731668638798 9.238658878751691 pid49db
4.412766365937157  3.2584613432261804 10.929689052389518 pid4955
4.983857382365835  1.335220287363656 7.6542979570931475 pid4a4f
5.152759811767423  4.518173175276845 14.189106162321112 pid4917
5.224617680902657  1.5648755969307837 8.354368874764225 pid4953
5.287988353399166  4.301967663004952 13.89192367940907 pid49e6
5.541053079475264  2.7643388245675573 11.069730728610379 pid4a7d
6.764044921069652  1.5901944692373076 9.944433859544267 pid49f8
6.99970097176786  3.4697728843963436 13.939246740560547 pid4a70
7.372535642872071  4.058002888750012 15.488541420372096 pid49c3
7.421996483782225  1.3715780930640498 10.165152669910324 pid49cb
7.654895562698442  3.0831225447358905 13.821140652170223 pid4a99
7.954237110833258  1.1750721648995963 10.30438144063245 pid49b3
8.253038819165912  1.119117410287822 10.491273639741557 pid4916
8.46511956811479  1.8299966511127312 12.125112870340253 pid4a77
8.936654580432027  1.8987878304318815 12.73423024129579 pid4aa7
9.088807660009397  1.0488007589160508 11.1864091778415 pid49e9
9.34796759352183  3.7118245778988923 16.771616749319612 pid4987
9.379173605405644  4.3865643263986716 18.152302258202987 pid4a63
9.705951002430954  3.037253955410465 15.780458913251884 pid4989
10.126964122448548  4.616397942244808 19.359760006938163 pid49ba
10.69983456009388  2.2188334398163807 15.137501439726641 pid4a12
11.304959181586652  3.690028025739009 18.685015233064668 pid4962
11.354780376116828  4.054957460418271 19.464695296953373 pid4996
12.35517940281251  2.6633196477752827 17.681818698363074 pid493d
12.892802585950804  3.828189177998527 20.54918094194786 pid49bf
13.703079591231589  1.6574637752371735 17.018007141705937 pid496d
14.038998804040535  4.298864158134156 22.636727120308848 pid49a3
14.153952676341088  1.8951433209640633 17.944239318269215 pid4934
14.353733103289679  1.886258463112107 18.126250029513894 pid49bd
14.440049232318318  2.3341237521171436 19.108296736552603 pid49ad
14.565560608447319  2.7727463985227185 20.111053405492754 pid494e
15.907912205531765  1.569241344312093 19.046394894155952 pid490f
16.31110149334485  3.403759663872876 23.1186208210906 pid4aab
16.394664943349866  4.538909575394996 25.47248409413986 pid4a5a
16.46143415138385  4.959706147031895 26.380846445447638 pid4a25
16.780946055677695  4.67960842184757 26.140162899372836 pid492a
17.28881116513599  2.6276396758196423 22.544090516775274 pid496e
17.5662219185056  3.3259685085816537 24.21815893566891 pid4954
18.224652880529423  4.541852988974735 27.308358858478893 pid4ab4
18.34875907313153  4.8287743752306485 28.006307823592827 pid4a24
18.61008078456923  1.0736582055010682 20.757397195571368 pid4a53
18.767374902017174  4.364009753425759 27.49539440886869 pid49ac
18.801091020021346  2.86562647425754 24.532343968536427 pid4ac5
19.063822015646934  4.722783489923488 28.50938899549391 pid4985
19.233021911212624  2.285652312970543 23.80432653715371 pid4a79
19.688561778678817  3.0422905302986605 25.77314283927614 pid4a2f
19.725509600174885  2.2312738471043243 24.188057294383533 pid4a6c
19.7912876034193  1.2795554028990006 22.3503984092173 pid49aa
20.65137227269213  3.896890656368322 28.445153585428773 pid4936
20.669707561328963  1.78039512316316 24.230497807655283 pid4a90
21.127156856699667  3.3787029007474962 27.88456265819466 pid4abb
21.209417432268147  1.89909871804156 25.00761486835127 pid4a38
21.90301444336371  4.828674152048023 31.560362747459756 pid4938
22.329084497752415  3.9975616758010375 30.32420784935449 pid4995
22.384937159955378  2.820617216276348 28.026171592508074 pid4a4a
23.537326524893743  1.3365353516433558 26.210397228180454 pid495d
23.771559495764013  3.341131391362033 30.45382227848808 pid4a27
24.03901908776582  2.4187154634518064 28.87645001466943 pid49a9
24.908264667976162  1.8890562053273046 28.68637707863077 pid49ea
25.127554578729843  3.3417191464293103 31.810992871588464 pid4a28
25.40364866193604  1.955789164992018 29.315226991920074 pid49eb
25.967306935636177  3.568899295742039 33.10510552712026 pid4a39
26.275356578952817  1.7975675256097952 29.870491630172406 pid49d5
26.336974867403853  4.3541156485402635 35.045206164484384 pid4a34
27.37000135888871  1.8571169127269243 31.08423518434256 pid4ab2
27.43489888352506  1.1624329555442507 29.759764794613563 pid49c4
27.44887029581144  2.8631389621973145 33.17514822020607 pid4aa4
27.612773008604265  1.7304595742211908 31.073692157046647 pid4929
28.760792071438722  4.769728421084649 38.300248913608016 pid49ee
29.12227386402749  3.4079504415046804 35.938174747036854 pid4975
29.681147957648136  3.3064318509766126 36.29401165960136 pid4a5d
30.31493770576573  4.069126991554443 38.45319168887461 pid4982
31.695253236064506  4.766329894626158 41.22791302531682 pid4970
31.736555189676807  2.693634793109352 37.123824775895514 pid4aa8
32.43005384164431  4.6655797555356875 41.761213352715686 pid4a20
32.580684092653954  4.2028627173138435 40.98640952728164 pid4a29
33.407830526754324  1.7912710501053035 36.990372626964934 pid4a1b
33.47013898641164  1.2384145646593612 35.946968115730364 pid4949
33.480490029302466  4.421284003667298 42.323058036637065 pid497f
33.526940588327356  3.79167004038004 41.11028066908744 pid495c
33.538774462683556  2.450543524187331 38.43986151105822 pid4ab6
33.59967292086664  3.781712442671485 41.163097806209606 pid490c
33.91604171018336  4.104544240902327 42.12513019198801 pid4abc
34.07316787507993  3.5758550543964804 41.224877983872894 pid493b
34.791362407024614  3.070014985931569 40.93139237888775 pid4a6d
34.92630256242828  1.4061426801451828 37.73858792271865 pid4a32
35.32434787975156  2.80685749142969 40.93806286261094 pid49a1
36.13594948361399  4.283831044205604 44.703611572025196 pid493e
36.7201375680571  2.7873386451367828 42.29481485833066 pid494d
37.01406382944551  1.8481183608060752 40.710300551057664 pid49a5
37.154622874434025  4.525886944335938 46.2063967631059 pid4ac7
37.47727067508726  2.1122782742497628 41.70182722358679 pid4a88
38.40991985533659  4.932751491683473 48.275422838703534 pid4957
38.58822995263276  2.848782520362829 44.285794993358415 pid4a8f
38.7703175136076  4.963835313207163 48.69798814002193 pid4a8e
38.90885788384694  4.868542225346528 48.645942334539995 pid4a35
39.051532003314634  3.002731438757715 45.05699488083006 pid4a3d
39.40521180467533  4.161518951693997 47.72824970806333 pid492d
40.230514708128545  4.84941960223461 49.92935391259776 pid4acc
40.90790496746539  2.869178740049475 46.64626244756434 pid4997
41.1078294234762  3.918081157706101 48.9439917388884 pid4a2d
42.00868327390116  2.2990850447960707 46.6068533634933 pid497c
42.23888910937923  1.1909456813934005 44.62078047216603 pid49b8
42.31118176026259  1.0806449695505411 44.47247169936367 pid4977
42.46616439068031  4.549300401983185 51.56476519464668 pid4928
42.692420611342406  3.1261243813060084 48.944669373954426 pid4a8d
43.49905969144495  4.696795962585453 52.89265161661585 pid49dc
43.90915327343521  4.118281034820701 52.14571534307661 pid4a76
44.043796274075405  4.189728000662754 52.42325227540091 pid49be
44.07957370242902  3.1097430464691898 50.299059795367405 pid492c
45.156558446838574  4.695742731023003 54.54804390888458 pid4a46
45.86891028019437  1.3698664593803702 48.60864319895511 pid4aae
46.191355864710566  2.8867250786843255 51.964806022079216 pid4a72
46.24984137026201  3.8465892987277015 53.94301996771741 pid4a0b
46.25169295978492  3.6434984857595043 53.53868993130393 pid4ac6
46.30244262875227  1.15009495917396 48.602632547100185 pid49a7
46.53135216125699  4.960774703122763 56.452901567502515 pid49f0
46.65741504864496  3.3471922124523035 53.35179947354956 pid499f
47.01396596212815  4.487497823631701 55.98896160939155 pid49c7
47.03762096035643  2.7949024838916774 52.627425928139786 pid499b
47.51180797069845  2.6722649472293245 52.8563378651571 pid493a
49.32223346499487  3.45163216065855 56.225497786311976 pid4967
49.51105474096636  3.301758216525519 56.1145711740174 pid4a45
49.87936239843445  1.891702228272261 53.662766854978976 pid49bb
50.599122493671295  2.7969104855139895 56.192943464699276 pid4a15
50.855107172333234  4.037968625789669 58.931044423912574 pid49da
51.62529638566802  2.105619591133369 55.83653556793476 pid4a82
51.88739292808538  3.8653629614079663 59.61811885090132 pid4948
52.37697118957372  3.112673032499329 58.602317254572384 pid49ae
53.971142516132055  1.9574764591157265 57.88609543436351 pid49dd
54.425154623201315  2.2811819592824425 58.9875185417662 pid4925
54.49098222840072  3.6176535501832583 61.72628932876724 pid4ac9
54.59857883600146  1.258229037767089 57.11503691153564 pid49fc
55.32018434109705  1.8000644034304982 58.92031314795804 pid4972
55.739001333632835  3.7178247166642255 63.174650766961285 pid4a14
56.3843950772842  4.335260836192619 65.05491674966945 pid4a40
56.969845126401175  2.9667150686731163 62.90327526374741 pid4a85
57.011523748532476  2.4958265625621183 62.00317687365671 pid4a73
57.268222362816296  4.208225524799511 65.68467341241532 pid49e4
57.3456481971174  1.95351851664861 61.25268523041462 pid4a65
57.66228177372283  2.3642808314114165 62.390843436545666 pid4a07
58.243708954619436  1.0944394853280985 60.432587925275634 pid4a13
58.31650467539014  2.6363843003771046 63.589273276144354 pid495b
58.3244547917489  4.136075919577104 66.59660663090311 pid4aa0
58.591698627938506  1.6278864392855388 61.847471506509585 pid4a97
58.67328574962043  1.9916600445392922 62.656605838699015 pid4a92
58.994055036343156  1.333535748862806 61.66112653406877 pid4913
59.01119101442408  2.6667462025160398 64.34468341945616 pid49b7
59.48503395789764  4.206165156553295 67.89736427100424 pid491d
59.49974018614488  2.827612884627893 65.15496595540066 pid4a49
59.96727528662812  1.4828087269037793 62.93289274043568 pid4986
60.26130229986292  4.812896194405708 69.88709468867434 pid4a31
60.34706756284029  3.692997260967626 67.73306208477554 pid49f3
61.22629683522095  4.439131187887589 70.10455921099613 pid497b
61.226345767138845  1.0464459123682297 63.31923759187531 pid4921
61.62555233694536  2.5547642583098407 66.73508085356504 pid4aa6
61.82528904915562  4.808820961489083 71.44293097213378 pid4951
61.91815884338029  2.3065948459601575 66.53134853530061 pid4945
61.99243244671902  4.342329608632731 70.67709166398448 pid498a
62.86843488239717  1.0057238210533122 64.87988252450378 pid4a60
63.22767219489033  3.353066320726362 69.93380483634306 pid4974
63.54496807766781  3.95708736586092 71.45914280938965 pid4941
63.62849792608782  4.423679540425228 72.47585700693827 pid49cd
63.692747660301386  3.218765059498939 70.13027777929926 pid4999
64.60380855176389  3.573582875690637 71.75097430314517 pid49ed
65.19287634784412  3.5962260693664896 72.3853284865771 pid4968
65.54803674243084  1.0829126219702983 67.71386198637144 pid49d0
67.45255941886941  2.6971376819840374 72.84683478283749 pid499e
68.63654528998933  2.0691454699024328 72.77483622979419 pid4a7c
69.21815068610142  2.1051083808675637 73.42836744783655 pid494a
69.90367999684045  2.8338846116404914 75.57144922012144 pid49d9
70.17401872808378  3.013252331143391 76.20052339037056 pid4a33
70.31103460750785  2.311596999323004 74.93422860615385 pid4abd
70.8891568546656  3.704222030448488 78.29760091556258 pid4963
70.98709668769541  3.846905464929763 78.68090761755494 pid4a42
71.63857769949782  4.854310219171916 81.34719813784164 pid4a09
71.71110046337624  1.857003972581662 75.42510840853956 pid4992
71.85448932642812  2.9855899397828907 77.8256692059939 pid49ec
74.586524051247  4.50393026400684 83.59438457926068 pid4a94
75.11760940483906  2.1011314238324643 79.31987225250398 pid498b
76.8735008824916  1.968530340891701 80.810561564275 pid491a
76.89587946344079  4.3265264172511495 85.5489322979431 pid49d6
77.02238256381148  2.5968052180824612 82.2159929999764 pid4a61
77.56373328133981  1.2122183469383905 79.98816997521659 pid4a64
78.12585795701682  3.905664411646538 85.9371867803099 pid4aaa
78.65498902531861  4.3178121581648305 87.29061334164828 pid491e
79.03719920612114  4.1271150909859475 87.29142938809304 pid4a96
79.57754353423707  1.3788615339206527 82.33526660207838 pid491c
79.58611150989556  2.143057821329544 83.87222715255464 pid49ef
79.88047155888611  3.9706873959705247 87.82184635082716 pid492f
80.23755015532045  3.900312249168369 88.0381746536572 pid495a
80.28027167005361  2.138639088502506 84.55754984705862 pid494b
80.45052004554141  4.2208742556008865 88.89226855674318 pid4a93
80.4833481350201  3.315511853504608 87.11437184202931 pid4a1e
80.77510484844133  4.8225354740298165 90.42017579650096 pid4947
80.95961489225093  2.257236140544551 85.47408717334002 pid4a48
81.14039172966575  4.833468589031831 90.80732890772941 pid4a67
81.95003036980525  2.9924564532167963 87.93494327623884 pid4acb
82.48894740482486  2.0146242365325864 86.51819587789002 pid499d
82.60947742730977  4.935462586042034 92.48040259939384 pid49bc
82.99558660966997  3.099940992551067 89.19546859477211 pid4aca
83.14808280390427  1.3136191346431891 85.77532107319065 pid4a80
83.35837594342334  1.0388133936493462 85.43600273072204 pid4932
84.03740889389826  1.721637500045854 87.48068389398996 pid4a30
84.04359675390444  2.1083190251800503 88.26023480426454 pid49af
84.16754192525595  1.8029436514675314 87.773429228191 pid495e
84.58940317029287  1.0971616104074022 86.78372639110768 pid4a2e
84.60462254484867  1.1019912588892091 86.80860506262708 pid4915
85.37091903126735  1.2250763394960016 87.82107171025935 pid4a5b
85.40723368224853  3.5036036297006747 92.41444094164989 pid4a7e
86.01133918911202  2.129628463655593 90.2705961164232 pid4980
87.63583765794708  3.8068122210968705 95.24946210014082 pid4aaf
87.826628254875  3.664881075977629 95.15639040683027 pid4993
88.9497049302745  3.475508490804278 95.90072191188307 pid4a00
89.71016529564142  3.194956011772951 96.10007731918732 pid49e2
90.08704877341606  3.120715746605675 96.32848026662741 pid4a83
90.896791294264  3.172577271249828 97.24194583676366 pid4a58
90.9215389371221  1.0852187575794106 93.09197645228092 pid4979
91.51916575110182  4.704115035331766 100.92739582176536 pid49e5
91.57499708714539  2.150446148449403 95.8758893840442 pid4ab1
91.70802435508607  4.454155489702657 100.61633533449138 pid4959
92.45237528028278  1.3834954022248467 95.21936608473247 pid4a21
92.65739832046779  3.697275282622656 100.0519488857131 pid4a50
92.97614234614532  4.520011118795834 102.016164583737 pid4a56
94.77021851954929  3.885763609748848 102.54174573904699 pid49cc
95.20320510969462  1.6171402931372953 98.43748569596922 pid498d
96.0320954946153  2.3742380138690247 100.78057152235336 pid49ce
96.07373065127756  4.794178412636034 105.66208747654963 pid4a55
96.29995428690172  3.923183711316731 104.14632170953519 pid4a5f
97.11047634463837  4.857758570427473 106.82599348549331 pid497a
97.48919723343427  2.2768997244428797 102.04299668232002 pid49c0
97.59185602487334  1.8734947800975426 101.33884558506843 pid49c8
98.43981025149847  1.868197943868532 102.17620613923553 pid4a3f
98.84327393885705  4.50324328800343 107.84976051486392 pid496b
98.98558346148394  2.1491260642703534 103.28383559002465 pid4a81
99.01358194238277  2.5321239424252573 104.07782982723329 pid4a6a
99.3494680874638  3.83490543621211 107.01927895988803 pid497e
99.80611105087019  1.6615323650169191 103.12917578090402 pid4ac2
99.9508723646174  4.854839828790668 109.66055202219873 pid4a41
100.00910655653205  1.3326625493414697 102.67443165521499 pid4ac4
100.25502190904544  3.2518109612590886 106.75864383156362 pid4a3a
100.54514284289834  3.577171488109559 107.69948581911746 pid4aa1
100.64129014343594  1.6110997683128554 103.86348968006165 pid49a6
101.15604598631725  4.0882355702611255 109.3325171268395 pid492b
101.87290369899179  4.45536610918825 110.78363591736829 pid49c1
101.98889892992354  2.6076681191568976 107.20423516823733 pid4a11
102.17299447407775  2.3105732152549696 106.79414090458769 pid4990
102.2315604864851  2.0081475060528766 106.24785549859085 pid4a62
102.75547539391481  3.3985576448451367 109.55259068360508 pid4a71
103.03169096307235  3.9004748437576366 110.83264065058762 pid49b2
103.22454299390382  4.709086537841857 112.64271606958754 pid4946
103.9733368568911  4.978762655190552 113.9308621672722 pid49ca
104.03385209985719  2.9757752190932933 109.98540253804377 pid4a4d
104.54094383899265  1.0422932072198727 106.62553025343239 pid4a1d
104.63631204700764  1.188833856868543 107.01397976074472 pid4abf
104.96288178211935  3.0758673915074892 111.11461656513433 pid4a0f
105.05121223722601  4.2789846749934135 113.60918158721284 pid4a04
105.33242384560813  4.4954963956657705 114.32341663693967 pid4912
105.38048513830161  2.4827093533647293 110.34590384503107 pid49b5
106.14960603451607  4.679693225824114 115.5089924861643 pid49fa
106.41672045516276  1.5969452313524437 109.61061091786765 pid4ac1
108.04308621027296  3.1620261202136573 114.36713845070028 pid4a2a
108.9922671764164  2.4472584123019265 113.88678400102026 pid4a9a
109.6516950217123  2.9936409387653953 115.63897689924309 pid4ab5
109.66801698672258  3.700587171836097 117.06919133039477 pid49f1
110.08672035563673  1.6245506805820007 113.33582171680072 pid4ab8
110.2891994351527  4.480070101736192 119.24933963862509 pid49f5
110.31402410642107  1.7441601493708951 113.80234440516287 pid49e7
111.10237479324523  3.684335303690745 118.47104540062672 pid4aa5
111.1933308280875  4.997749537473961 121.18882990303541 pid4a89
111.71536826962901  1.2607154617968779 114.23679919322277 pid4983
111.78335184062306  1.0917310217287746 113.96681388408061 pid499a
111.92237849509634  2.5452947592382795 117.0129680135729 pid4a52
111.95713181302885  1.1660837585503843 114.28929933012962 pid49ab
112.2935841507727  1.187722646469493 114.6690294437117 pid4aa3
112.59827599996939  2.5438692795112643 117.68601455899191 pid4aa9
112.67257050834593  2.8117734918819015 118.29611749210973 pid4960
113.46491655282944  1.468221176669474 116.40135890616838 pid4914
113.86165935499491  4.243918078607043 122.349495512209 pid4a57
115.1113083327503  3.720429820235028 122.55216797322035 pid49de
115.1606599610946  2.3498330340621436 119.86032602921888 pid4926
115.41098244987161  3.6511700112074084 122.71332247228642 pid4a3b
116.28127149493243  2.0418945367685093 120.36506056846945 pid4a05
116.3346037807872  4.500541635765307 125.33568705231782 pid4a66
116.46408039901084  2.569612768327897 121.60330593566664 pid493c
117.64200848935765  2.486273926449303 122.61455634225625 pid4944
117.76408229392946  3.692761974868072 125.1496062436656 pid4a44
117.90301710482846  1.045911567195533 119.99484023921953 pid4939
117.92410658941098  1.162235772561096 120.24857813453318 pid4911
118.03106885485907  2.1585754460744857 122.34821974700805 pid49b4
118.07960497118903  4.971905997950499 128.02341696709001 pid49e1
118.11179304520546  3.113618660149906 124.33903036550527 pid4abe
118.14680538941774  1.0519287476825467 120.25066288478283 pid4a51
118.5628226876912  4.018419255343435 126.59966119837807 pid49c5
118.78174523545017  3.317947042365702 125.41763932018158 pid4a4c
119.78191323860507  4.645182681440138 129.07227860148535 pid49b6
119.93315790500465  1.3064132971462432 122.54598449929713 pid4a23
120.09148316125103  4.663756370690976 129.418995902633 pid4a0c
120.24835372589132  3.7316875967708367 127.711728919433 pid4a22
120.4083946824738  4.030025285160459 128.4684452527947 pid491f
120.421374241504  3.64452459584945 127.71042343320289 pid4a3c
120.46205888972278  2.1024602234999517 124.66697933672269 pid4aba
120.70395545852436  3.9921263269454785 128.6882081124153 pid49a2
122.36519623587519  2.175307468368328 126.71581117261185 pid4971
122.72568734011065  4.776791855009622 132.2792710501299 pid4a75
122.8798994806883  1.447439883073205 125.7747792468347 pid4935
123.64652557091263  1.6477317858403078 126.94198914259324 pid4a5e
123.71647612229388  4.205859266459039 132.12819465521196 pid4a87
124.49484271979392  3.3587291157112475 131.2123009512164 pid4a3e
125.27085944249426  3.3897095599441887 132.05027856238263 pid4a91
125.52557617357435  2.253842632022719 130.03326143761979 pid49b9
125.93340557469485  3.853798310812487 133.64100219631982 pid4aac
126.36235105634009  4.226572057348927 134.81549517103795 pid498e
127.42050870972898  3.6733852786950743 134.76727926711914 pid4ab0
128.12280895101145  1.0783131286238339 130.27943520825912 pid49d7
128.30500881328507  3.65243215277944 135.60987311884395 pid4a7f
128.41165622336868  1.594497647082159 131.600651517533 pid4ac3
128.4960457464816  2.0205790825476755 132.53720391157694 pid4a02
129.00961658564336  3.326624456693057 135.66286549902946 pid4927
129.22889364379188  2.5778718346407956 134.38463731307348 pid4a6f
129.6277311027229  4.75916896100893 139.14606902474074 pid4a74
129.89828702440678  1.2481151899406409 132.39451740428805 pid4a95
130.4010348190051  2.8586765761531714 136.11838797131145 pid4991
130.57297915498896  3.2961201703145457 137.16521949561806 pid4920
132.43396934675957  4.725768694713284 141.88550673618613 pid4964
132.4605680018421  4.569130940921436 141.59882988368497 pid49d1
132.47285034501286  2.234353504171519 136.9415573533559 pid49e0
133.3547762915175  4.852771764620324 143.06031982075817 pid4a0e
135.77259309517174  3.2686004059966174 142.309793907165 pid4a69
136.20549010188145  1.1725275606734114 138.55054522322828 pid4a8b
136.23679839131105  3.0358654122078477 142.30852921572676 pid4ab3
136.9156627591821  2.6254136324864943 142.1664900241551 pid4a78
137.08546522181015  4.53892875427373 146.1633227303576 pid492e
137.186000953509  1.7480809826584727 140.68216291882595 pid4a1c
138.87196785125346  4.156291136388462 147.18455012403038 pid49cf
138.91545700998395  4.971708790763746 148.85887459151144 pid49f9
139.44659284861964  4.669118441707234 148.7848297320341 pid4a0d
139.89663713051561  1.07185934650116 142.04035582351793 pid4a9b
139.90431310995206  1.5891778334407936 143.08266877683366 pid4a7b
140.01050421794181  2.220251310251686 144.45100683844518 pid4a37
140.07788477447642  1.398558830236671 142.87500243494975 pid4ab7
140.17983998271797  3.4566782969259395 147.09319657656985 pid497d
140.39967967089896  1.9436466521839542 144.28697297526688 pid49a4
140.4586968784474  4.168677225433629 148.79605132931465 pid4937
141.15657721860723  1.5412531151358335 144.2390834488789 pid4978
141.9718213749977  2.900586148848633 147.77299367269495 pid4a5c
142.0212534761256  3.7354148446902014 149.492083165506 pid49df
142.87435939761093  2.9471466652757408 148.7686527281624 pid495f
142.96661836357018  2.6828931703799785 148.33240470433014 pid4998
143.451290465337  3.8933559778120124 151.238002420961 pid4a8a
143.47474760923527  4.062898316996215 151.6005442432277 pid4a98
143.4961059333637  2.1590169335091463 147.814139800382 pid4a9f
143.53000608132416  1.6989339018844118 146.927873885093 pid491b
144.4035135021537  3.810913346141659 152.025340194437 pid49e3
144.47099201414264  1.2491831163487674 146.96935824684016 pid49fd
145.55572908022918  2.071122335118803 149.6979737504668 pid4a16
145.58428814403092  3.204038667539795 151.9923654791105 pid4918
145.77534986980436  2.077660711780475 149.93067129336532 pid4942
145.88786960260964  2.271544875967401 150.43095935454446 pid4940
146.30259043008306  4.359518091178478 155.02162661244 pid4a84
146.72906294029633  1.0897435354087586 148.90855001111385 pid49d4
146.8328522876632  4.0258250913884766 154.88450247044017 pid4a59
146.95310539850377  4.949811282418696 156.85272796334115 pid494c
147.12208446359716  2.20788393643106 151.53785233645928 pid4a2c
147.23287025283088  3.3420553757860256 153.91698100440294 pid4a47
147.57669954717733  1.828147214424201 151.23299397602574 pid4922
147.96918607537978  3.0436724340157637 154.0565309434113 pid4a01
147.98936050182118  3.383316764480181 154.75599403078155 pid4ac8
148.78035300143407  2.902223567299074 154.58480013603221 pid4a1f
148.8491354206681  1.8350639719511976 152.5192633645705 pid4969
148.94028177983637  3.272362231744885 155.48500624332613 pid4ab9
150.26508199637206  1.2624097942916048 152.78990158495526 pid4994
150.31248429542475  4.285738683509153 158.88396166244306 pid4a68
150.55145154516745  1.9187227957300874 154.38889713662763 pid49f2
150.89746212426726  4.56598310820049 160.02942834066823 pid4a86
152.68565019193795  3.4273682882150998 159.54038676836817 pid4931
152.7449587613359  3.734485715913911 160.21393019316372 pid49c2
153.0732698743974  2.46428485135142 158.00183957710024 pid493f
153.3626016851674  2.372521578134517 158.1076448414364 pid496a
153.5611187943544  4.402818607738945 162.3667560098323 pid4aa2
153.80035629353938  4.947405942822025 163.69516817918344 pid4a9d
153.8186673623425  2.7404173916688412 159.29950214568018 pid496c
154.37456970758538  4.655650780472925 163.68587126853123 pid49d3
154.59793655608212  2.298496679245843 159.1949299145738 pid4943
154.851247409853  1.7189669086683725 158.28918122718974 pid4952
155.69957157752037  4.879690966360741 165.45895351024186 pid4a36
156.38859095049347  3.6963893739486684 163.7813696983908 pid49fb
157.06021051073876  1.0704174183777728 159.2010453474943 pid49f7
157.3896264408303  3.7865478038049845 164.96272204844027 pid4a2b
158.06865672408387  2.718078584114582 163.50481389231302 pid49e8
158.08706477416112  3.5752083316983154 165.23748143755776 pid4919
158.86713427549705  1.7132454030607769 162.29362508161861 pid4965
159.68902028247697  1.154164507887577 161.99734929825212 pid4a54
159.95886825357388  4.715701762750511 169.3902717790749 pid4ac0
160.97640071931508  3.5019573421937706 167.98031540370263 pid49d2
162.28529309447066  4.706863256507102 171.69901960748487 pid4a1a
162.51400336469203  1.735064228002805 165.98413182069763 pid49c9
162.58151041328324  2.096169332944734 166.77384907917272 pid4a17
162.7338451675064  2.4513762171586237 167.63659760182364 pid496f
162.89163881623375  1.0008647978572993 164.89336841194836 pid4a08
163.95834822858222  4.457931565356736 172.87421135929569 pid4a4b
164.48338580512404  1.4903299994795938 167.46404580408324 pid49d8
164.65022334138342  4.062796664075954 172.77581666953535 pid4acd
164.84253748463607  4.566636177973592 173.97580984058325 pid49b0
165.8236547875463  4.678410701655716 175.18047619085775 pid49a0
166.74627604024843  1.2390817052783807 169.2244394508052 pid4a0a
167.05705219531706  4.979573275840325 177.0161987469977 pid4a10
167.80431265263314  3.4960993365431277 174.7965113257194 pid4923
167.81181723396267  3.5902589400482054 174.99233511405907 pid4910
168.91029847832934  2.8778048938116707 174.66590826595268 pid4a26
169.21986880862295  1.6346441852575322 172.489157179138 pid4973
169.24208287964038  2.75311313782411 174.7483091552886 pid4988
169.7502137467355  4.3159848989872 178.3821835447099 pid4a6e
169.8486677862691  4.021857484839563 177.8923827559482 pid4a4e
170.4194474764761  1.891937124154659 174.20332172478544 pid4aad
170.71923740607582  3.582414543463523 177.88406649300288 pid498c
170.88594530758104  1.6189758856566976 174.12389707889443 pid49a8
171.4169505228928  4.6050940168670165 180.62713855662682 pid4a9e
171.6085580527804  3.94721537484629 179.502988802473 pid498f
171.61950834254637  4.988824676867697 181.59715769628176 pid4a03
171.7269488889145  2.778911661033908 177.2847722109823 pid49b1
172.60001766041648  3.0983893850874797 178.79679643059146 pid490e
172.62087261336464  1.1045199725244723 174.82991255841358 pid494f
172.79933866194068  3.485009631498337 179.76935792493737 pid4984
173.84928960782275  4.83283138815402 183.5149523841308 pid49ff
173.8790438486556  2.1745179697656525 178.2280797881869 pid4a19
174.05299544614908  3.84754592908973 181.74808730432855 pid4a8c
174.6544904499312  1.632268768725011 177.9190279873812 pid490d
175.3071366488862  4.886802946871645 185.08074254262948 pid4a43
175.78265105586433  4.743326480356667 185.26930401657768 pid4961
175.79022846118872  4.18673252131984 184.1636935038284 pid4976
176.16908940013454  4.7820365553945425 185.73316251092362 pid4933
176.67520888644432  3.342979028135005 183.36116694271433 pid4924
176.97182960256131  2.427935908604801 181.8277014197709 pid4a9c
177.01783789701986  2.8160856632528803 182.65000922352561 pid49c6
177.52891234595256  3.2478056201467997 184.02452358624618 pid4956
177.6893562432606  2.42966258782328 182.54868141890714 pid49fe
177.90895300139576  1.070762982741357 180.05047896687847 pid499c
178.03833966626866  3.1726975519374143 184.3837347701435 pid49f4
178.32377028984183  1.208915677914551 180.74160164567093 pid4a18
179.38212026820779  1.8659274079287025 183.1139750840652 pid4966
179.4108069649175  2.169522913799067 183.74985279251564 pid49f6
179.42265341815676  4.607704382875781 188.63806218390832 pid4a6b
