1.2788975593108654  2.0520436013199537 5.382984761950773 pid18ca
1.3051770775206029  0.6407606764986171 2.586698430517837 pid18c4
1.460199686979391  2.1969328936663772 5.854065474312145 pid189f
1.8932360205960341  0.7441178501774064 3.381471720950847 pid1895
1.9376399719788107  2.152459307144202 6.242558586267215 pid18e3
2.023809299424517  1.8430173991742547 5.7098440977730265 pid18ae
2.7937542992077513  2.4123949232324615 7.618544145672674 pid18d1
3.9885275823914434  2.8214509399178826 9.631429462227208 pid18b5
7.2986019699634035  1.3090610336996424 9.916724037362687 pid1876
7.610207470954733  2.9928751074974924 13.595957685949717 pid18cb
8.188785664467835  2.964957438482905 14.118700541433645 pid18f9
8.229938215301601  0.41356613850056995 9.05707049230274 pid18a0
8.652707077184763  0.8617060471352007 10.376119171455164 pid18c9
8.826557686540504  0.4910376314121628 9.80863294936483 pid18f4
8.835682038620297  2.972234981904178 14.780152002428652 pid18fb
9.227989731331188  1.0713558666686471 11.370701464668482 pid1899
9.78138708469145  2.7147672386501704 15.210921561991793 pid18d6
10.899934058244732  2.068198528496568 15.036331115237868 pid18c0
11.83518053567365  2.8888671018900043 17.612914739453657 pid18a6
12.277710069808133  1.0120668253737635 14.30184372055566 pid1898
14.465223135875904  0.42375851056667185 15.312740157009248 pid18da
15.87678643800865  1.9092517447325328 19.695289927473716 pid187c
16.456460391797023  2.643998617359966 21.744457626516954 pid18eb
17.790570427128284  2.253131988230259 22.296834403588804 pid18de
17.877992809156307  1.3910893652114051 20.660171539579117 pid1889
19.3067381273589  2.685645220248171 24.678028567855243 pid18bb
20.122009928316732  2.833889188818477 25.789788305953685 pid18b8
20.69559749288239  1.7392217056224766 24.17404090412734 pid18cc
20.86494619722361  2.5096383187701057 25.884222834763822 pid1879
21.591031782567537  2.8219474015501262 27.23492658566779 pid18ec
21.756028999836442  1.7945749015503552 25.345178802937152 pid1885
21.802111228951848  2.2842035028237015 26.370518234599253 pid18f1
22.238618001325406  1.49077705961641 25.220172120558225 pid18dc
25.146797263362608  2.3619909695873837 29.870779202537374 pid186d
26.07878634811621  0.4323177701444958 26.9434218884052 pid18a4
27.648411605768786  0.7772518053426182 29.202915216454024 pid18bf
27.98802847044063  2.8290143475403484 33.64605716552133 pid18f0
29.32510527549469  1.746331096194182 32.81776746788305 pid18f5
29.776907303457378  1.1522657194660146 32.08143874238941 pid18a7
30.269825816554796  2.6247508827981085 35.519327582151014 pid18d0
30.69554241611843  2.7408463638029814 36.17723514372439 pid189c
31.257708161270536  2.4238031583902013 36.105314478050936 pid186c
31.292041270638006  2.8250301093898726 36.94210148941775 pid1893
31.70855579808567  2.4558803364094097 36.62031647090449 pid18b7
32.07342653710936  1.627070671396392 35.32756787990215 pid187e
32.42097072434359  2.3801886804757877 37.18134808529516 pid18e4
32.56183506489213  2.9981878434157667 38.558210751723664 pid187f
33.61180471623888  1.6593623110584645 36.93052933835581 pid18a2
35.02394185911319  0.7990983057286422 36.62213847057047 pid18f2
35.45795925610848  1.9656513782159886 39.389262012540456 pid18e9
35.53835539393343  1.3268645610083785 38.192084515950185 pid1873
37.27863286097507  1.2966011241823152 39.871835109339706 pid18fa
39.222429696221475  1.2816630707321481 41.78575583768577 pid18e6
39.73274894186891  1.6185397215050852 42.96982838487908 pid18df
40.255543300456296  2.4962497079754664 45.24804271640723 pid18c1
41.14357512339569  0.7627355250406576 42.66904617347701 pid189d
42.061368300939264  2.7997288940403124 47.66082608901989 pid188f
42.42421184229502  0.8374427283914201 44.09909729907786 pid18af
42.55657650350001  1.2424527973332151 45.04148209816644 pid1881
44.04750849860062  1.6708230341849433 47.389154566970504 pid18d7
44.122838116669094  1.2803435515842874 46.68352521983767 pid18ed
44.200900233672215  2.351450305575235 48.90380084482268 pid186e
44.289322736950766  1.6294895830276293 47.54830190300602 pid18d5
44.438361533026274  0.4834908310797221 45.40534319518572 pid18d2
44.5384498072353  1.403502688905939 47.34545518504718 pid1888
44.962702828512455  1.702064114925848 48.36683105836415 pid1874
46.291579546856696  2.9266367357508023 52.1448530183583 pid189b
47.531923144106344  2.591106470903801 52.71413608591395 pid18ba
47.63810861447163  2.8900880397258772 53.41828469392339 pid18e7
48.27059235941707  1.1275339666701298 50.52566029275733 pid1894
48.88860765770608  0.7854700105867771 50.45954767887964 pid187b
49.24603282572391  0.7111603007559377 50.668353427235786 pid18bc
49.37359967815006  0.5013088148240339 50.37621730779813 pid18a1
49.712778115650444  1.8442707537789942 53.40131962320843 pid186b
50.245238021147834  1.8826196252924072 54.01047727173265 pid18be
50.25372770171741  0.8848670488273152 52.023461799372036 pid18f8
50.682551458788815  2.771623366068948 56.22579819092671 pid187a
50.83008777814523  2.706561716632592 56.24321121141041 pid1890
51.65217356191415  2.00417100694637 55.66051557580688 pid18fe
51.75619550998118  2.194970193130712 56.146135896242605 pid1896
52.30067061445849  2.778951073916761 57.85857276229201 pid1884
53.46570232257544  1.970220695905311 57.40614371438606 pid188d
53.940113568050705  2.1705511438334093 58.28121585571753 pid18db
54.07054789616982  1.6431606500618376 57.356869196293495 pid18ac
54.30721488278715  2.5354207571144753 59.3780563970161 pid1875
56.18472287500352  0.4414562275095811 57.06763533002268 pid1897
56.55363669347876  0.5815981584419567 57.71683301036267 pid18dd
56.56304911240294  0.6059610986237943 57.77497130965053 pid18c8
58.710591554452385  0.40420692286236304 59.519005400177114 pid1878
59.041735163050326  2.447463220471789 63.936661603993905 pid18e8
59.18904877242744  1.5771944779452682 62.34343772831798 pid18d8
60.689028392910146  2.8888795837608514 66.46678756043185 pid18c5
62.53428122585868  1.4259887190555651 65.38625866396981 pid1891
63.18196029549414  2.6054643236208856 68.39288894273591 pid1892
63.68589455579817  2.111562664054658 67.90901988390749 pid18cd
63.709630269283224  2.936255844087275 69.58214195745778 pid1880
63.845219715807936  1.6387116136877569 67.12264294318345 pid18cf
65.54395891488709  1.7477940212518543 69.0395469573908 pid18ad
67.39862538119745  1.8116274393349152 71.02188025986727 pid18ce
67.55826397383842  2.5515805933188815 72.66142516047618 pid18d4
69.6445727377536  1.9796140433194633 73.60380082439254 pid18d9
70.06258968626518  2.5632596536059156 75.18910899347702 pid1887
71.40561102843147  0.45164316765312434 72.30889736373771 pid18c3
73.01388780401959  1.9894825998816872 76.99285300378297 pid18a3
73.33666471147694  0.8078982379767252 74.95246118743039 pid18aa
73.54133535218487  2.495195769031684 78.53172689024824 pid18b6
73.61432202239648  1.5681979478156558 76.75071791802779 pid18a8
74.40995329462297  1.2696084614544958 76.94917021753196 pid18e5
75.14244317093157  2.4856774895221427 80.11379814997585 pid188a
76.70120720789862  2.5876474744148124 81.87650215672825 pid1870
76.9078123241142  0.5388002998327357 77.98541292377968 pid18ea
76.94401868680816  0.48715706780428647 77.91833282241674 pid18d3
76.95108895875192  1.5055803412621587 79.96224964127624 pid1877
77.77116298460834  1.8981977105517038 81.56755840571175 pid1886
78.0353925904855  2.059964808597903 82.15532220768131 pid18c6
78.35763368788157  1.8348857809352812 82.02740524975214 pid18a5
78.41056380279156  2.9900478080051838 84.39065941880193 pid18ff
79.64785513911332  1.261720539599542 82.1712962183124 pid18ab
79.95911721847276  0.868102273435493 81.69532176534373 pid1871
80.49014147968126  2.151521348191194 84.79318417606365 pid18c2
81.41130890419164  2.5918886310997844 86.59508616639121 pid18e1
81.67755646507521  1.314535525269529 84.30662751561427 pid18e2
82.00096360813617  2.2004492465114915 86.40186210115915 pid186a
82.44392960965958  1.1515052147344658 84.7469400391285 pid189e
84.33656419268914  0.6450092829975939 85.62658275868432 pid186f
84.44241720413241  2.3052643709082847 89.05294594594898 pid188c
84.7201658508146  0.6581160694320418 86.03639798967868 pid18e0
84.80898075111986  0.6514874554451957 86.11195566201025 pid189a
85.40393383384314  2.6847837394406664 90.77350131272448 pid1872
87.19752355644985  2.883098097137835 92.96371975072552 pid188b
88.77539831361106  2.6565315065240465 94.08846132665916 pid18b4
89.02308407862708  1.7458274723947742 92.51473902341662 pid18ef
89.91612050051057  0.45517527498868565 90.82647105048794 pid18fc
90.4564964116451  2.1280622964483924 94.71262100454189 pid18f6
90.78384360150959  0.7911258954010671 92.36609539231172 pid18b2
91.18891946709334  0.4091483039874157 92.00721607506817 pid18b0
91.24265318875835  2.1012455665850656 95.44514432192848 pid18bd
91.9113231147091  1.6340478390674904 95.17941879284409 pid18f7
92.39012254118938  0.7243087711720648 93.83874008353351 pid18a9
92.57184053016975  1.2558709497737688 95.0835824297173 pid18b1
93.19206887112723  2.5284589742986037 98.24898681972444 pid1882
93.53715008911648  1.5795571619238902 96.69626441296425 pid18b9
94.58127621909526  1.4734981039040531 97.52827242690337 pid18b3
94.91964459880106  1.1418828463531945 97.20341029150745 pid18ee
95.05559322784994  2.7686605030465996 100.59291423394313 pid188e
96.44169856472298  0.9552649381073005 98.35222844093758 pid187d
97.81179035257284  0.8237390208212433 99.45926839421533 pid1883
98.63073243948371  1.8446865524893932 102.32010554446249 pid18fd
98.64990932691423  2.2996578172629567 103.24922496144013 pid18f3
99.74734535546615  2.9935966243414236 105.734538604149 pid18c7
