0.06722157864207379  1.709521423811117 80.06722157864208 pid29dd
1.060793150896544  1.9963772231255823 81.06079315089654 pid2a37
2.081934609841812  0.6119925584332631 82.08193460984181 pid2b0d
2.1714908729298212  1.7274621848916136 82.17149087292982 pid2a05
2.21124963546751  1.3051516588721404 82.21124963546751 pid2991
3.5400433881088658  0.6226489556649114 83.54004338810887 pid2aac
3.918062488449819  1.5785599164152702 83.91806248844982 pid29e4
4.265663748326348  0.5930099579625046 84.26566374832635 pid2ad8
4.797836812689976  1.840002664778339 84.79783681268998 pid2a9f
5.110067832720877  1.464674587145532 85.11006783272087 pid2a65
5.349055416839887  1.2292501578084354 85.34905541683989 pid2a35
5.446660408756338  0.8393263393474082 85.44666040875634 pid2a57
6.679566570742179  1.8654944010674603 86.67956657074218 pid2985
6.687914473389239  0.5092490111841717 86.68791447338924 pid296d
6.697236957057534  1.0133375803449305 86.69723695705753 pid2ac5
7.121082659726319  1.1417414111971236 87.12108265972631 pid29af
7.238099100182499  1.6131495621504148 87.2380991001825 pid2a4b
8.111034535998506  1.0732046341584014 88.1110345359985 pid29ee
8.254781457471633  1.1717597169313752 88.25478145747164 pid2a04
8.340430782266257  1.486675786602861 88.34043078226625 pid2aa7
8.793309749586548  1.883442831790143 88.79330974958654 pid2b29
8.890895072424481  1.0003710360033242 88.89089507242448 pid29b4
9.029353385891131  0.6797236133892022 89.02935338589113 pid2a93
9.489036431902193  0.9233380394088644 89.48903643190219 pid299a
9.57050911740383  0.9319032043584854 89.57050911740383 pid2acc
9.676534392076148  1.5110221763357194 89.67653439207615 pid2997
10.171909030752074  0.8150995607367079 90.17190903075208 pid2a86
10.578446265704777  0.9724195848580728 90.57844626570477 pid29c4
10.839571300882634  1.905941265533174 90.83957130088264 pid29d0
10.86386382438248  1.225199750728201 90.86386382438248 pid2a71
11.040778801343048  1.1986093910690176 91.04077880134305 pid2a7f
11.236593456736404  1.4862426435849816 91.2365934567364 pid29e8
11.333558955448881  1.5227875841828935 91.33355895544888 pid2a73
11.467886621086281  1.9944392928882753 91.46788662108628 pid2ac9
11.548659796960198  0.7451147441273084 91.5486597969602 pid2a41
12.316209247866599  1.079149221070749 92.3162092478666 pid2999
12.660229485653318  1.371338862759092 92.66022948565332 pid297c
13.109040710752035  1.1303885535518403 93.10904071075204 pid299d
13.617279467945147  1.8343768370222846 93.61727946794515 pid2a8a
13.711579226083142  1.4939489751485526 93.71157922608315 pid2a7e
13.830948456134024  1.4840077408312011 93.83094845613402 pid2a92
13.91650397085304  0.7844781632168774 93.91650397085304 pid29b9
14.138891951557058  1.2555626496793681 94.13889195155706 pid2a5a
15.204771491267339  1.902322279699011 95.20477149126734 pid2afc
15.231863404139862  0.7988403371730772 95.23186340413986 pid2aa4
15.542264204926838  0.5304939031927218 95.54226420492684 pid296a
16.088227263380045  1.0912610657255386 96.08822726338005 pid29fa
16.248787853113427  1.4942404157358833 96.24878785311343 pid2a44
16.28149925988588  0.7868174390313225 96.28149925988588 pid2a0a
16.683897609978793  1.0852514938050706 96.6838976099788 pid2a99
17.12624772545202  1.1436933527505426 97.12624772545202 pid297e
17.344345715079946  1.715257776600549 97.34434571507995 pid2b1f
17.72350919031766  1.752765032520521 97.72350919031766 pid2a6a
17.732643571673247  1.456343497238191 97.73264357167325 pid2a8f
17.73651019824895  1.6559949697868714 97.73651019824895 pid29b5
17.915343385031434  1.667078796691015 97.91534338503143 pid2aea
18.2020686935162  1.213869599324736 98.2020686935162 pid2a13
18.436636815328526  1.0051599618257996 98.43663681532853 pid2a52
18.689155312424855  1.251401467750325 98.68915531242486 pid2a49
19.16752220933674  0.8077916024034729 99.16752220933674 pid2a7c
20.14952975052885  1.3156432130880495 100.14952975052884 pid29c1
20.22674449374836  1.6368392328349435 100.22674449374836 pid29da
22.25419340782683  1.096989764246361 102.25419340782683 pid29f7
22.52669648134875  1.720378932572087 102.52669648134875 pid2a77
22.741642061842942  1.6156701283215553 102.74164206184294 pid2a85
23.188632294639795  1.5283450627903412 103.1886322946398 pid2aab
23.203544967256484  0.5180804526852396 103.20354496725648 pid2aff
23.597224778657434  1.573993643164968 103.59722477865743 pid2b12
23.722922954675735  1.3909955396131277 103.72292295467574 pid2b19
23.84470843027381  1.574573175031036 103.84470843027381 pid29e7
24.452395399425104  0.779577394024725 104.4523953994251 pid29ea
24.628786318886576  1.993202798676197 104.62878631888657 pid2aa0
25.194684316825754  1.1094267738578738 105.19468431682576 pid2ab8
25.51488008702482  0.517274906165599 105.51488008702482 pid2aec
25.5710592250108  0.9404397806138969 105.5710592250108 pid2ae3
25.65362025105206  1.1469756721562536 105.65362025105206 pid2977
25.7705952947559  1.0665418722481486 105.7705952947559 pid29ae
26.16084890132547  1.4143707773139758 106.16084890132547 pid29ad
26.392758741186135  1.9848166548496748 106.39275874118613 pid29e3
26.63404832787163  1.1678056354073838 106.63404832787162 pid2a0b
26.701661287750273  1.7257502340091158 106.70166128775027 pid2b1a
27.705901354041767  1.6229247180124386 107.70590135404177 pid29e5
27.862534930093812  0.5712097116626312 107.86253493009382 pid29b6
28.761944853974846  1.4886840222246474 108.76194485397485 pid297a
29.46326437211652  0.8209968363348688 109.46326437211653 pid2afd
30.182047231820558  1.58259105621915 110.18204723182056 pid2a56
31.226962480398463  1.746243346465987 111.22696248039847 pid297f
31.277101240040352  1.6751372074968742 111.27710124004035 pid2af1
31.297980889251935  0.8901437255507016 111.29798088925193 pid2a87
31.676721460296402  0.582123876668924 111.6767214602964 pid2a36
31.976869725657043  1.7509719059574747 111.97686972565704 pid2ab5
32.92926203934519  1.7643982285856448 112.92926203934519 pid2ad9
33.68687245808772  1.1147475890031335 113.68687245808772 pid2b0b
33.786454766117515  1.5548208063593942 113.78645476611752 pid2aa9
33.83552894764799  1.7576674162712178 113.83552894764799 pid2989
33.87960944618244  0.7871045744562618 113.87960944618244 pid2a88
33.99452040366766  1.5042140714340912 113.99452040366765 pid2b03
34.09857923842555  1.7212509585212261 114.09857923842554 pid2a08
34.27721012622722  0.5103435708877044 114.27721012622722 pid29c0
34.331295163506056  1.4226008350376587 114.33129516350606 pid2ae5
34.33138782773665  1.9081253834581016 114.33138782773665 pid2a64
35.49937672501217  0.6198463141264887 115.49937672501217 pid2af7
35.843078673464746  1.3216349838018866 115.84307867346475 pid2ad4
36.00481537811414  1.9335401817119384 116.00481537811413 pid299f
36.71194383178341  0.5234608438778388 116.7119438317834 pid2a31
36.98979197651097  1.6475180631742095 116.98979197651097 pid2ae6
37.537978475237225  1.2056758594572266 117.53797847523722 pid2a09
37.70688270879579  0.9630396014569693 117.70688270879579 pid29cc
38.353725599838604  1.3847519727016875 118.35372559983861 pid2aba
39.061442996619654  1.7144655196193304 119.06144299661966 pid29ed
39.065707640396155  1.8152915991508825 119.06570764039616 pid29ce
39.5692836726919  1.4211101521711054 119.56928367269191 pid2969
40.306924948246575  0.5780971072440269 120.30692494824658 pid2a1a
40.41572888778797  1.0604445262650193 120.41572888778796 pid2af0
40.43448142421383  0.9114468033779299 120.43448142421383 pid2a3b
41.09856669809236  0.7668563832784724 121.09856669809236 pid2a79
41.51461234710977  1.4132643719163835 121.51461234710976 pid2a80
41.63359823601846  0.5632048196925071 121.63359823601846 pid2998
41.81330654878217  1.2873865468834242 121.81330654878218 pid2a68
42.208851058960605  0.7108174044988904 122.2088510589606 pid2a62
42.5740990201264  1.6656313836846153 122.5740990201264 pid2afa
42.57592535218623  0.7982437871270744 122.57592535218623 pid2a58
42.64724227824559  1.2457736711241971 122.64724227824559 pid2aae
43.43648622001315  0.7928021001025458 123.43648622001315 pid2ad5
43.45488985699574  0.7060672791706601 123.45488985699575 pid2b26
43.59259709545569  1.2337195647377213 123.59259709545569 pid29f5
43.59653908823177  1.5473126423106414 123.59653908823176 pid29e6
43.93215265172052  1.1128079666901558 123.93215265172051 pid29a7
43.97759962026932  0.7761584653641771 123.97759962026932 pid29de
44.64208731584047  0.6247668154573931 124.64208731584047 pid2a03
45.02617029624273  0.5832664209945826 125.02617029624273 pid2a9d
45.067113945300605  1.8127671834061705 125.0671139453006 pid2a2d
45.22042292155604  1.2295773753716075 125.22042292155604 pid2af6
45.45715664934748  1.556987019669578 125.45715664934748 pid299e
45.91777285992431  1.2098799270193863 125.91777285992431 pid29a2
46.60031080114469  1.018072758724942 126.60031080114469 pid2a5b
46.62305028359191  1.7076456208398483 126.62305028359191 pid2980
47.51130166920955  1.3155699963595975 127.51130166920956 pid2972
47.75741664178322  1.7968960448210654 127.75741664178322 pid2996
48.298770130683806  1.6482826816205387 128.2987701306838 pid2a16
48.45682366138934  1.1306327646936496 128.45682366138934 pid2abb
49.065441379253905  1.509107666812107 129.0654413792539 pid2b0f
49.16811118806342  1.333311069247861 129.16811118806342 pid2a4d
49.195219319521456  1.8623166521254675 129.19521931952147 pid2a67
49.34254940325936  1.8075379657437618 129.34254940325937 pid2a6f
49.78999846449457  1.088575851568233 129.78999846449457 pid2a19
50.013598398023575  1.603216880375402 130.0135983980236 pid2a24
50.20376786301561  1.1370969181828028 130.2037678630156 pid2a9b
50.439758322026506  1.6454469892256536 130.4397583220265 pid2ac8
50.74578677270449  1.0394368437363215 130.7457867727045 pid2b23
51.16531032655911  1.0558126960497178 131.1653103265591 pid2a10
51.56318408410107  1.6590658445310065 131.56318408410107 pid2ac4
51.8080923854932  1.0522867417949735 131.80809238549318 pid2ab1
51.8500212456374  1.528024815822759 131.8500212456374 pid2a70
51.90730721831589  0.9309407148526587 131.9073072183159 pid29a0
51.9381194567544  1.010329450482761 131.9381194567544 pid2a1d
52.43210183441893  1.506830034180794 132.43210183441892 pid2a29
52.845467176297404  1.4188415318988814 132.8454671762974 pid2a06
53.32304511394016  1.4068450220685833 133.32304511394017 pid29f0
53.34312107067333  0.6358908328292022 133.34312107067333 pid29ac
53.76643812596905  0.5124097305123915 133.76643812596905 pid2afe
53.95492607534079  0.6850396733057249 133.95492607534078 pid2ad6
54.884078584929775  1.653345158020044 134.88407858492977 pid2a45
54.90475925508826  1.8694648322927652 134.90475925508827 pid2a66
55.02216394362392  1.6492530967580041 135.02216394362392 pid298d
55.51906726462909  0.7322192450959875 135.5190672646291 pid2a33
55.623225479605374  1.3721694594171807 135.62322547960537 pid2a72
55.81112467385385  0.5541021662824581 135.81112467385384 pid296c
56.531832079094585  1.4683224993103068 136.53183207909458 pid2a3a
56.627611583110976  1.265947292770961 136.627611583111 pid2b01
56.77434390894472  1.0232753289090413 136.77434390894473 pid298e
56.94373681139814  1.1286903588100627 136.94373681139814 pid2abc
56.99735564194196  0.9003984194210698 136.99735564194197 pid2aa3
57.028487648215474  1.6584720830353241 137.02848764821547 pid2970
57.34935171722745  0.9139627252383911 137.34935171722745 pid2ae1
57.46896592331787  0.8445428822197907 137.46896592331785 pid2a98
57.61512549487251  0.6235188023326796 137.6151254948725 pid2ac7
57.69540804635696  0.5247342375299431 137.69540804635696 pid29e9
58.00781247386141  1.9039524716269058 138.0078124738614 pid29db
58.61821089930273  0.7151921082207697 138.61821089930274 pid2b00
58.83817847878311  1.7166127504519966 138.8381784787831 pid2a20
59.148781716360894  0.6468041945018767 139.1487817163609 pid2a8b
59.35687136731841  1.7208284821079962 139.3568713673184 pid2a60
59.70076599156676  0.7880636526624198 139.70076599156675 pid299c
60.31219269881139  1.0974434932826234 140.31219269881137 pid29d1
60.957360670928566  0.7119036464427249 140.95736067092855 pid2b09
61.0937032937966  1.794740932975063 141.0937032937966 pid2af8
61.523150630259586  0.8684900329144208 141.52315063025958 pid2993
61.84175247843389  1.192382606373876 141.84175247843388 pid29dc
61.919505495569304  0.8904268087506038 141.9195054955693 pid2ad2
62.33536774531743  1.7950424451302687 142.33536774531743 pid2ac1
62.37950691753628  1.7673459886285774 142.37950691753628 pid2979
62.78238358199606  0.9706402612353358 142.78238358199604 pid2adc
63.307419014085916  1.9181235804071535 143.30741901408592 pid29d5
63.38153509957825  0.8747178080611854 143.38153509957826 pid29d3
64.1110822548198  0.6531197340524033 144.1110822548198 pid29e0
64.40696804305848  0.6531194266629877 144.4069680430585 pid29f1
64.70472434217349  1.8262442926306712 144.7047243421735 pid2a40
65.71809113304734  1.3415359613409532 145.71809113304732 pid298c
66.29517679679121  0.9217007437436757 146.29517679679122 pid29b3
66.72384745053773  1.2967570971106743 146.72384745053773 pid29e1
67.1179619848838  1.6065602253604463 147.1179619848838 pid2a51
67.31293077244064  1.0343355327981556 147.31293077244064 pid29c5
67.443029300584  0.8289947721921929 147.443029300584 pid2a90
68.2265913054123  1.5153150767955856 148.22659130541228 pid2a8e
68.56842429569474  0.6317309216633928 148.56842429569474 pid2a1f
68.69903470800635  1.6282048577791464 148.69903470800637 pid29cf
70.3348145657796  1.4070062239979335 150.3348145657796 pid29eb
70.38271302207193  0.6196009794759274 150.38271302207193 pid29fc
70.40413612254646  1.9766168004541727 150.40413612254645 pid29f3
70.47818017606795  1.236646026527409 150.47818017606795 pid2afb
70.54119865408792  1.2368958132368448 150.5411986540879 pid2a50
70.67364525046249  1.8116800848778043 150.67364525046247 pid2a4e
70.86345977234183  1.9548400179217178 150.86345977234183 pid2b11
71.46021191596182  0.5655920682143262 151.46021191596182 pid29d9
72.16392310111479  0.6805015150026072 152.1639231011148 pid2aad
72.48339535980013  1.4479623870850453 152.4833953598001 pid29d8
72.8613373749657  1.7421848904883863 152.8613373749657 pid2ab9
73.2052424214252  1.9153777772745741 153.2052424214252 pid2ab7
73.71530776076864  1.8152661612744478 153.71530776076864 pid2b0e
73.7478343822939  1.3056551553033597 153.7478343822939 pid2a69
74.57544571106158  1.3119932881027296 154.57544571106158 pid2b15
74.65228197066297  0.8551415705229446 154.65228197066295 pid29f6
74.68692667319704  1.0348360085718662 154.68692667319704 pid29a6
75.06073939094813  0.5280046494657074 155.06073939094813 pid2ad7
75.56440018831745  1.4187956389564975 155.56440018831745 pid2b24
75.69230388119426  0.8274714479168577 155.69230388119428 pid2a38
75.83518356396897  1.4477885876868262 155.83518356396897 pid2aeb
76.02852623983128  1.1865296071626021 156.02852623983128 pid2aa1
76.42189457001473  1.8337977680859145 156.42189457001473 pid29ef
76.92824408016025  1.5101129651559138 156.92824408016025 pid2a6e
77.09578770190377  1.0924005421765703 157.09578770190376 pid2ad1
77.1243294497873  0.9974540521701574 157.1243294497873 pid2b06
77.3957313179168  1.194957799733389 157.39573131791678 pid2a5d
77.84675278078409  0.647814494048887 157.84675278078407 pid29c2
77.91846065381901  0.7279679672128496 157.918460653819 pid2a7a
78.58756495360853  1.6803408106425495 158.58756495360853 pid2aaa
78.6944610186271  1.0305933928690498 158.6944610186271 pid2b10
78.80773095264158  1.1674946667341515 158.80773095264158 pid2b21
80.20650496913511  0.5766694322611098 160.2065049691351 pid2a2b
80.26375826409529  1.955317681275048 160.2637582640953 pid29b0
80.64273410153477  1.820007367666143 160.64273410153476 pid2a46
81.048174013288  1.598317732804187 161.04817401328802 pid2a78
81.324548848078  1.395777724481007 161.324548848078 pid2b16
81.99172920621989  1.8573652776227854 161.99172920621987 pid29fe
82.33369521524828  0.5614833691129117 162.33369521524827 pid296f
82.72892473085142  1.0769030640856 162.72892473085142 pid2ae9
82.7527036802402  0.6003769621695683 162.7527036802402 pid29a4
83.75498573043099  1.6990457440146383 163.75498573043097 pid2a8c
84.58494438235397  0.5480562853956619 164.58494438235397 pid2a61
84.72631008545213  1.1179050240518196 164.72631008545213 pid29ab
84.96039258593824  1.9663215307305886 164.96039258593822 pid2af5
85.13286916103829  1.3875113539948194 165.1328691610383 pid29ff
86.40540403755378  0.9297100335602956 166.40540403755378 pid29aa
87.81807018591502  1.5865966260481805 167.81807018591502 pid2a43
88.14956857630229  0.6853510596197362 168.14956857630227 pid2b18
88.18646674034163  1.492096845351426 168.18646674034164 pid2ae7
88.53994688089111  1.5649410081351507 168.5399468808911 pid2ad0
88.78239878198404  0.8780696323603667 168.78239878198406 pid2b17
89.55559270916996  1.3902049651380837 169.55559270916996 pid2acf
89.97320100017079  0.7815313230775183 169.97320100017077 pid2973
90.43735442548899  1.7784234238554737 170.437354425489 pid29c8
90.50117741827998  0.95829692158928 170.50117741827998 pid2a9e
91.37278932886993  1.1941942409112047 171.37278932886994 pid2a27
91.7949509708601  0.6498801926590136 171.7949509708601 pid2a82
91.81869525193423  0.6463100718717868 171.81869525193423 pid29ec
91.94220298641841  1.9044514117900448 171.9422029864184 pid29a8
92.14319553932367  1.4603256833607179 172.14319553932367 pid2a9c
92.18468792993  1.3590107375825444 172.18468792993002 pid2a28
93.35063882780605  1.3270070806537837 173.35063882780605 pid2b13
93.94822237179821  1.9212480051902598 173.9482223717982 pid29f9
94.04317937657805  1.040396673463718 174.04317937657805 pid29cb
94.16903842152854  0.9893924938484248 174.16903842152854 pid29a5
94.55035670308553  0.6885698385491505 174.55035670308553 pid29c6
94.86340811471644  0.7741858209219439 174.86340811471644 pid2a96
95.82696037776037  1.5386329774493765 175.82696037776037 pid2a02
96.10080346946631  1.2278125906370936 176.1008034694663 pid2aaf
96.15591622228978  0.9000631544992538 176.15591622228976 pid2a2f
97.01389030819489  0.8029274302287454 177.0138903081949 pid2b02
97.43616009177723  1.9471211104368136 177.43616009177723 pid2ae8
97.44961497908008  1.5918259964571635 177.44961497908008 pid2a25
97.62733696789486  1.986006183326324 177.62733696789485 pid2a95
97.81880259910196  1.906843679029463 177.81880259910196 pid2a75
98.28350042265028  1.9498123242147596 178.28350042265026 pid2986
98.43555955057181  1.070655838288228 178.4355595505718 pid298f
98.52951388232  0.5839149596480653 178.52951388232 pid2a3e
98.95680019243846  1.3971715630575987 178.95680019243846 pid2a83
99.2628840806575  1.400204958006045 179.2628840806575 pid2aa6
99.39198564493562  1.3930509808952807 179.39198564493563 pid2a2c
99.49193289046633  1.6131511537436394 179.49193289046633 pid2971
99.8573466613134  1.127940368379531 179.8573466613134 pid29d6
100.81216620962978  0.8201561783691231 180.81216620962977 pid2b08
101.40184791035287  0.5469591191873807 181.40184791035287 pid2a22
101.44251182395877  1.9076557495300261 181.44251182395877 pid2994
101.57817688762657  1.9165481773948314 181.57817688762657 pid2a4f
101.63671746072218  1.522027943640036 181.6367174607222 pid2a84
101.7464990711393  1.6291798345554132 181.74649907113928 pid2a48
102.04541398406107  0.5628685454280735 182.04541398406107 pid2a21
102.622398741366  0.8709092178587157 182.622398741366 pid2b25
103.0456227528032  1.9055188628613615 183.04562275280318 pid2a3f
103.69104187765201  0.758555066639093 183.69104187765203 pid2a53
104.08504759698333  1.7524865050289697 184.08504759698332 pid2976
104.87508177187348  1.6517669245397326 184.87508177187348 pid2a32
105.37482976643416  1.6799085147619799 185.37482976643417 pid2a3c
105.6078018654374  1.9197435232133362 185.6078018654374 pid2a01
105.66606910302778  1.0975054737945156 185.66606910302778 pid29be
105.75671043985298  1.3901164950477405 185.75671043985298 pid2995
105.77642958317989  1.2701507197968587 185.7764295831799 pid2b1c
106.15721199862637  1.2993838087963454 186.15721199862637 pid296e
106.55536499492432  1.8063841471079494 186.55536499492433 pid29d2
107.75034490826863  1.3865141893333548 187.75034490826863 pid298a
107.76283367915991  0.6400891782958835 187.7628336791599 pid2a9a
107.92445991482334  1.792749900970846 187.92445991482333 pid296b
108.64209565748143  1.4258172481300069 188.64209565748143 pid2a30
108.83957048751299  1.8300110547019122 188.839570487513 pid2a74
108.84086353779844  0.5958236857637931 188.84086353779844 pid2b0a
108.8497899741133  1.1649323647118919 188.84978997411332 pid2ada
108.85245399455327  0.8442795186421737 188.8524539945533 pid2a54
109.47474474262131  0.9474293969574457 189.4747447426213 pid2a97
109.57705487899018  1.233408136563493 189.57705487899017 pid2a0e
109.70768601604496  1.1813301530257747 189.70768601604496 pid2988
110.00569163775342  1.2011781417552205 190.00569163775342 pid2a1b
110.34053670290746  0.5298806434955481 190.34053670290746 pid2a59
110.4012637624985  1.2097728624904487 190.4012637624985 pid2abd
111.17337308944394  1.4344337457633787 191.17337308944394 pid2a0f
111.36602642394745  0.8404628964565932 191.36602642394746 pid2b05
111.59871053726721  0.6198690675466123 191.5987105372672 pid2ab6
111.76928817981641  0.832285517511385 191.7692881798164 pid2ab0
111.8239383560385  1.2295317348721122 191.8239383560385 pid2a47
112.40711890251622  0.8701310296252908 192.40711890251623 pid2af9
112.75119680348635  1.372483213767081 192.75119680348635 pid2b14
113.03283297090616  1.7619858261757637 193.03283297090616 pid29c9
113.23559478650964  1.70377771619549 193.23559478650964 pid29bb
113.74560737245436  1.792307965438737 193.74560737245434 pid2b20
114.01582048920045  1.230941168262427 194.01582048920045 pid2ab3
114.31746145369335  0.5725189359001209 194.31746145369334 pid2a5e
114.60655850739775  1.3981054233856152 194.60655850739775 pid29a3
114.68031440415712  1.686464246432609 194.68031440415712 pid2af2
115.04085701832587  1.4503512144960662 195.04085701832588 pid2a2e
115.43101214045  1.4147214535157415 195.43101214044998 pid29a9
115.44838202861142  1.0998508706511352 195.44838202861143 pid2a5c
115.89895597669975  1.76431353800929 195.89895597669977 pid2a0d
116.16842304497973  1.438301711771079 196.16842304497973 pid2981
116.19286726020617  0.8841811369837966 196.19286726020619 pid2a42
116.46098086018422  0.8204948301064658 196.46098086018424 pid2b27
116.56855153279717  0.7989212966812447 196.5685515327972 pid2ac0
117.32009948524353  1.9587505837420964 197.32009948524353 pid2aa2
117.6873639755605  1.7463306749033811 197.68736397556052 pid29d4
117.72250846907235  0.8792093783504871 197.72250846907235 pid2a12
118.03548381138779  0.9430820087526809 198.0354838113878 pid2a6c
118.80691767742147  1.2261201960543324 198.80691767742147 pid2a2a
118.97706946194143  1.788831583479554 198.97706946194143 pid29f4
119.63929830475779  1.5333565472879471 199.6392983047578 pid2a91
119.94286209448455  0.7673285755123567 199.94286209448455 pid2a11
120.00318426910817  1.2834691881791906 200.00318426910817 pid2a14
120.32347291945256  0.5421934873864778 200.32347291945257 pid2ab2
120.32658591435879  1.1357062594432639 200.3265859143588 pid29bc
121.12037084872149  0.7972644985536469 201.1203708487215 pid297d
121.26463410660716  0.5377338239395737 201.26463410660716 pid2a81
121.34634975090201  1.8529340556218759 201.346349750902 pid2a18
121.49107136022718  1.464953218329554 201.49107136022718 pid2a39
121.59261853923381  1.9515281572126115 201.5926185392338 pid2aa8
121.82146159239672  1.0858366213775623 201.8214615923967 pid29b2
122.36402644234187  0.9783597232270305 202.36402644234187 pid2a0c
123.24116108759013  1.6310749661664448 203.24116108759011 pid2b04
123.41414605038263  1.5986508722209052 203.4141460503826 pid2a76
123.64929758246254  1.0370671656387809 203.64929758246254 pid2aef
123.79440496919442  1.0700126069540223 203.79440496919443 pid2a34
124.4418308469434  0.9647342840139729 204.4418308469434 pid2af4
124.78261216799102  1.1462068453845733 204.78261216799103 pid2982
126.20865937012142  1.287639303674595 206.20865937012144 pid2af3
126.21188535990939  0.6358312621836892 206.2118853599094 pid2984
127.72813347422657  0.6136580375289602 207.72813347422658 pid29cd
127.73976382575272  1.4129025436223404 207.73976382575273 pid2a07
127.78405221367906  0.535896467952655 207.78405221367905 pid2a5f
128.080574027205  1.2839114708763424 208.080574027205 pid2a00
128.10817339154602  0.9893032765866283 208.10817339154602 pid29e2
128.3018744067939  0.9542868843756458 208.3018744067939 pid2a26
128.4909909613215  1.2284572626794186 208.4909909613215 pid2adf
128.58018376779575  0.8208015533187699 208.58018376779575 pid2a4a
128.89665803549119  0.5713867543984052 208.89665803549119 pid298b
129.22178292005597  1.2234346053696012 209.22178292005597 pid29b8
129.29303718457248  1.7184845674617653 209.29303718457248 pid29bd
129.57775444695056  1.3317693940164612 209.57775444695056 pid2aee
129.58117656643634  1.8354568576188286 209.58117656643634 pid2a8d
129.67044351791483  0.9199764647234091 209.67044351791483 pid2aed
129.88345903888987  1.3707002939358357 209.88345903888987 pid29fd
130.2554185179154  1.8812628166246506 210.2554185179154 pid29f2
130.60582113962238  1.1341369863094832 210.60582113962238 pid2a1c
130.7105182437837  1.0389386629863921 210.7105182437837 pid2b1d
130.86165594479488  1.000791395733631 210.86165594479488 pid2a89
131.05925483344018  1.155263545275281 211.05925483344018 pid2aa5
131.57071371823895  1.3920638639157468 211.57071371823895 pid29bf
131.5958518779518  1.5682720189320858 211.5958518779518 pid2acd
131.71806334074444  0.7645336675905026 211.71806334074444 pid2968
132.68286941690843  0.7618148760531455 212.68286941690843 pid2992
132.85958061239725  1.3996994161884129 212.85958061239725 pid2a3d
133.10146114951684  1.8589844668728865 213.10146114951684 pid2a7d
133.1085940382298  0.8801398485948462 213.1085940382298 pid2a7b
133.32765674643457  1.1528301587215968 213.32765674643457 pid2add
133.45277262283145  0.8265512190654574 213.45277262283145 pid2adb
133.90736513681216  1.4185333191089877 213.90736513681216 pid2ae2
134.67910205157418  1.430942635124853 214.67910205157418 pid29c3
134.87251469081417  1.4466645652248673 214.87251469081417 pid2ad3
134.8825618020132  1.3641661939391367 214.8825618020132 pid2a23
135.79067945385762  0.6966898344510191 215.79067945385762 pid29b1
136.00283481361933  0.6373260411468474 216.00283481361933 pid2a4c
136.22126845921127  1.316977395840702 216.22126845921127 pid29a1
136.7826278700622  0.5605709946194704 216.7826278700622 pid2ac3
136.83584150151435  1.4965599921900916 216.83584150151435 pid297b
137.28783249256895  1.9706387261810083 217.28783249256895 pid2a15
137.86934496601017  1.272688173887712 217.86934496601017 pid29df
138.41917613510233  1.3297748430588032 218.41917613510233 pid299b
139.20864231019394  1.8405760177303239 219.20864231019394 pid2b1b
139.52328420170983  1.867842684928279 219.52328420170983 pid2b22
139.59361167996627  1.379573418796311 219.59361167996627 pid2aca
139.70082542075934  0.785378203398779 219.70082542075934 pid2b28
140.0012822155422  0.5629156872694332 220.0012822155422 pid29d7
140.60758084975413  0.6653115156983677 220.60758084975413 pid2974
140.86455664565491  1.7010536536840408 220.86455664565491 pid2ac2
140.94182157865646  0.9785657440851745 220.94182157865646 pid29c7
141.2673956534763  1.6452246145920397 221.2673956534763 pid2a6d
141.61286745999914  1.2406730104720274 221.61286745999914 pid2ace
141.66008001434125  1.8866730121934334 221.66008001434125 pid29fb
141.90018129475183  0.9749961408253283 221.90018129475183 pid2978
141.97593146316026  0.8604141510266385 221.97593146316026 pid2abe
142.17758497127332  1.5017011062257213 222.17758497127332 pid2ab4
142.2660167963519  1.9507471379802355 222.2660167963519 pid2a94
142.6512562037162  1.767796802787934 222.6512562037162 pid29ca
143.35087697002223  1.5226634098849607 223.35087697002223 pid2b1e
144.08841308635627  1.4677236539130512 224.08841308635627 pid2a63
145.1128975554262  1.7946315054775566 225.1128975554262 pid29ba
145.40317613741337  1.267923634023116 225.40317613741337 pid29b7
145.57821576799208  1.9255270637957504 225.57821576799208 pid2b07
145.67981456200965  1.7643114581944164 225.67981456200965 pid2a55
146.14381619673384  1.1526939010211608 226.14381619673384 pid2ae4
146.2178003270339  0.6135602690089786 226.2178003270339 pid2b0c
146.37129618715423  1.0309296632571956 226.37129618715423 pid2a1e
146.676098831669  0.7319207404475362 226.676098831669 pid2987
147.15397927753136  1.347724416160133 227.15397927753136 pid2983
147.2483487510343  0.5487677362867492 227.2483487510343 pid2a17
147.5225276033006  0.9043504997641615 227.5225276033006 pid2a6b
148.1085595308553  0.6534729519731677 228.1085595308553 pid29f8
148.38414860025165  1.6499850474554036 228.38414860025165 pid2acb
148.4186173955252  1.5708028009973476 228.4186173955252 pid2ac6
148.61338179813873  1.051786619069322 228.61338179813873 pid2ade
149.12999093523396  1.9520342233964347 229.12999093523396 pid2975
149.28155356871756  1.2605047361182933 229.28155356871756 pid2990
149.3089165346902  1.5891990790394965 229.3089165346902 pid2ae0
149.44974303757317  1.5988956924012432 229.44974303757317 pid2abf
