0.24738641508419978  1.6523787695293501 80.2473864150842 pidaef
3.756782972505807  1.7966386665322662 83.7567829725058 pida8b
3.9483740223484274  1.658130985165407 83.94837402234843 pidacb
4.411919369924943  1.796157636388044 84.41191936992495 pida94
5.078321241604611  1.2279835762199394 85.07832124160461 pidaac
5.604046189402179  0.974681866278994 85.60404618940218 pida73
7.1692308226285135  0.6026220014434154 87.16923082262852 pidaaf
8.635788331687994  1.242992815820634 88.63578833168799 pidaeb
10.316204787624494  1.823212169813436 90.3162047876245 pidae3
13.33414373521542  0.5719601811841585 93.33414373521542 pida66
13.46359150599697  1.7797488487616937 93.46359150599697 pida74
16.074878283469708  1.5576212375987233 96.0748782834697 pida62
17.87400075600538  0.5115846708537654 97.87400075600539 pida95
18.43188277807077  1.0000666870517092 98.43188277807077 pidac2
18.4554736628211  0.7485309509576998 98.4554736628211 pida5d
19.318108087296554  0.8597823948229546 99.31810808729655 pidadd
20.793596531912513  1.658455685441221 100.79359653191251 pidabb
21.460831330008318  1.2780173462717688 101.46083133000832 pidaa5
21.99338659904572  1.2721589242611688 101.99338659904572 pida5f
24.486301517492166  1.0940801592244547 104.48630151749217 pida85
24.810669070334253  1.9318449979998675 104.81066907033426 pida64
25.568459237054984  0.8250118120796863 105.56845923705498 pidacc
27.15341511975693  1.2878191491083666 107.15341511975693 pida6d
27.895422997654194  0.5399175569942198 107.8954229976542 pidad6
30.30196636429808  0.8305861319066976 110.30196636429808 pidab0
31.134247155265264  0.8634049420017806 111.13424715526526 pidad4
32.903254887528824  0.7926126280910503 112.90325488752882 pidae4
34.415096421044254  1.3021408621670427 114.41509642104425 pida76
34.50000911526636  0.6762233417594365 114.50000911526635 pidadf
35.62226267578904  1.7472373469024567 115.62226267578905 pida7b
36.37953469729766  0.711893923110909 116.37953469729766 pida7c
37.48049191529625  1.4275857079969032 117.48049191529626 pidacf
38.070487234837564  1.4687438544826033 118.07048723483757 pidac5
38.15740499788809  0.7302219285203005 118.15740499788808 pidaab
38.71569743509431  0.6895436946626295 118.71569743509431 pida6e
40.120079226318154  0.945059600563672 120.12007922631815 pida80
40.59215119386665  0.7377553724074053 120.59215119386664 pida7f
41.043082811687434  0.779576265131199 121.04308281168744 pidac8
42.06089818868066  1.6376577708423123 122.06089818868065 pida8d
44.84323943658102  0.6589466145762377 124.84323943658103 pidac6
45.08942296479521  1.7023571402576514 125.0894229647952 pida82
46.297553205202256  1.5356241697298887 126.29755320520226 pida68
46.302214955143526  0.8714736622398136 126.30221495514353 pidab6
46.67630764755353  1.9614894065351367 126.67630764755353 pida61
48.44331592911487  1.0644478810331846 128.44331592911487 pidad3
49.597773265951936  0.5113024909825405 129.59777326595193 pida86
50.0517440414434  0.8577698835823778 130.05174404144338 pidaa6
51.716718981389  0.7000808427056866 131.716718981389 pidad1
53.68340103479453  0.8855686125196889 133.68340103479454 pida6a
55.97157002750249  1.7579487903279474 135.97157002750248 pidaae
56.08323097143478  1.1463875668451247 136.08323097143477 pida87
56.486837459948006  0.6439659726883831 136.486837459948 pidaa0
57.1637418478293  1.5153039028071704 137.1637418478293 pida67
58.522147857852175  1.1787559228686906 138.5221478578522 pidac4
58.696323508786016  1.5235101275380685 138.696323508786 pidae8
58.86094173603948  0.9020954787378537 138.86094173603948 pida8e
61.2800971199406  1.28155546330302 141.2800971199406 pida5c
61.61947344129252  0.9375569383076415 141.6194734412925 pida99
64.13159693627557  0.9615342811388747 144.13159693627557 pidae2
64.3618495417839  0.8351809444096543 144.3618495417839 pida84
64.94943435429737  1.533908710121564 144.94943435429735 pidacd
66.11850591563478  1.3160949779059772 146.11850591563478 pidab8
66.88470939561232  1.7767563727793374 146.88470939561233 pida72
67.35505807932894  0.8573785648079812 147.35505807932896 pida8f
67.44114269966153  0.9509554106188731 147.44114269966153 pida77
69.92488865301875  0.580935471668204 149.92488865301874 pidab2
70.54625804571434  0.6281097569635193 150.54625804571435 pidaa2
72.14802180497837  1.0296199846653384 152.14802180497838 pidac7
73.47906241829301  1.9479799706099996 153.479062418293 pida91
75.37650315499292  1.8978504375144127 155.37650315499292 pidace
75.59818885871023  1.5298067609156536 155.59818885871022 pida6b
76.41817710582468  0.5596699219432152 156.41817710582467 pidae0
77.26521691756211  1.0638998218137905 157.2652169175621 pida98
77.79960900489677  1.170214926269919 157.79960900489675 pida83
77.85645813493414  1.5182390968119859 157.85645813493414 pida97
80.02691658014652  1.8045534240545444 160.02691658014652 pida5e
80.97805862990788  1.1028261661592105 160.97805862990788 pidad5
81.62578787426311  0.6453888380377044 161.6257878742631 pidac0
81.85745326928614  1.351636734576033 161.85745326928614 pida71
83.59244453596499  1.632430540352359 163.592444535965 pidad9
85.32771884052151  0.6567593255265189 165.32771884052153 pida8a
85.43627239343641  0.7551191311154044 165.4362723934364 pidaee
86.08762832550025  0.7492993045048154 166.08762832550025 pidae9
86.29018986650775  0.6645424122644077 166.29018986650775 pidaec
89.05773343436299  1.6755633600687063 169.057733434363 pida5a
89.8809926449233  1.3804214022284835 169.8809926449233 pida9e
90.11668881350035  0.842567523739588 170.11668881350033 pidaed
90.11850935901158  1.2845873435883017 170.11850935901157 pidaa8
91.38121076919322  0.5840464332168904 171.38121076919322 pidaea
93.05489126658263  0.8018037759161438 173.05489126658262 pidab1
93.49471084177009  1.2672310120173222 173.4947108417701 pidabf
95.49233930487216  1.2809854503004754 175.49233930487216 pida9f
95.75009001042248  0.85882974220138 175.75009001042247 pida60
96.10056528295763  0.8124686847623849 176.10056528295763 pidad7
96.52316024748912  1.1970332057849253 176.5231602474891 pida6f
96.65095964907039  1.7004989728996642 176.6509596490704 pida70
98.0627949943703  1.8448337144805205 178.06279499437028 pida7a
99.62487689484777  0.8251929283524484 179.62487689484777 pida9d
99.77302584519529  1.2900119479647283 179.7730258451953 pida69
100.0012248221325  0.6087206989856333 180.00122482213249 pida88
100.1546808562114  0.6227174811428005 180.1546808562114 pidadb
100.39723137610342  1.8755308143515275 180.39723137610343 pidae5
100.44333881104731  1.2523977661394068 180.4433388110473 pidad8
101.15078732062744  1.99247542334029 181.15078732062744 pidaca
102.2473235639947  1.824939264999866 182.2473235639947 pidaa9
104.98970859151169  0.7664726515132758 184.9897085915117 pidac3
105.78167627121371  1.4157943999513043 185.7816762712137 pidad2
106.00004046695787  1.789245768609336 186.00004046695787 pida89
106.61321155511563  1.7640844012592363 186.61321155511564 pida9b
107.52834954191422  1.628901955213636 187.52834954191422 pidaaa
108.07266174879531  1.9730575318631132 188.07266174879533 pidadc
108.46279031594626  1.3979237466774637 188.46279031594628 pidae7
108.86677738374597  1.9003508941831013 188.86677738374595 pidac9
111.93545368052881  1.1284472697943368 191.9354536805288 pidac1
113.7420852297887  1.598351308120951 193.7420852297887 pida79
113.78756629837268  1.9243043404243765 193.78756629837267 pida9c
114.84837215953718  0.5393062959442461 194.84837215953718 pidade
115.9824800120937  1.4657732950117492 195.9824800120937 pida6c
117.22919283669114  1.337020225530677 197.22919283669114 pidae6
117.29251294505936  1.5316544648300157 197.29251294505934 pida63
117.65933002023979  1.089638358896966 197.6593300202398 pida9a
119.99741541239275  1.0981956523558312 199.99741541239274 pidaad
120.53422093305211  0.8496770144171533 200.5342209330521 pida92
122.2450294448642  0.6314287540395779 202.2450294448642 pida8c
123.19909335890462  1.2072107668188754 203.19909335890463 pida81
124.36204839515277  1.7054781989788759 204.36204839515278 pidab5
124.93210746517204  1.0300418315849336 204.93210746517204 pidabe
125.31123687720574  0.6373965512184643 205.31123687720574 pida7e
125.50120311983618  1.2354219292958826 205.5012031198362 pida93
126.08494638691218  1.6791501960336652 206.08494638691218 pidad0
126.55581381009902  1.8425152474640356 206.55581381009904 pida96
126.66380940114465  1.670476289788791 206.66380940114465 pidaa1
127.5385838922253  0.9535217996168333 207.5385838922253 pida75
128.16000356685964  0.595295816157983 208.16000356685964 pidab7
128.7057429569728  1.478577899472403 208.7057429569728 pidaa3
129.10631380960587  1.5104870667185075 209.10631380960587 pida65
129.8450562616475  1.7517701215288297 209.8450562616475 pidaa7
130.0013827234831  0.7811486135193167 210.0013827234831 pidab9
131.36310279467273  1.4639045694065804 211.36310279467273 pida90
134.9368835253828  1.9442092130434283 214.9368835253828 pida78
136.43531017392345  0.904365640601191 216.43531017392345 pidaba
136.90221241409697  1.8979314945236663 216.90221241409697 pida7d
140.48147174994213  1.826795988466799 220.48147174994213 pidaa4
140.8435109178428  1.5396631850027591 220.8435109178428 pida5b
141.57712027709076  1.5939348293896116 221.57712027709076 pidab4
144.97877821774932  1.8415865174577073 224.97877821774932 pidabc
145.2611208172675  1.3488469371199494 225.2611208172675 pidabd
147.45563269232747  0.5935539408121131 227.45563269232747 pidada
147.58446576383474  1.10837655616352 227.58446576383474 pidae1
148.11902271429477  0.5997483526049873 228.11902271429477 pidab3
