0.00970115809981964  4.670005123511128 9.349711405122076 pid31bd
0.4358850246272561  2.259901649887215 4.955688324401686 pid3231
0.513268983018802  1.643233444711051 3.799735872440904 pid31d3
0.6211338669246769  1.4410304462428707 3.5031947594104182 pid31ba
0.6841620626378941  4.281595894020383 9.24735385067866 pid30d8
0.9697445036239838  4.910652060186029 10.791048623996042 pid3118
2.123412615978304  3.859309493310176 9.842031602598656 pid31fb
2.6205458499391265  1.2166165851410984 5.053779020221324 pid3167
2.7064075123621167  1.4852156437671264 5.67683879989637 pid30d1
3.439572329590368  4.354997418164601 12.149567165919569 pid30d5
3.768465682672828  3.2099599273048165 10.18838553728246 pid3084
3.903076474654379  3.443029391609665 10.789135257873708 pid3120
4.267116174259189  2.758812440038466 9.78474105433612 pid30a7
4.502926970838866  2.292254489266613 9.087435949372091 pid30a5
4.712916305705606  2.77142482063653 10.255765946978666 pid310d
4.854628970588617  3.9304422392808447 12.715513449150308 pid318d
5.635443913485636  3.461646629510775 12.558737172507186 pid312a
6.229481985849712  1.5673608917741668 9.364203769398046 pid313c
6.629323564953394  1.9795837082178651 10.588490981389125 pid30cd
6.890992358688557  4.703746290107997 16.29848493890455 pid310f
8.761895181942673  4.521479771676215 17.8048547252951 pid3193
10.511480942630696  1.967567081316687 14.446615105264069 pid31bc
11.88156262309599  1.6992677858735794 15.280098194843148 pid30ee
11.916821711163339  4.164551355827226 20.24592442281779 pid3124
12.282995771776681  3.3788238956572876 19.04064356309126 pid31c5
14.462000728948802  3.927804896494849 22.317610521938498 pid3219
14.514142369119314  2.6481222292026474 19.81038682752461 pid31de
14.61393473830083  4.696847206612805 24.00762915152644 pid3139
14.76185410555596  1.074439978445577 16.910734062447112 pid3205
15.60481009055856  4.904446500718857 25.413703091996275 pid316f
15.628315072357708  3.7033108703977344 23.034936813153177 pid3149
16.34536687909655  2.7359725524498644 21.817311983996277 pid30a6
16.380266853799732  2.5479580486636086 21.47618295112695 pid3194
16.60276380088279  4.832722038826473 26.268207878535737 pid3218
17.630398707662536  2.187653802029663 22.005706311721863 pid3086
17.74810419231708  2.8529167374551663 23.45393766722741 pid3228
17.796007103376205  3.714846790457156 25.225700684290516 pid3078
18.138230680707576  3.8549175369157713 25.848065754539117 pid31b1
18.346410633436317  3.964997267858118 26.276405169152554 pid30e0
19.126540096549903  4.036602939837961 27.199745976225824 pid30eb
19.392025543685808  1.399832293029276 22.19169012974436 pid30bd
19.55888191944147  4.798043437502452 29.154968794446372 pid3199
20.09704665872539  4.752273422292842 29.601593503311072 pid3087
21.051905729628917  3.3021348301254148 27.656175389879746 pid31a3
21.31710636035319  1.985560246415143 25.288226853183474 pid31aa
21.336567460329054  2.3348217027689087 26.00621086586687 pid312e
21.624812353288274  1.8866404035210644 25.398093160330404 pid3204
21.69667037057292  4.182905119857695 30.06248061028831 pid3161
22.1791274089587  1.9875908674343217 26.15430914382734 pid30fe
22.905995753009503  4.314098415193145 31.534192583395793 pid31d8
22.95362477818166  4.20901018177482 31.3716451417313 pid30ed
23.13090323058322  1.3080090571657363 25.74692134491469 pid31ee
23.926833248531544  1.449050256925847 26.82493376238324 pid3202
24.22176701326872  3.3501436701108402 30.922054353490402 pid3127
25.086275531302967  1.455545741429201 27.99736701416137 pid317a
25.170337273375694  1.0242714377291162 27.218880148833925 pid30be
25.244302043421143  2.818695655362072 30.881693354145288 pid31fa
25.916420812631678  3.7077329059965454 33.33188662462477 pid30fa
25.970207699821295  4.386486910608487 34.74318152103827 pid313e
26.2047150899229  1.5226032912711696 29.249921672465238 pid3164
26.439717748319705  1.277868691265546 28.995455130850797 pid3185
26.718631915015628  2.0130244280263745 30.744680771068378 pid31f3
27.727174657150673  3.720826701994441 35.16882806113956 pid31cc
27.788694972431554  4.42633708800169 36.64136914843493 pid30e5
28.192682289365745  2.000434536736376 32.1935513628385 pid30ce
28.438489419920383  2.4285872459858098 33.29566391189201 pid3212
28.83746340197522  3.63923573861059 36.1159348791964 pid30d0
28.93391507992575  3.7442594092374715 36.42243389840069 pid31f4
29.455964604577154  4.920023142728942 39.296010890035035 pid3214
30.366421999800437  4.299617164295274 38.965656328390985 pid3132
30.455895741766756  3.8178973304951915 38.09169040275714 pid3221
30.61687536687408  3.87283595782315 38.36254728252038 pid307d
30.688331339272803  1.4294998603772928 33.54733106002739 pid31c3
31.030464296595216  1.471242718691816 33.97294973397885 pid31f0
31.225053477748276  1.3115748629218333 33.84820320359194 pid30e3
32.129302478239865  2.9069698989688484 37.943242276177564 pid31ef
32.25853017706151  4.7184618419651665 41.69545386099184 pid31dc
32.32858065831293  1.2905062026143432 34.909593063541614 pid3158
32.62184908518758  4.929210702837555 42.48027049086269 pid30aa
32.71762202795114  2.851166675802964 38.41995537955707 pid30f1
32.95567754142805  2.0069192971139813 36.969516135656015 pid3136
33.58281913229585  1.2057133923626906 35.99424591702123 pid30cf
33.72375767338408  1.2325822220713705 36.18892211752682 pid3183
33.785136174722666  4.69074820883495 43.16663259239257 pid3208
35.208247367049125  3.804877788498556 42.818002944046235 pid31c1
35.24778965439041  3.7381880386060398 42.72416573160249 pid3191
35.73277001216774  4.922911371569922 45.57859275530758 pid321c
36.2148096223684  1.21340587939708 38.64162138116256 pid316a
36.29644919518044  4.254321296890383 44.80509178896121 pid30c8
37.123067758210055  1.0290460884122847 39.18115993503463 pid3213
37.135086933954746  3.749219933629302 44.63352680121335 pid313b
37.60123380315808  4.276098542805045 46.15343088876817 pid30b4
37.80506740378991  3.4870522452196195 44.77917189422915 pid3072
39.191739795737504  4.668745898116796 48.5292315919711 pid3102
39.353438873641124  4.574527825892468 48.50249452542606 pid30a8
39.489653865355486  4.877561880814319 49.244777626984124 pid316d
41.21933611798681  4.584671702305442 50.3886795225977 pid3216
41.34890077688905  1.7019438989613835 44.75278857481182 pid3172
41.439484685619995  4.889515999811093 51.21851668524218 pid311f
41.57370638895314  3.3911734438291226 48.356053276611384 pid3115
42.184917077100756  3.458915740320807 49.10274855774237 pid31ed
43.9731824774711  4.3039326500521184 52.581047777575336 pid320e
44.10032466872998  3.9948310900048707 52.08998684873973 pid308c
44.756444196036036  3.239286627606247 51.23501745124853 pid3129
45.33445175754872  4.090053094412813 53.514557946374346 pid312f
45.36868539054727  4.481530411742993 54.33174621403326 pid3153
45.711188445310015  4.465584184370982 54.64235681405198 pid31e3
45.815628406690024  3.467920357607728 52.75146912190548 pid3211
45.941221177964195  1.1098246774823033 48.160870532928804 pid30c5
45.94144004558602  3.7562910802059695 53.45402220599796 pid309b
46.401568701656394  1.7893853950406804 49.98033949173775 pid31c6
46.84190111464829  4.318158748585466 55.478218611819216 pid3174
47.15798107045336  2.842900007522124 52.84378108549761 pid30c3
47.837548271466105  1.3168681187240598 50.47128450891422 pid3150
48.04368279930171  3.312761810806667 54.669206420915046 pid31d2
48.07170449201174  3.6038831314787223 55.27947075496918 pid30d6
48.38870997924685  3.0421409134155155 54.47299180607788 pid320b
48.91037189435081  4.790271931623954 58.490915757598714 pid322c
48.9901605752004  2.089722647545974 53.169605870292344 pid307b
49.05732786765938  1.8548478647553424 52.767023597170066 pid314a
49.24885313043489  4.200680323259974 57.650213776954836 pid313f
49.727412117880114  1.4317585478571804 52.59092921359448 pid30de
49.84429360344428  3.3504015303454397 56.54509666413516 pid31d4
50.082968384282985  2.7777110365544444 55.63839045739187 pid3094
50.226227928438185  3.1685676829052363 56.56336329424866 pid3138
50.251685351043925  4.745168091240537 59.742021533525 pid3184
50.42923841949594  4.419312222025994 59.267862863547926 pid3156
50.47223655919051  2.6994137656214128 55.871064090433336 pid3200
50.53861223859805  3.781125278389816 58.10086279537768 pid319e
51.150319318562836  4.121966537033503 59.39425239262984 pid3082
51.50619841065624  4.142659711827141 59.791517834310525 pid317f
52.12344116893229  3.7338200024073283 59.59108117374694 pid319c
52.18196208646498  1.0539024645446076 54.28976701555419 pid30dc
52.66915899151234  4.015515487039424 60.700189965591186 pid309f
53.35047915762736  4.662892538950652 62.67626423552866 pid30a0
53.443845256222154  3.5170952824409154 60.47803582110399 pid322a
53.93247801651833  1.0600137063532111 56.05250542922475 pid3103
54.25585391814593  4.134991591296105 62.525837100738144 pid31b0
54.32825605471193  4.045887180990401 62.42003041669273 pid3209
55.207962467363686  1.275154258267749 57.75827098389918 pid30f0
55.313748527329615  4.26567387808994 63.84509628350949 pid315c
55.50555349894639  2.309686900885976 60.12492730071834 pid3128
55.744376092815834  3.534220378498375 62.812816849812585 pid31b3
56.18781387248345  2.819719919000657 61.82725371048477 pid3096
56.39938639403245  3.259597024238554 62.91858044250956 pid3140
56.76668989895351  1.644391991147244 60.055473881248 pid3195
56.786317056445256  1.9376088987968325 60.66153485403892 pid30db
57.58869328354011  3.2457952199238553 64.08028372338782 pid3117
58.10102400242892  4.089592756373303 66.28020951517553 pid30ea
58.10311448246959  1.0167657236322891 60.13664592973417 pid30c9
58.23596635649792  3.2345714543866215 64.70510926527116 pid31af
59.11293437648149  2.2578696854519955 63.628673747385484 pid31be
61.242281800935736  4.597578116600948 70.43743803413763 pid307f
61.59558344671561  4.105046947150262 69.80567734101614 pid3133
61.657780994967446  2.097734287256775 65.853249569481 pid319b
61.705394849815406  4.736573174781453 71.17854119937832 pid31a5
62.16793051023819  4.900996021476399 71.969922553191 pid321e
62.549661137348686  1.172608593036725 64.89487832342213 pid3101
63.06498027493522  2.3854835231939386 67.8359473213231 pid317c
63.30735190874383  2.9642088095599286 69.2357695278637 pid30b2
63.776787942808646  3.2323133500888317 70.24141464298631 pid315e
63.89379557942293  1.4118107814719334 66.7174171423668 pid30e2
64.40331928130234  4.536453414771538 73.47622611084542 pid3173
64.52987382103329  2.3205321782729076 69.1709381775791 pid31ab
64.79184500341871  2.4341568538871066 69.66015871119293 pid3157
65.92638886958864  1.5057311076947295 68.93785108497809 pid313a
66.90244459702447  4.292057279285888 75.48655915559624 pid31c8
67.3471067755293  4.057303507067829 75.46171378966496 pid3093
67.67866318420462  3.688838413132369 75.05634001046936 pid31f1
67.83368821987973  1.9361854140912595 71.70605904806226 pid3083
68.16181561640994  2.231939220839394 72.62569405808873 pid30b9
68.20686086079428  4.905379521146067 78.01761990308641 pid318f
68.28591200289779  4.872669117838539 78.03125023857487 pid312d
68.51716201221545  1.7614044625958312 72.03997093740712 pid3175
68.64786334958346  3.9754195247592357 76.59870239910194 pid318b
68.87875424191093  2.413207542306714 73.70516932652436 pid31a2
69.25058744981743  3.250900091161863 75.75238763214115 pid30d2
69.44098988982113  1.1149931569959275 71.67097620381298 pid31ca
69.82838106639508  1.3310628430191396 72.49050675243336 pid319a
70.20063622657635  1.2610033736395834 72.72264297385551 pid3076
70.385309124022  4.089567241184476 78.56444360639095 pid3073
70.84249788537028  1.7336023867201478 74.30970265881058 pid3108
71.79440272407388  1.919217353632686 75.63283743133925 pid318e
71.887413492342  4.395050743106145 80.6775149785543 pid307a
72.75724567909292  1.6363502238589338 76.02994612681078 pid31ff
73.19570290798748  2.187538084702778 77.57077907739304 pid31fd
73.88505377651452  4.202842073756257 82.29073792402704 pid3114
74.02640414137042  2.8001801872943632 79.62676451595915 pid3180
74.50238312532544  1.6566508421140487 77.81568480955353 pid311e
76.42256999429544  2.7936630900684247 82.0098961744323 pid30dd
76.43115580029982  2.2001948764469432 80.8315455531937 pid3135
76.51711280926763  1.6167640166544701 79.75064084257657 pid307c
76.68231824952575  2.561749612412752 81.80581747435126 pid311d
77.039705701758  4.942628008032678 86.92496171782335 pid308a
77.06121899400634  4.630908004252998 86.32303500251234 pid31a6
77.35667023664075  4.13934333485072 85.6353569063422 pid316c
77.44210197023698  3.8465689921953428 85.13523995462766 pid31a0
77.9139129743419  1.68323406035267 81.28038109504723 pid3071
77.92898867313363  4.208367835767186 86.345724344668 pid311c
78.13293533487264  4.151069086770676 86.43507350841399 pid31c0
78.53642496813637  2.9106807640376458 84.35778649621166 pid3147
78.5369976160393  3.0656077384016505 84.6682130928426 pid30f5
79.26121694257016  1.275311890507493 81.81184072358515 pid30e4
79.45118257761818  4.613533752793142 88.67825008320446 pid308e
80.68015929586551  2.7287075187308796 86.13757433332727 pid3176
81.61104477634315  2.340758611198401 86.29256199873996 pid3192
81.88203088397326  4.883428520266463 91.64888792450618 pid30d4
82.88937961334982  1.4129547739068054 85.71528916116343 pid3144
82.90860378598103  4.891455892602282 92.69151557118559 pid31ea
83.12103376694374  2.6986266558073284 88.5182870785584 pid31e4
83.20215238943548  2.657913298659431 88.51797898675434 pid309e
83.45103920505592  1.9011325893253423 87.2533043837066 pid31e7
83.76710115631853  1.2470452967737709 86.26119174986607 pid321f
84.00450741073034  2.2874797755480234 88.57946696182638 pid3224
84.74208837391058  2.7866509255054277 90.31539022492143 pid30c4
84.97830213952533  4.892774713518486 94.7638515665623 pid31e1
85.03852332296633  3.9543186772344443 92.94716067743522 pid3110
85.81262101437986  4.231184683473758 94.27499038132737 pid321a
85.90154536432135  4.604451738292357 95.11044884090606 pid31a1
85.92658532081836  1.2446021516408665 88.4157896241001 pid30b5
87.11812200954618  3.515192478229669 94.14850696600553 pid31b8
87.1504827136336  4.055877693647068 95.26223810092773 pid31dd
87.83423743258129  4.696314032815584 97.22686549821246 pid310c
88.46926019255052  3.5385365742285027 95.54633334100753 pid3166
88.75176159919744  1.0706161495065945 90.89299389821062 pid31ad
88.80077807639321  2.4033825051112183 93.60754308661565 pid3163
88.98585021928301  2.2780762664132665 93.54200275210954 pid31c2
89.04408052771285  4.465600864940715 97.97528225759427 pid320f
89.51411292390043  1.3198941172663345 92.1539011584331 pid30f7
89.72365829722256  2.4240259873633447 94.57171027194924 pid321d
89.8312380379406  4.817865673525687 99.46696938499197 pid30ac
90.29164711204609  3.529615990811339 97.35087909366877 pid308f
90.74552428792103  2.0764305979749293 94.89838548387088 pid3229
91.0805768446998  1.163866719667686 93.40831028403518 pid310e
91.20070562926239  1.41789706560987 94.03649976048213 pid31a7
91.4507403573998  3.0469427077665774 97.54462577293295 pid30ae
91.78980451956626  2.560789344862076 96.9113832092904 pid3074
91.89761165954253  1.577829434829436 95.0532705292014 pid31b2
92.91713000580148  1.4204275171845038 95.7579850401705 pid31fe
93.02601547263991  2.916636156006026 98.85928778465197 pid31f5
93.70347273836829  2.3629154697913823 98.42930367795105 pid30b0
94.05356506574762  3.6312317263996547 101.31602851854693 pid30ca
94.92979658501922  4.789630270456929 104.50905712593308 pid3159
95.08419076276287  4.578780172114074 104.24175110699102 pid3222
95.19804179683847  3.639868066088431 102.47777792901533 pid30e8
95.28191361686642  3.1232840971886002 101.52848181124362 pid31ac
95.75292096725066  2.9308902065853237 101.61470138042131 pid319d
97.18187421353895  3.3441004107511945 103.87007503504134 pid31d9
98.02609535565419  1.7180951839040381 101.46228572346227 pid31fc
98.16240908700061  3.6273317261611604 105.41707253932293 pid310b
98.54479888170647  4.448441146626938 107.44168117496035 pid3095
99.39430852392132  2.167566057163186 103.7294406382477 pid31b6
99.6341518818226  3.8762866493698676 107.38672518056234 pid3113
99.9473442181124  2.3308798964066897 104.60910401092579 pid30b8
100.12889338802586  2.5224338069398904 105.17376100190563 pid31b5
102.59537251025635  4.423145341432303 111.44166319312096 pid31a9
102.6656934557933  1.9108286691694367 106.48735079413217 pid30e1
102.99869101082878  3.419741889293268 109.83817478941532 pid3203
103.07428853935193  2.250005572940434 107.57429968523279 pid30ef
103.30646369546376  2.5486355111076193 108.403734717679 pid31b9
103.31958997805451  1.6503532185915528 106.62029641523762 pid30ba
104.52874046208574  2.22891548656085 108.98657143520744 pid312b
104.61669169472381  2.260576706534675 109.13784510779317 pid3171
104.91111417730413  1.3986266394489038 107.70836745620194 pid3227
105.74418668745408  3.7886704236391555 113.32152753473238 pid30bb
106.02129021625625  3.1861868798703386 112.39366397599693 pid31e6
106.38340804093914  3.47218595480459 113.32777995054832 pid315a
106.56172007882928  1.3439862694794704 109.24969261778823 pid3187
106.93860748550773  3.495781735069033 113.93017095564579 pid30f4
107.26978602149474  1.5545880796702125 110.37896218083516 pid3089
107.2991868368147  4.497041604504862 116.29327004582441 pid3111
107.51484468522648  2.022970207698985 111.56078510062444 pid311a
107.73932858190521  3.4193717098582117 114.57807200162163 pid3070
107.96287212099494  1.3225711931843604 110.60801450736366 pid3152
108.87221528378875  2.753174902186593 114.37856508816193 pid31e5
108.90976514121176  3.040849591497513 114.99146432420679 pid3112
109.23262843791849  1.1039248149196714 111.44047806775784 pid30cc
109.58460836684394  2.7781288065768073 115.14086597999756 pid315f
109.60514227575665  3.440524367759752 116.48619101127615 pid3090
109.91575976108344  3.691751194396104 117.29926214987564 pid31cf
110.54976104147045  3.702575912099809 117.95491286567007 pid30f6
110.80859903713458  1.5936829176949323 113.99596487252445 pid30d7
110.86553112449687  3.364998104845522 117.5955273341879 pid3160
110.9040214996314  1.4880799207131115 113.88018134105762 pid30bf
110.99164348689864  3.882440941783877 118.75652537046639 pid3170
112.1976814433529  2.614200598354058 117.42608264006103 pid3168
112.66854485188587  3.1784284448174884 119.02540174152085 pid3186
114.18325210785258  2.78754048818624 119.75833308422506 pid31cb
114.67984260869578  4.671826680664309 124.0234959700244 pid3189
115.34880303802787  2.4285045562016365 120.20581215043114 pid30b7
115.77303460382679  3.5711077134881 122.91525003080298 pid31f8
116.66115620225521  3.706371583030847 124.0738993683169 pid30fc
117.05942112492959  2.9312816749900246 122.92198447490964 pid31a8
117.09793272902385  1.8957922554515787 120.88951723992702 pid31f7
117.1270656346836  1.6334629612476586 120.39399155717892 pid3201
117.12945722684081  2.5933443046957856 122.31614583623238 pid30bc
117.29627395043802  4.3220083525523725 125.94029065554277 pid31d1
117.37433329528808  3.3506288475871093 124.0755909904623 pid30f8
117.41218656260145  3.0337063934718143 123.47959934954508 pid31b7
117.52238462685591  2.1150996197578285 121.75258386637157 pid31d6
118.61243422418198  2.753607702791973 124.11964962976593 pid31e9
118.68312302431326  2.6134396405288656 123.910002305371 pid3123
119.60112509895775  2.0841679975553533 123.76946109406846 pid314b
119.82759963286716  3.2097008456819824 126.24700132423112 pid322d
120.7706050197335  2.567455010341538 125.90551504041657 pid3126
121.41806424416386  1.436351516512977 124.29076727718981 pid320d
121.49883555480109  3.656424782333707 128.8116851194685 pid322b
121.56128387935256  4.412897103941001 130.38707808723456 pid3134
121.73904265898646  1.9864587169056827 125.71196009279782 pid31e8
121.86050377945811  2.8745978837722936 127.6096995470027 pid3188
122.02959451869033  2.7387081523931696 127.50701082347668 pid30b6
123.2003969173302  3.163354994199278 129.52710690572874 pid3130
123.29257579972166  1.8745128401652074 127.04160148005208 pid317d
123.51555163767038  3.526826704597446 130.56920504686528 pid3178
123.72872290805671  2.59870204675776 128.92612700157224 pid30e6
123.96836529065304  2.749469979639633 129.4673052499323 pid3197
124.56325605365831  4.958133658073336 134.47952336980498 pid307e
124.56896902953936  4.716659946968113 134.0022889234756 pid30ff
125.80500832201923  2.19788922420256 130.20078677042434 pid314e
127.1991633312199  4.326481752577282 135.85212683637448 pid3091
128.0864394406606  4.500599935121791 137.0876393109042 pid316b
128.76852368144495  3.6045164183774583 135.97755651819986 pid3196
129.0075063399431  3.8457764231224942 136.6990591861881 pid31f6
129.01520228974493  1.7202194578367824 132.4556412054185 pid30ec
129.71716345254148  4.3830426430170455 138.48324873857558 pid3107
130.21546461354657  1.8672225535073705 133.94990972056132 pid31ce
130.24060464024305  2.1373657685760996 134.51533617739526 pid314f
130.31896038548135  4.719782990433642 139.75852636634863 pid31da
130.32519148776217  1.8789383819966767 134.08306825175552 pid313d
130.38728728702657  1.299030430577952 132.98534814818248 pid30c0
130.86191320441472  3.9898262128596556 138.84156563013403 pid3100
130.9871755530853  3.9825005338540724 138.95217662079347 pid3169
131.22896270440017  3.8863904817956683 139.00174366799152 pid3125
131.390949137123  4.835035719810323 141.06102057674363 pid3098
131.77271225820857  4.434317725674159 140.6413477095569 pid3141
132.58433613127454  3.684062491540654 139.95246111435586 pid31df
133.33249046167168  1.0884241527571676 135.50933876718602 pid31a4
133.7512989552653  2.534479287867452 138.8202575310002 pid3077
134.1864997868144  3.1568251482827048 140.50015008337982 pid3104
134.72137155254478  2.6216156313483703 139.96460281524153 pid3137
135.10391592513966  3.253114251005065 141.61014442714978 pid30a2
135.6435758191506  1.2135848182076803 138.07074545556597 pid30a4
135.66059180335023  4.571033361059298 144.80265852546881 pid30a1
135.94198081182472  1.9273412990607954 139.79666340994632 pid3109
136.37935045533672  1.9365011395827043 140.25235273450213 pid30d9
136.45483676035553  3.348692459891235 143.152221680138 pid3225
137.56395283101136  3.715110616452799 144.99417406391697 pid3210
137.75038461645983  1.9954164958144816 141.7412176080888 pid3165
137.9052184802254  3.32338643434109 144.55199134890756 pid321b
138.2409207153349  4.29818190925455 146.837284533844 pid3145
139.02449404039942  2.1280745547983444 143.2806431499961 pid30af
139.2304938408072  4.610682770957903 148.45185938272303 pid317b
139.26482999989327  4.290821879011947 147.84647375791715 pid315b
140.01077211173293  4.871719369931773 149.75421085159647 pid320a
140.32284261672072  1.964968216442105 144.25277904960492 pid31e2
141.06619469587147  4.518105557431254 150.10240581073398 pid31bb
141.07156854221122  3.2360755790074367 147.5437197002261 pid309a
141.40381621463675  3.4268111271570105 148.25743846895077 pid3181
141.89006938736495  4.192744341362232 150.2755580700894 pid31eb
142.1347755681036  4.931033160692408 151.99684188948842 pid3207
142.16502100849442  3.2208706035162726 148.60676221552697 pid309d
142.2142861684375  1.1485335724942014 144.5113533134259 pid3116
142.45446621711594  4.117554687016373 150.6895755911487 pid3206
142.56016577302344  4.423975112124486 151.4081159972724 pid3151
143.7315710431555  2.23581476663145 148.2032005764184 pid3122
144.5648424039439  4.370766150070668 153.30637470408524 pid3179
145.0246074383428  1.5190250573956505 148.0626575531341 pid3106
145.23166232543497  3.199813650629025 151.63128962669302 pid30ad
145.6406240223939  3.2326558948132225 152.10593581202033 pid30c6
145.7021544865906  4.865327720702814 155.4328099279962 pid3162
145.84894702904765  2.5468624556976573 150.94267194044298 pid315d
146.24177544987393  1.3358899499691907 148.9135553498123 pid30da
146.5466802712811  2.1660944237366433 150.87886911875438 pid314d
146.65828246394787  4.6569119989135395 155.97210646177496 pid322e
146.79479332371503  1.393674077221009 149.58214147815704 pid3215
147.31420027997132  2.9213150488393667 153.15683037765004 pid30fd
147.48435835753878  1.8491423567135095 151.1826430709658 pid311b
149.08734162064437  2.189459789563266 153.4662611997709 pid3220
149.7048474502857  3.3371167775582213 156.37908100540216 pid3198
150.45036909302465  3.4899426944015532 157.43025448182775 pid30ab
150.73699557666828  1.0333398206243811 152.80367521791703 pid322f
150.8041835608654  4.3921093019157835 159.58840216469696 pid30f9
150.98701178580492  3.2551505028833816 157.4973127915717 pid3085
151.0105170592518  1.268267744384012 153.54705254801985 pid3121
151.1424140232177  1.3399319063527644 153.82227783592322 pid3155
151.14550215722775  3.2731684729229347 157.69183910307362 pid3081
151.16413158634384  4.275381011033883 159.71489360841161 pid31f9
152.02207854487  2.8604804769738204 157.74303949881764 pid30f3
152.49403795023414  4.140122739916662 160.77428343006747 pid31db
152.58871123831477  2.1434863135109863 156.87568386533675 pid3182
153.29006258962397  2.070197211065567 157.4304570117551 pid31c9
153.56282928689842  1.1470283049268017 155.85688589675203 pid31d0
153.71935004357647  3.567592807293064 160.8545356581626 pid31d7
153.89670855196366  4.821958355837183 163.54062526363802 pid30df
154.56636710485486  2.656487265296623 159.8793416354481 pid30e7
154.75489957731497  3.1398273385555275 161.03455425442604 pid30f2
155.31210709921174  1.3430286553961852 157.9981644100041 pid3080
155.82320537422382  3.091753955009691 162.0067132842432 pid30b1
156.77249010438607  2.680685227492455 162.133860559371 pid3092
156.91460500043644  1.3491263026836968 159.61285760580384 pid312c
157.45430120722355  3.0302727132060396 163.51484663363564 pid31bf
157.54757322320108  4.911273357433249 167.37011993806757 pid30e9
157.7534482024071  4.412213053781253 166.57787430996962 pid30a3
158.9299036153698  3.9055233153550506 166.7409502460799 pid3143
159.04468889778434  3.582251344298119 166.20919158638057 pid320c
159.0903965550389  2.2468703159996575 163.5841371870382 pid308b
159.38883616773035  2.9018799715261103 165.19259611078257 pid3079
159.57939992624796  2.039013081000164 163.6574260882483 pid3148
159.95203597477035  1.6722741948299467 163.29658436443026 pid3097
160.6757403369626  4.407927804004702 169.491595944972 pid314c
161.71618700458865  2.2890862663988725 166.29435953738638 pid3230
162.16999509745662  1.332893429873503 164.83578195720364 pid319f
163.29453152500923  4.0998208854151 171.49417329583943 pid31ae
163.49766052025467  3.1838778897492066 169.8654162997531 pid308d
163.6624319103401  4.4820107176322495 172.6264533456046 pid317e
163.85408795712084  1.584774451199745 167.02363685952034 pid3223
164.06256892273944  2.768647094156817 169.59986311105308 pid3226
164.28765498519456  2.4412496785532967 169.17015434230115 pid31c4
164.30717617218107  3.729013217989358 171.7652026081598 pid3119
166.11759445585452  3.28429345380406 172.68618136346262 pid3075
166.17978552349788  1.4734381688652434 169.12666186122837 pid3142
166.39876817540193  3.8919345162744667 174.18263720795085 pid309c
166.45118403778577  2.2447819433275966 170.94074792444096 pid3088
166.49549191592396  3.5317929578028644 173.5590778315297 pid3177
166.65960162385528  4.593806426294325 175.84721447644392 pid30d3
167.15804165349977  2.977837800496658 173.11371725449308 pid3154
167.51044247906898  3.642558849781713 174.7955601786324 pid3099
169.4932942926227  3.407828849861932 176.30895199234655 pid31d5
170.1212676101035  4.626527223758927 179.37432205762136 pid3105
170.14516063941832  2.397050998767018 174.93926263695235 pid30c1
170.31091612640208  3.124736506079453 176.560389138561 pid310a
171.76637713856914  1.5999372810909525 174.96625170075106 pid31b4
173.5995378422289  3.581052033077063 180.761641908383 pid30fb
174.02664431299127  2.7259273543347944 179.47849902166087 pid318a
175.09193261290187  3.818409733711468 182.7287520803248 pid3131
175.6807325839352  4.626386428042443 184.93350544002007 pid30a9
175.87503186887471  4.908991683164862 185.69301523520443 pid316e
176.18449715673603  2.958389835034947 182.10127682680593 pid30b3
176.28656398592994  2.9914739180165233 182.269511821963 pid31cd
176.74412353604174  3.9310183101959626 184.60616015643367 pid31ec
177.19131452048535  3.4916591295432817 184.1746327795719 pid30c7
178.75185324136302  2.153612971375392 183.0590791841138 pid30cb
178.75644320124192  4.737528567418881 188.23150033607968 pid31c7
179.04551145688276  4.1028798022962825 187.25127106147534 pid30c2
179.1961057735323  1.1309519442683689 181.45800966206906 pid31f2
179.20440811866882  4.851063491836401 188.90653510234162 pid31e0
179.22705284697034  3.5056354328650885 186.23832371270052 pid3190
179.64099995283078  4.472351455853962 188.58570286453872 pid318c
179.6614511219103  2.3317381671362174 184.32492745618273 pid3146
179.6966746005553  4.049539954643583 187.79575450984245 pid3217
