0.48345660788802647  2.1129054585486293 4.709267524985285 pid28a7
0.5014927537195524  2.605651423005442 5.712795599730437 pid28f0
2.440174715936956  2.172835606075383 6.7858459280877215 pid27b9
3.2621416277780124  2.936608544319353 9.135358716416718 pid27d0
3.6769660269015336  4.303211371461712 12.283388769824958 pid2816
4.447332427164373  3.9794117781448484 12.40615598345407 pid27e4
4.532602724592829  2.3506872001232675 9.233977124839363 pid2925
5.211732884483347  1.5755298218553668 8.362792528194081 pid2926
5.237100462089444  1.262394117778427 7.761888697646298 pid27c0
5.64927239880463  2.2660628689555873 10.181398136715805 pid27c7
6.240805466858563  4.6180015511786845 15.476808569215933 pid2888
6.488180927571882  3.6022506183827065 13.692682164337295 pid2872
6.637012500477648  2.7659744842617306 12.16896146900111 pid283d
7.084047934164863  4.588599799157246 16.261247532479352 pid27fc
7.647748101842071  1.7274797216710152 11.102707545184101 pid27b1
7.703504515970765  3.4062480286411763 14.516000573253118 pid2941
7.94825016808306  3.554145638097426 15.056541444277912 pid2922
8.298488409282623  2.994035729192854 14.28655986766833 pid27f3
8.38563382568819  3.184910434163385 14.755454694014961 pid288b
8.511837907449166  4.469137380312356 17.450112668073878 pid2854
8.751099233301073  1.2978411336699258 11.346781500640924 pid2900
8.967944640915261  4.335850081118899 17.63964480315306 pid291c
9.095227373595963  1.5236663044749772 12.142559982545917 pid28c7
9.93620938326761  2.5888859711020733 15.113981325471755 pid28d1
10.291772070327543  4.1920207992291285 18.6758136687858 pid27d5
10.767273658735325  1.6246347152691452 14.016543089273615 pid27f7
10.980974823893476  3.1374644041878414 17.25590363226916 pid28b4
11.318446028490268  2.3225792974802557 15.96360462345078 pid2836
11.846021922227061  3.1491330190809927 18.144287960389047 pid2896
13.22082067850501  4.492439866634033 22.205700411773076 pid2870
13.327513298045506  4.035141608314133 21.39779651467377 pid2851
13.57288083207676  2.7828894460407754 19.138659724158313 pid27fd
13.592327515542841  4.3646934148320184 22.32171434520688 pid2899
14.34733371057426  1.5046188272403915 17.356571365055043 pid289b
14.904970645914622  3.1327812865443754 21.170533219003374 pid27b7
15.966294227032238  1.1329794666226891 18.232253160277615 pid28e7
16.026437773488652  4.324259758960661 24.674957291409974 pid2967
16.28226269842792  2.4600129801866997 21.202288658801322 pid2860
16.978335004787727  4.5353490760104 26.049033156808527 pid289c
17.963636127810922  2.8356118401990087 23.63485980820894 pid27c5
18.116194641387786  4.850743670817783 27.817681983023352 pid288a
18.132614429480917  1.1690579217143302 20.470730272909577 pid27ea
19.059661377707158  3.8859003573802497 26.831462092467657 pid28d7
19.07223669216697  4.3133442699271445 27.69892523202126 pid2914
19.127015587525374  2.4322035938677264 23.991422775260826 pid27b5
19.39337733253257  1.4209441756320027 22.235265683796577 pid286a
19.740921801451254  4.1302869121353645 28.001495625721983 pid281f
20.038759997006068  2.537465830893355 25.113691658792778 pid285e
20.346170164025867  3.899720171915805 28.145610507857477 pid28b0
20.96138081364239  4.308272888301884 29.577926590246157 pid2824
21.193918382489148  2.3497064060270265 25.8933311945432 pid27d9
21.246602338319022  2.2430344338887886 25.732671206096597 pid282a
22.069647242908143  4.2191451590513305 30.507937561010806 pid28c0
22.635801732794857  1.6547553260713004 25.94531238493746 pid290e
22.73517204198356  4.623174912146741 31.981521866277042 pid2915
22.76765989059376  3.586372108744875 29.94040410808351 pid2848
22.997092748352937  1.6619933874584962 26.32107952326993 pid28d2
23.453778353542187  4.379218236723949 32.212214826990085 pid2940
23.509931364800277  4.477259037611436 32.464449440023145 pid282c
23.585412904351685  2.63253289037121 28.850478685094103 pid2858
23.618342859052518  2.958739526269192 29.5358219115909 pid27c8
24.21147473212325  2.2820560730484667 28.77558687822018 pid294c
24.81373824448705  3.323502028861078 31.460742302209205 pid27bf
25.194812815700068  4.965623565048699 35.126059945797465 pid2852
25.46035737272324  2.2309874938905208 29.92233236050428 pid2828
26.873007014384743  3.061479046729143 32.99596510784303 pid28ea
26.919888345873016  2.200859728848715 31.321607803570444 pid2826
26.965858707320244  3.2564955688864847 33.478849845093215 pid28ac
27.199105394752074  1.0811642090872993 29.361433812926673 pid28d6
27.372347469795358  3.7417255734451573 34.855798616685675 pid289d
27.60607041974727  1.6735239598457095 30.95311833943869 pid288e
27.907999600245848  2.535273742026494 32.97854708429884 pid28ba
27.97646372836633  4.333798435966796 36.64406060029992 pid2873
28.087800920767357  2.699333925648921 33.4864687720652 pid2883
29.62054626658603  3.9477110143868015 37.515968295359635 pid293e
29.871077507304364  2.058844114448405 33.988765736201174 pid2893
29.929339716829496  2.93552990449967 35.80039952582884 pid2932
29.985248612550343  4.762757934113399 39.51076448077714 pid2808
30.38436769820054  1.5118094450902095 33.40798658838096 pid283c
30.436783977093896  1.5821866704722298 33.601157318038354 pid2885
31.024285659504937  4.103212877384635 39.23071141427421 pid2807
31.10205886209256  3.1800321408789705 37.4621231438505 pid27ef
31.120721806776587  1.3480049952069453 33.81673179719048 pid28ca
31.9253102683579  2.78704012777028 37.49939052389846 pid2859
32.01929029325067  4.3854232587490625 40.79013681074879 pid287c
32.42049668565237  3.980339207813379 40.381175101279126 pid289a
32.848690653079814  3.826335792391288 40.50136223786239 pid27cd
33.049382673621594  4.918198274894017 42.88577922340963 pid2928
33.48225317104147  1.9844888763849622 37.451230923811394 pid2921
34.12846429948188  3.844971412747308 41.818407124976495 pid286b
36.28469552550882  2.3690582696827467 41.022812064874316 pid2849
36.7885540520635  2.126129872857824 41.04081379777915 pid27dc
36.962454017371016  3.8112537838187173 44.58496158500845 pid27f1
37.75639422511344  2.1662742450506727 42.088942715214785 pid28c1
39.16072704677751  4.3041657652456005 47.76905857726871 pid28ab
39.6750432939113  1.8213201084885813 43.317683510888465 pid27d6
40.05502470220132  4.890496658541031 49.83601801928339 pid2827
40.503780390055795  4.854042434635522 50.21186525932684 pid28a3
40.59886439660711  2.9085357716337814 46.41593593987467 pid28c9
40.77022415580247  4.670059270327129 50.110342696456726 pid27e5
40.82718082235381  1.1342289607598746 43.09563874387356 pid28b9
41.3542779313114  4.041684173871976 49.43764627905536 pid27d1
41.36459660177934  3.64718334250374 48.65896328678682 pid2805
41.3742563810669  1.9396005549649193 45.25345749099674 pid2820
41.42492302329255  3.887902867007334 49.20072875730722 pid28cd
41.63262210419196  2.9781795121794024 47.58898112855076 pid2963
42.241250145664075  1.0903531018941068 44.42195634945229 pid2882
42.32856129892278  2.6574678079223477 47.643496914767475 pid295c
42.49924950801413  3.1977806827690856 48.8948108735523 pid28d5
42.61591988955021  4.279120613416325 51.17416111638286 pid281a
43.43506660394206  3.1938362266568903 49.822739057255845 pid2865
43.732441823434705  2.5349500342123603 48.80234189185943 pid2844
44.297633835572356  1.0796447240029865 46.45692328357833 pid287e
44.6259915322585  1.0439897829514462 46.713971098161394 pid27db
45.225700065664036  2.693631262408408 50.61296259048085 pid28fb
46.0669203272535  1.1614525918602072 48.389825510973914 pid28f4
46.47280059683897  2.3278520258611306 51.12850464856123 pid28aa
46.57601612586827  4.021591570684244 54.61919926723676 pid2856
46.639828801939004  1.0466061222412169 48.733041046421434 pid27aa
47.05872205320698  2.278853024099172 51.61642810140532 pid28c4
47.28726563567887  4.151470251743298 55.59020613916547 pid27e3
47.70569838000592  1.3990305072573994 50.50375939452072 pid2903
48.08394177505657  4.116639082342399 56.31721993974137 pid2877
48.22558375448981  4.364511832765931 56.954607420021674 pid27df
48.50981970994679  2.8209498394194643 54.15171938878572 pid294f
48.72581384920391  2.885515018351566 54.49684388590704 pid295e
49.408971298880786  4.698703870056741 58.806379038994265 pid27ca
49.728961629287596  3.2489709913133593 56.22690361191432 pid2911
50.267100177656424  4.045622538205724 58.35834525406787 pid27d2
50.552433893722515  1.6568183261532878 53.86607054602909 pid28bb
50.73006592334951  4.669940712799483 60.069947348948475 pid27bb
50.800259120709  1.0611236433061557 52.922506407321315 pid291a
50.92549181959086  1.1814305128792024 53.288352845349266 pid2804
51.18534859633489  2.202930337649587 55.591209271634064 pid282b
51.6250976176038  4.522087262471883 60.66927214254757 pid2857
52.07944251588437  1.5425766934929084 55.16459590287018 pid2864
52.960708765852495  3.932368850866405 60.82544646758531 pid28f2
53.65882337052109  4.791812003586247 63.24244737769359 pid2847
53.75447194933665  2.133903773442101 58.02227949622085 pid2890
53.87873157530772  4.393819639949786 62.66637085520729 pid2897
54.17162071911132  3.3995093757361294 60.97063947058358 pid28a0
54.28100246311532  3.1489662751201166 60.578935013355554 pid27ad
54.42927071553563  1.1747919743273685 56.77885466419037 pid27eb
55.178408647879245  2.9848512791012927 61.14811120608183 pid28f5
55.254519869495084  3.5006438262323702 62.255807521959824 pid28bc
55.294746102735964  1.9471558262099635 59.18905775515589 pid27ae
55.70095562223188  4.602923441701938 64.90680250563575 pid28ad
56.415170998366946  3.7715762336080854 63.95832346558312 pid287a
57.66709792308507  3.0202716789952495 63.707641281075574 pid287d
58.4998465533083  1.5196549181965056 61.53915638970131 pid280c
58.81250197612728  4.998245564806008 68.80899310573929 pid283a
59.11754285355996  4.333491181857319 67.78452521727459 pid28be
60.159170248278905  3.2229567976360127 66.60508384355093 pid28c2
60.39093966471692  2.888993004934617 66.16892567458615 pid28f9
60.517353927109355  3.6391569429397244 67.7956678129888 pid2952
61.73744994993766  3.0522724776014503 67.84199490514057 pid28a5
61.81801439808949  1.9507399373197845 65.71949427272905 pid2862
62.0635680204595  2.3112119027422837 66.68599182594407 pid2904
62.30386666787677  3.697348665985755 69.69856399984828 pid28f6
62.41184050916874  2.488025821786338 67.38789215274141 pid28fd
62.6624956466769  1.9006428413896344 66.46378132945617 pid28a6
62.72212950403279  3.322962699974204 69.3680549039812 pid283b
62.82559340261068  4.359085565347031 71.54376453330474 pid2919
63.160996207890506  3.0094821455358893 69.17996049896229 pid288d
64.43606189555547  2.975260137932955 70.38658217142138 pid27a8
64.78514914261467  2.9265309548650817 70.63821105234483 pid2832
64.93526089297559  1.234831202234405 67.4049232974444 pid27bd
66.24226463232904  1.330070852231604 68.90240633679225 pid290f
66.24261969630082  4.508452209022922 75.25952411434666 pid293b
66.33357779632576  1.8396391678004749 70.01285613192671 pid27af
66.42437860921868  3.8925962960993457 74.20957120141738 pid287f
66.631636701261  2.7364840842242653 72.10460486970953 pid2923
66.6489436485185  2.5683991323454043 71.7857419132093 pid288f
67.16296116140921  3.746896255985228 74.65675367337967 pid27d4
67.29845120809408  1.2611161197183098 69.8206834475307 pid2855
68.40759688468674  4.896265990789642 78.20012886626603 pid27ec
68.59324761807505  4.869966272775424 78.3331801636259 pid293a
69.4861497615305  3.615654656754653 76.7174590750398 pid27f4
70.2745227484106  1.385071290291004 73.04466532899261 pid28e1
70.97687993741441  4.604520086127929 80.18592010967026 pid28cc
71.64826309289147  1.344845807111208 74.33795470711388 pid27cb
71.88365745393635  3.4236819380158345 78.73102132996802 pid27cf
72.23520297000755  4.237138435607277 80.7094798412221 pid2843
72.34593747427725  1.8519546419874473 76.04984675825214 pid28d0
72.62815754054415  3.566077263217992 79.76031206698013 pid28ff
73.03067926071803  2.0242844596868705 77.07924818009177 pid2938
73.22454480847368  2.711480372917186 78.64750555430805 pid2823
73.22654499530215  3.4528192894467704 80.1321835741957 pid2927
74.40954648528147  4.709453876209177 83.82845423769982 pid2879
74.59466598772114  4.308420972546358 83.21150793281386 pid2837
74.74189046196098  4.091739408537668 82.92536927903632 pid286c
75.32179637594939  2.0751842636941396 79.47216490333767 pid286f
75.34752463548493  4.308896557191341 83.96531774986761 pid284c
75.91421940549792  2.017733392464659 79.94968619042723 pid28b1
76.08923492803676  3.762147771884061 83.61353047180488 pid28f7
76.19555368895325  3.0902374654315494 82.37602861981635 pid292f
76.3476915531548  4.22031118338951 84.78831391993383 pid290b
77.14486898690596  1.6674175838181848 80.47970415454233 pid2881
77.4188442223781  1.3997404936318731 80.21832520964185 pid2924
77.83429727899043  4.174634852597152 86.18356698418474 pid293d
77.97812910520857  1.4599625037902606 80.89805411278908 pid281b
78.9234855341071  4.669178978927234 88.26184349196157 pid28d4
78.9916301023447  1.8937186607289203 82.77906742380254 pid2917
79.12837189206466  3.5421227832600577 86.21261745858477 pid28bd
79.25275253036402  2.3902174545085826 84.03318743938118 pid2937
79.37100717720502  2.423949121370197 84.21890541994541 pid2880
80.1235960249517  4.497919917587594 89.11943586012688 pid2811
80.34551469815521  3.570438349043995 87.4863913962432 pid28a9
81.25888897301344  3.5924613937050447 88.44381176042353 pid27ab
82.62881488344584  3.8657617256338477 90.36033833471353 pid2821
82.63737964700671  2.335648427464657 87.30867650193602 pid2887
83.3478780763354  2.3406268668618475 88.0291318100591 pid2935
83.42838100157674  2.3931335023457705 88.21464800626828 pid27f8
83.47399192966733  1.3639943201765568 86.20198057002045 pid28b6
83.66017956632889  2.6511579350057755 88.96249543634045 pid280a
84.54150148992605  3.319508260439554 91.18051801080516 pid27ce
84.61142241555676  4.694434500777188 94.00029141711113 pid2933
84.96590566235383  4.922248106214582 94.810401874783 pid27bc
85.0171391014172  4.952635102778565 94.92240930697433 pid28ef
85.07509271607105  2.605460202414973 90.286013120901 pid284f
85.60509967791145  3.6627996948770005 92.93069906766546 pid292b
85.90969599822571  3.9107743416039225 93.73124468143357 pid290d
86.3448541230976  1.9926269925384714 90.33010810817454 pid27e9
86.4266549512399  1.1714034151019113 88.76946178144372 pid27f5
86.75219232364842  4.529630310571699 95.81145294479181 pid281e
87.09288005612439  1.0262730543114924 89.14542616474738 pid2949
87.55101396358839  2.296136929484052 92.14328782255649 pid28cb
87.58326542804592  3.453833020716189 94.4909314694783 pid2910
87.60571227165106  4.334666642761905 96.27504555717486 pid27c2
87.83888665804727  4.110273302377527 96.05943326280233 pid27e7
88.9226007197069  4.741290085390386 98.40518089048769 pid2876
89.45782211325587  2.758187936461359 94.9741979861786 pid2822
89.51808331054056  4.479627448440864 98.47733820742229 pid27cc
90.15512403428134  3.6089966490210834 97.37311733232352 pid293c
90.71190010516956  3.4746307053671757 97.66116151590391 pid27c3
90.93403440805822  4.002493806333022 98.93902202072427 pid2874
92.20289918189778  1.5265132030578332 95.25592558801344 pid2965
92.23166503057345  4.560001287730792 101.35166760603504 pid280d
92.48811217084234  3.416969223483393 99.32205061780913 pid28f3
92.55513346857474  4.176230007580496 100.90759348373572 pid289f
93.70713776797953  2.7593121732186163 99.22576211441677 pid28d8
94.16742086399219  4.312857715277492 102.79313629454717 pid2961
94.51417863358492  1.207702394092395 96.9295834217697 pid285f
94.54319007656349  3.3937218618466685 101.33063380025683 pid28c8
94.77381934213658  4.163202663452157 103.1002246690409 pid2939
95.24065504837019  2.169326283845618 99.57930761606143 pid286e
95.79605951505187  2.7739200696591357 101.34389965437013 pid27c6
96.21059659717864  1.6812847767129524 99.57316615060454 pid2906
96.50436766868484  2.745912528821911 101.99619272632866 pid280e
97.25184276739789  2.7668898796730863 102.78562252674406 pid2845
97.32259295401896  2.13816592162914 101.59892479727723 pid27e1
97.47910221883018  2.447749758685804 102.37460173620178 pid2960
98.54349208141079  1.9946916253201636 102.53287533205112 pid2866
98.73783000815936  4.154738349185421 107.04730670653021 pid2959
99.34489311668469  3.2081788233495314 105.76125076338376 pid28b2
100.40235977626396  3.2682819810267127 106.93892373831738 pid280f
100.96566689248988  3.4873694414306726 107.94040577535122 pid2943
101.26723360933147  2.8963083694522616 107.059850348236 pid28af
101.35981948224526  4.476786124287285 110.31339173081983 pid27b2
102.3262294823327  3.14251648271921 108.61126244777113 pid2934
102.79150091018468  3.9124323742778655 110.6163656587404 pid2878
103.11983714886658  1.80508289661508 106.73000294209675 pid291b
103.13148159422201  3.6433710079044306 110.41822361003086 pid2884
103.98005689165875  3.040728248920304 110.06151338949935 pid2840
104.3442327284004  3.3077105567739693 110.95965384194834 pid294a
106.06848595359392  4.4096966245510805 114.88787920269608 pid2895
106.47050216845047  2.4143888743618795 111.29927991717423 pid2815
106.58494316248063  3.045614010973246 112.67617118442712 pid2800
106.98177229672172  2.4706660558824582 111.92310440848664 pid2936
107.6280492903223  1.7770287067062993 111.18210670373489 pid28f1
109.16763097552692  2.10005040335185 113.36773178223062 pid28a1
111.17734377858149  2.072258951910673 115.32186168240284 pid284a
111.18319504626103  3.7292491214648655 118.64169328919077 pid2838
111.87047123291725  4.953975306186313 121.77842184528988 pid284d
112.24794905493832  3.954679040007564 120.15730713495344 pid27b0
112.34125224921897  1.176501769967945 114.69425578915485 pid27d3
112.52424900519266  3.9937476212854013 120.51174424776346 pid27c9
112.54917367784077  1.0978206804831543 114.74481503880708 pid2957
113.49629990699039  1.3661034865749508 116.22850688014029 pid283e
115.2438473362633  1.6948332962930581 118.63351392884941 pid2833
115.90468540760047  4.71617535433898 125.33703611627843 pid27d8
115.9733225158165  4.818381627283155 125.61008577038281 pid28fe
116.16181240071198  1.5016877931283998 119.16518798696877 pid2846
116.31739272661945  4.238231429060967 124.79385558474138 pid27e0
116.44875167695321  3.4169519183850343 123.28265551372327 pid28e8
116.470197707621  1.652666624365069 119.77553095635113 pid27b3
116.73227065138057  2.2771665356260473 121.28660372263266 pid2951
117.61864739851441  1.9656230106031023 121.54989341972062 pid27f2
118.10403034128187  1.672651324831154 121.44933299094419 pid295b
118.20456331613781  1.2778207844729228 120.76020488508365 pid281c
118.68751570655711  4.651548974828017 127.99061365621314 pid2831
119.76353518708838  4.758865008079065 129.2812652032465 pid27a6
120.04597890839577  1.8878476699025861 123.82167424820094 pid28b5
120.81149000518167  4.582588336778181 129.97666667873804 pid28c6
121.20598152949971  4.650195093291645 130.506371716083 pid291d
121.23572361625313  2.579063000688172 126.39384961762947 pid2902
121.39635321673126  2.3598959771690926 126.11614517106945 pid2891
122.0514657746813  4.909137959350206 131.8697416933817 pid27ed
122.18792236173472  2.6553973077484816 127.49871697723168 pid27ff
122.19773349928207  3.162936771361938 128.52360704200595 pid27ee
123.11832841654564  2.576681502344219 128.27169142123407 pid2913
123.26894132906675  4.24066080278957 131.7502629346459 pid287b
123.85861530418588  2.9838898997249266 129.82639510363572 pid27d7
124.43668632499663  3.687545284526135 131.8117768940489 pid2942
124.63181932852228  1.1048660365188732 126.84155140156003 pid27da
124.91859443311655  2.624562490850561 130.16771941481767 pid2946
125.45006887531869  2.646863020736496 130.74379491679167 pid291e
126.50446327836073  3.6250347541907155 133.75453278674217 pid2842
126.7098885361158  3.3397915153214646 133.38947156675871 pid290c
127.06902659242378  4.307382232468056 135.68379105735988 pid28db
128.11786183876188  3.867498506754031 135.85285885226995 pid2806
128.16537123220243  1.7498337912404929 131.6650388146834 pid2871
128.20678863876492  2.972457499278184 134.15170363732128 pid2814
128.36211438763542  2.3862333587619577 133.13458110515933 pid289e
128.53483968308876  3.2437610933916536 135.02236186987207 pid28da
128.81821240717738  2.1837928694969033 133.18579814617118 pid27b6
128.86554970676616  1.134891939389275 131.1353335855447 pid286d
129.16530015336264  1.8205146561479735 132.8063294656586 pid28ee
129.2743480797454  3.9962039267082314 137.26675593316187 pid2889
129.46904207071265  2.7463299261877334 134.9617019230881 pid28fc
129.6437646511565  2.500544772751583 134.64485419665965 pid295f
130.13327456636233  3.415810911519485 136.9648963894013 pid27e6
130.16791196032747  1.3412415067610262 132.85039497384952 pid2850
130.4671722392674  1.1684963030002025 132.8041648452678 pid2886
130.6287751700622  4.11576531146239 138.860305792987 pid28a8
131.35672942246714  2.164780642928253 135.68629070832364 pid28dd
131.86686268252674  3.565312794073637 138.997488270674 pid288c
132.10756298707184  4.928345707142516 141.96425440135687 pid282f
132.67925692449816  2.0608533187426885 136.80096356198354 pid2894
133.47068229483588  4.74563401422178 142.96195032327944 pid2950
133.80452461363268  4.862481893446395 143.52948840052548 pid2892
133.93806195069385  3.6819634380422945 141.30198882677843 pid28e3
135.07436115662503  1.1501515850984565 137.37466432682194 pid2905
135.14667035970254  4.866130996494257 144.87893235269107 pid283f
135.38779578478898  3.9083090239584957 143.20441383270597 pid27c4
135.45305009989033  1.3470528388338279 138.147155777558 pid27fa
135.47042394220858  4.192202662438758 143.8548292670861 pid292a
135.57160209641975  4.410263492896782 144.39212908221333 pid27be
136.79939426066838  2.487893412788072 141.77518108624452 pid2909
137.6859839321325  1.2570728475284634 140.20012962718943 pid282e
137.7645254090626  1.555415251598562 140.87535591225972 pid2809
137.91367233328174  1.5723484950901376 141.05836932346202 pid2962
138.30622325642022  3.9568431207230472 146.21990949786633 pid28bf
138.91585412125104  1.5370481580947923 141.98995043744063 pid27a9
141.22657850045903  4.564372359628976 150.35532321971698 pid2953
141.2587771115332  3.7184946985639447 148.69576650866108 pid28e4
141.622636205648  4.464304115657727 150.55124443696346 pid28f8
141.9305397760336  4.29399472404511 150.51852922412382 pid27c1
142.17817680930006  3.422425357042086 149.02302752338423 pid27ba
142.18378544105303  3.4995677609664204 149.18292096298586 pid28ce
142.3419085158564  4.5554183943171305 151.45274530449066 pid28e9
143.2787424519589  1.9785110356266151 147.2357645232121 pid2945
143.42435200493614  1.9004974496434395 147.22534690422302 pid28df
143.55760528201546  4.47105533299353 152.49971594800252 pid2958
143.73085899389704  1.5166751449059892 146.76420928370902 pid2818
143.82413432044126  4.89210079952681 153.6083359194949 pid28d3
144.12076276776298  4.472276160288422 153.06531508833982 pid2825
144.17663752103314  2.759657205828845 149.69595193269083 pid2931
144.38051040165394  1.4656922933189112 147.31189498829175 pid2964
144.58566339411303  2.4356699318583153 149.45700325782965 pid2916
144.9607419918632  4.125027952261641 153.21079789638648 pid2861
145.0843897248494  4.48229645085143 154.04898262655226 pid295a
145.8675064002752  2.2235915834264213 150.31468956712806 pid28dc
146.17358445782043  3.244705931133904 152.66299632008824 pid28e6
146.21841820440352  1.9299661232510683 150.07835045090565 pid2907
146.233189104225  3.5302889814717444 153.2937670671685 pid291f
146.3720870156205  2.538539252165696 151.4491655199519 pid2912
146.55667500354568  3.769693387871111 154.0960617792879 pid2812
146.5596818058663  1.816683855628693 150.19304951712368 pid27fb
147.15663207356124  4.140684706188912 155.43800148593905 pid28c5
147.58573342459707  1.292501591613176 150.17073660782341 pid28e2
148.29624235982664  2.6138691984254008 153.52398075667745 pid2918
148.71236379746873  1.2607261747616887 151.2338161469921 pid2829
148.83637867625282  3.4125157440758365 155.6614101644045 pid280b
148.87040372380628  1.4053435007869344 151.68109072538016 pid28de
149.24378792744267  1.913804646000893 153.07139721944446 pid2947
149.59265226178397  2.6775802177110024 154.94781269720596 pid27b8
149.959596390519  2.243440830643977 154.44647805180696 pid2802
149.98267862627242  3.7669442676919513 157.51656716165633 pid28b7
151.02725626041072  1.1081455088579686 153.24354727812667 pid294e
151.18899967030666  2.0522551491236216 155.2935099685539 pid292e
151.50613147127297  4.060018523138245 159.62616851754944 pid2948
151.67660782751537  1.7972648002020977 155.27113742791957 pid2908
151.69830720568882  2.281737460958267 156.26178212760536 pid27dd
152.5083634422209  4.296545742929471 161.10145492807985 pid281d
152.78702200234434  3.086733233995297 158.96048847033495 pid2819
152.96730408613294  3.0248264687593496 159.01695702365163 pid28b3
153.58701787413582  4.160281669636438 161.9075812134087 pid2853
153.88289821737735  1.715951310424693 157.31480083822674 pid27b4
154.0250308012613  2.6914134121212423 159.40785762550377 pid2803
154.6019831032264  2.264064316087931 159.13011173540224 pid282d
155.06658606987264  3.9259186770565826 162.91842342398581 pid2867
155.3463666526756  4.176058836909958 163.69848432649553 pid2901
155.8988555682879  1.3801686829215258 158.65919293413094 pid2841
156.58120415831615  2.4153636326053145 161.4119314235268 pid2801
157.56854901288514  1.8238616208213125 161.21627225452778 pid27f6
157.65126845574383  1.7570182742678573 161.16530500427956 pid285b
157.8887495217299  2.818774069064692 163.52629765985927 pid2835
158.9309892170875  3.9056547807194164 166.74229877852633 pid28a4
159.34646542927763  3.343842075510048 166.03414958029774 pid2955
159.89275884338025  4.9096175730746285 169.7119939895295 pid28ed
160.0811870783246  2.562115362300134 165.20541780292487 pid28ae
160.15131482509244  3.4565896383895733 167.0644941018716 pid292d
160.19437032508424  1.0532912772690044 162.30095287962226 pid2956
160.4473845269951  2.643915616140917 165.73521575927694 pid28d9
160.89893083916974  2.6444539403232845 166.1878387198163 pid285d
161.3662016344865  2.772214791126769 166.91063121674003 pid28a2
162.07787915877634  1.6936447404253716 165.46516863962708 pid285a
162.3648017169415  3.083435721201616 168.53167315934473 pid285c
162.69958273794418  4.642823474192911 171.98522968633 pid27f9
162.85907156558676  1.4740388113180467 165.80714918822287 pid27a7
163.30868871056612  1.7079196935814074 166.72452809772892 pid2944
163.37008730443247  2.9477948293922167 169.26567696321692 pid2869
163.40502569718976  3.7861390190367277 170.9773037352632 pid2834
164.73831182443573  4.239652774588608 173.21761737361294 pid2929
165.128984211981  3.2006843764244324 171.53035296482986 pid28c3
165.15018010991932  2.664419635268102 170.47901938045553 pid2966
165.43453144895847  3.224785127807689 171.88410170457385 pid27fe
165.49825741872132  3.6306464029289653 172.75955022457924 pid284b
165.53582047421082  2.2057863257752963 169.9473931257614 pid28e0
165.68578599572484  2.4296280996113113 170.54504219494746 pid27ac
166.1575041372852  2.0859723404378387 170.32944881816087 pid28ec
166.16613996954334  1.3491999428473274 168.86453985523798 pid2830
167.5257878204585  1.16046967140971 169.84672716327793 pid2817
168.4261938555458  1.6302233041939314 171.68664046393366 pid28fa
168.58609732413726  4.283045764296315 177.1521888527299 pid27f0
169.00938516527293  4.492500648710974 177.99438646269488 pid2930
170.42178575904643  3.5754377310190892 177.57266122108462 pid28cf
170.77692252276339  3.5126611103858782 177.80224474353514 pid293f
171.09327085316792  2.7217314756253885 176.5367338044187 pid2875
171.42973455837316  3.2485746931718906 177.92688394471693 pid294b
172.3085997099487  3.3631851895040725 179.03497008895687 pid2810
172.7905445176749  3.0973259004081815 178.98519631849126 pid27e2
172.83489789465847  3.575245127081094 179.98538814882065 pid27e8
173.0509938097312  1.516844763719257 176.08468333716974 pid28b8
173.10060464861508  4.814939987269479 182.73048462315404 pid2813
173.47800410062868  2.9252742004530528 179.32855250153477 pid28e5
174.0814565115158  1.8273023091629228 177.73606112984163 pid2863
174.19978932052598  2.094701349382124 178.38919201929022 pid295d
175.33439901015842  1.4640820439607394 178.2625630980799 pid2898
175.48504578426113  2.8189207894118904 181.1228873630849 pid28eb
177.14082152396654  1.3353668430092958 179.81155520998513 pid2839
177.32321410619141  2.398092041596133 182.11939818938367 pid290a
178.09254236977785  4.75597258676492 187.6044875433077 pid27de
178.23163298550497  4.174196685246423 186.58002635599783 pid2920
178.56651255951888  4.110235226297386 186.78698301211367 pid2954
178.57579289895457  3.9302209728505915 186.43623484465576 pid284e
179.15602810516893  4.457078443798748 188.07018499276643 pid2868
179.4057729291008  1.2922706034102736 181.99031413592135 pid292c
179.78856361843933  2.5597897269415486 184.90814307232242 pid294d
