3.524387006818608  0.754812101305635 5.0340112094298775 pid8bf
3.590023740194026  2.0545293604876247 7.699082461169276 pid89d
10.125620357246067  2.151589346160133 14.428799049566333 pid8a0
12.62033835733838  2.4578666197447845 17.53607159682795 pid8a7
13.957501427541564  1.3097511151951982 16.57700365793196 pid8b3
15.372037771145308  1.8737096283851424 19.119457027915594 pid8b6
19.08337055417162  1.9336103774843219 22.950591309140265 pid8c7
19.622589029293035  1.6593558030221978 22.94130063533743 pid898
20.910135046246737  0.896607884244707 22.70335081473615 pid899
22.517640270988448  2.9512521920176225 28.42014465502369 pid8ab
22.984873297690854  1.831370621491383 26.64761454067362 pid8b4
28.269634740083216  2.579821293172564 33.42927732642834 pid8ae
33.684260101802685  1.3462096933895582 36.3766794885818 pid8af
36.32417055550011  0.619060223110971 37.56229100172205 pid8c2
38.63943072349666  0.8098627211542206 40.2591561658051 pid8a8
39.54519145007609  1.8801942019351174 43.30557985394633 pid89b
40.84962612501998  2.8658682631151553 46.58136265125029 pid8bb
41.94659853860574  0.9991947356564109 43.94498800991856 pid8bc
42.58804098344461  2.0621294338606106 46.71229985116583 pid89a
42.72866988371645  1.610701038956762 45.95007196162997 pid8aa
47.77551788155995  0.5951896673118778 48.965897216183706 pid8ac
54.48927908560702  2.977578367745997 60.44443582109902 pid8ad
55.155786213604486  2.811088273796684 60.777962761197855 pid8c8
56.44815825730672  0.9534556901045254 58.355069637515776 pid8c0
57.52915684414377  2.3757623512601582 62.280681546664084 pid8b5
57.824723021835446  2.011648171157638 61.84801936415072 pid8c4
58.12947768092476  2.170430178542897 62.47033803801055 pid8c9
61.53651529270334  2.1091321068590196 65.75477950642139 pid89e
61.81958213688371  1.0417734548164506 63.90312904651661 pid8b8
62.310750652425895  2.813342775707253 67.9374362038404 pid8c5
63.55577946668419  0.4279724840181157 64.41172443472043 pid8c6
67.67990960575328  1.915879400056809 71.5116684058669 pid8b2
70.87139797696106  1.3641210236041377 73.59964002416933 pid8be
72.48915386083978  2.1958197568061864 76.88079337445215 pid8b9
73.86633331726598  1.5358226813646318 76.93797867999524 pid8bd
73.95324594995839  2.9087624170982287 79.77077078415485 pid89f
74.8005807217909  2.2178085801528686 79.23619788209663 pid8b7
76.49546800780752  2.1082358490384006 80.71193970588432 pid8c1
77.11202619107584  2.394524534121595 81.90107525931903 pid8a4
79.40576824239506  1.8714980586946832 83.14876435978442 pid8c3
80.00602778636853  1.4448724438267213 82.89577267402197 pid8a6
80.71657182391559  1.4647655742146082 83.6461029723448 pid8a9
81.60461837995346  1.34664586324776 84.29791010644898 pid8a2
82.29463882655868  1.4419467532305164 85.17853233301972 pid8b0
83.92351793841559  1.7106961710739412 87.34491028056347 pid89c
83.95564150182736  2.8138748637242803 89.58339122927592 pid8a5
87.88292606963589  2.497669639200594 92.87826534803708 pid8a1
90.14385164448167  2.3336707632537554 94.81119317098918 pid8ba
98.5945919508075  0.7030034167852839 100.00059878437807 pid8a3
98.66385145784078  2.8876051521087565 104.43906176205829 pid8b1
