0.5534787924551421  1.2730999439901338 80.55347879245514 pid1858
0.9010694729833901  1.405988061307549 80.9010694729834 pid1808
2.533642725732993  0.6207643049831281 82.53364272573299 pid1835
3.264003201459781  0.6548580217064877 83.26400320145979 pid17e3
3.876137548717912  1.6852416175774434 83.8761375487179 pid181d
4.108497802488631  1.9036869394203813 84.10849780248863 pid183e
4.8636411730657745  1.4189226483961777 84.86364117306577 pid183b
4.99769320015862  0.6809816474518239 84.99769320015862 pid185b
5.5095545973226026  0.6361124781639109 85.5095545973226 pid1829
7.07500516682702  0.54480655212664 87.07500516682703 pid183d
10.977243679665067  1.9002329505482387 90.97724367966507 pid1839
11.077697915069162  0.6182362133257697 91.07769791506917 pid1854
12.214335092862372  1.099778846343436 92.21433509286237 pid17ed
13.8457114672569  1.605647308488988 93.8457114672569 pid181b
13.924320465204099  0.9227608591065641 93.9243204652041 pid17e8
17.759327285511397  1.7383090619129506 97.7593272855114 pid1824
19.673214620454576  0.7645234641807919 99.67321462045457 pid1821
20.384324770130068  1.3729826906077325 100.38432477013006 pid1868
21.05918250637833  1.4773381600692395 101.05918250637833 pid1800
23.369794175714993  0.8218669333009152 103.36979417571499 pid17ee
23.422818467992528  1.4525481207355329 103.42281846799253 pid17da
25.619993882744158  0.8696936953100376 105.61999388274415 pid1855
26.287118490220767  0.5008128730490833 106.28711849022076 pid1807
26.56798882228049  1.9504014326189958 106.56798882228048 pid1806
26.932421015356073  1.207952926605608 106.93242101535607 pid17f3
27.531042161745066  1.1321588656734831 107.53104216174506 pid183a
27.61753458844608  0.6319256534643692 107.61753458844608 pid1851
27.86097975118869  1.5060014559798334 107.8609797511887 pid181f
28.0031048078458  1.7853213806327706 108.0031048078458 pid17e9
31.150519884849455  0.9088178247249372 111.15051988484946 pid17f7
31.49759661878467  1.186168999456789 111.49759661878467 pid17f9
33.395203316776616  1.8490528224122367 113.39520331677662 pid1803
33.43426200205451  0.921851256381852 113.43426200205451 pid182f
33.7686052776323  1.605233399293968 113.7686052776323 pid17ff
34.610725130233874  0.8153160672033414 114.61072513023387 pid17ef
35.25982212530999  0.8729710076796178 115.25982212531 pid17eb
36.03029503006467  0.5445843450251016 116.03029503006468 pid17f1
37.276464289797886  1.643303075955149 117.27646428979789 pid17e2
37.899632561375064  1.8886878450574234 117.89963256137506 pid1805
38.71381376459578  1.91905430779284 118.71381376459578 pid184d
39.147518406874475  1.2028834715167849 119.14751840687447 pid1841
39.95735419625232  1.0859976568755716 119.95735419625231 pid180a
40.515456150130234  0.8808798240772199 120.51545615013023 pid182e
41.10218002899473  1.7078893284148824 121.10218002899472 pid1861
41.37548845976103  0.8545060614413361 121.37548845976103 pid17d9
41.422199723504896  1.296444787421186 121.42219972350489 pid1815
42.45317272739907  1.7202046315502657 122.45317272739908 pid1825
43.17632068319375  1.7132276380673046 123.17632068319375 pid184f
43.682078164234866  1.994235206248979 123.68207816423487 pid185e
43.97070268841553  0.598350363347788 123.97070268841553 pid17d8
44.38812177898194  1.2007540100734602 124.38812177898194 pid1817
47.703280811673196  1.0608629252767932 127.7032808116732 pid17de
47.97844536562017  1.4498258488527793 127.97844536562016 pid182a
48.370121582583636  1.847440840980884 128.37012158258364 pid1813
49.64099925155481  0.719179938740659 129.6409992515548 pid1819
50.81626538300596  1.3928079519587773 130.81626538300597 pid184b
51.54278778365118  0.5215684940939893 131.5427877836512 pid1809
51.61943532707517  0.777643634327976 131.61943532707517 pid183f
52.34110044599656  1.7489111438461185 132.34110044599657 pid17f5
53.89271396309435  0.9999216068174257 133.89271396309437 pid17db
55.21946629992736  1.0373190027835697 135.21946629992738 pid1840
55.999932441485775  1.1240901593698012 135.99993244148578 pid17fd
56.54491348686658  1.4159870457481336 136.54491348686656 pid17dc
57.16613577105064  1.602831210944715 137.16613577105065 pid1828
59.632091595461354  1.2574981871416318 139.63209159546136 pid1830
62.22291603975051  0.7942535677540616 142.22291603975052 pid1845
63.27130975285829  1.6275122831486297 143.2713097528583 pid1811
63.774640926884146  1.7881049431325446 143.77464092688416 pid17e4
64.04012126509602  0.6165362561456282 144.04012126509602 pid1846
67.56709595501981  1.3582752590725256 147.5670959550198 pid180d
72.09777830014652  0.9017726123335177 152.0977783001465 pid17ea
72.99293779893702  1.6024662217771948 152.99293779893702 pid1812
73.18974018289883  1.6228068586902005 153.18974018289884 pid17f0
73.36918665107709  0.7664760899731345 153.3691866510771 pid17df
74.23740240911663  1.767614306186364 154.2374024091166 pid17f6
74.93430469685576  1.0618365244832368 154.93430469685575 pid1827
76.18234425817263  1.7610392509406378 156.18234425817263 pid17f4
77.66550865640146  0.5180965512494162 157.66550865640147 pid17ec
77.67747880447392  0.5943077524694798 157.67747880447394 pid17e5
77.8115167908547  1.4881204036974132 157.81151679085468 pid17fb
78.14451081611408  1.0198706626012906 158.14451081611406 pid181a
79.89377409035868  0.6311029073398775 159.89377409035868 pid1832
80.95595268783092  0.7378512093516872 160.95595268783092 pid17e7
81.31626994731809  0.9461565575404656 161.3162699473181 pid1857
81.84331614807883  0.614236663646643 161.84331614807883 pid17d4
81.98221304062233  1.6846388862484294 161.98221304062233 pid1810
82.3850615830258  1.1815559658498311 162.3850615830258 pid1865
84.85459693662965  1.2508882247160171 164.85459693662966 pid17f2
86.33118514036703  1.4531970730433346 166.33118514036704 pid1847
86.83274629922852  0.6990509490615581 166.83274629922852 pid184e
87.501292538434  0.8202214750373349 167.501292538434 pid1838
88.7590571766775  0.598775644793192 168.75905717667752 pid1816
89.18219006532473  1.869242817286089 169.18219006532473 pid17f8
89.25816545433788  0.7454450940238184 169.25816545433787 pid1844
93.29584100997279  1.1994187275457486 173.29584100997278 pid1801
93.63543397690141  0.5644990026353129 173.63543397690142 pid185d
95.01715107845044  1.9425508788048351 175.01715107845044 pid184c
95.44978554951314  0.5329602297959848 175.44978554951314 pid1836
95.5738205802157  0.7979670634242839 175.57382058021568 pid1837
96.48086830270016  0.8782020232419154 176.48086830270017 pid1848
96.76125933821729  0.7832357554673499 176.7612593382173 pid1869
96.80086137825133  0.7663310417308873 176.80086137825134 pid1862
97.83876143999674  1.0753073779686455 177.83876143999674 pid1863
98.03210773222443  0.6997942939069632 178.03210773222443 pid185c
98.17976942457744  0.8620041864151899 178.17976942457744 pid180c
98.91116508948747  0.535966641144759 178.91116508948747 pid1804
99.64685485719603  1.2331089787931866 179.64685485719605 pid17fc
100.36707814704778  1.9058725795040294 180.36707814704778 pid185f
101.3808092098775  0.6264744265230386 181.3808092098775 pid1849
101.90276464103925  1.0532228825549828 181.90276464103925 pid1856
107.29340006305873  1.2347278027517294 187.29340006305873 pid17d5
107.93327635577766  1.489487553236871 187.93327635577765 pid1867
109.37830590980782  1.0242881236128314 189.3783059098078 pid182b
110.40620510782396  0.576012469646037 190.40620510782395 pid1826
111.63907776450975  0.887712689661349 191.63907776450975 pid1833
112.15122151089163  1.141215595445653 192.15122151089162 pid17e6
112.26552765219081  0.8214517960056862 192.26552765219083 pid17fa
113.80764396922694  1.6575871964007947 193.80764396922694 pid17d6
114.19061666245538  0.8460733080950239 194.1906166624554 pid1818
118.14956224305023  1.7662417701388478 198.14956224305024 pid1834
118.8528729746664  1.2939017046557166 198.8528729746664 pid1852
119.93045795777144  0.7478395300480587 199.93045795777144 pid17d7
120.69850813455118  0.6032602646042685 200.69850813455116 pid17fe
121.59596911578299  0.6150547759717695 201.595969115783 pid1820
124.46144505520546  0.5081448878885183 204.46144505520544 pid1859
126.86610349155532  1.9249071341350972 206.86610349155532 pid1860
127.03009253846422  0.8859949517705548 207.0300925384642 pid1802
127.30570363364451  1.133441515587176 207.3057036336445 pid1822
127.62331895144993  1.6153205815152036 207.62331895144993 pid185a
129.02851811457634  0.9263946045209412 209.02851811457634 pid17e0
129.68694810674018  1.5091758555234491 209.68694810674018 pid1850
130.09047770232033  1.5111631916238457 210.09047770232033 pid1823
130.78222428314064  1.8397124023183407 210.78222428314064 pid1843
131.93585319606467  1.2800167295679439 211.93585319606467 pid182d
132.88008973968155  1.4153042214397407 212.88008973968155 pid181e
133.53559147425446  1.2814211247943441 213.53559147425446 pid1842
134.19379972728836  1.5993392411893113 214.19379972728836 pid1831
135.18312303234492  1.195731921374755 215.18312303234492 pid180f
138.91429995312313  1.5533402583509366 218.91429995312313 pid180b
139.7805410235328  0.7043333792696569 219.7805410235328 pid181c
140.44448524423558  1.690082095688212 220.44448524423558 pid183c
140.5874090616184  1.6267703019903117 220.5874090616184 pid17e1
141.73396187541326  0.5325768246870928 221.73396187541326 pid180e
145.2186407573796  1.4073402377145472 225.2186407573796 pid182c
147.2037155709672  1.107563624916643 227.2037155709672 pid1866
147.3037045125985  1.4955991884505009 227.3037045125985 pid1853
147.47993795727984  0.8304499669599226 227.47993795727984 pid1814
147.66348658527204  0.599673688696684 227.66348658527204 pid1864
148.0348483902373  1.0549520294299768 228.0348483902373 pid184a
148.5269943728695  0.6344952797092239 228.5269943728695 pid17dd
