0.529084218835314  3.8548751017630276 8.23883442236137 pidd02
0.8839631392055991  2.6409594106330023 6.165881960471603 pidd04
0.9473633802997994  1.4133844188506415 3.7741322180010823 pidd0f
4.042943370721561  1.3174401821826378 6.677823735086837 pidd3d
5.131115548175529  3.77398901691818 12.67909358201189 pidcca
7.587730096007914  3.1324420270628908 13.852614150133697 pidd19
8.070862520124892  1.76247600133747 11.595814522799833 pidcdc
8.79862075239469  4.466060481327158 17.730741715049007 pidcbb
9.199866451733454  4.0765199874593705 17.352906426652197 pidd26
10.95226780655258  1.172689179067362 13.297646164687304 pidce0
13.119274969808876  4.622531685208509 22.364338340225892 pidcd7
14.670674435115739  1.75897885269687 18.18863214050948 pidcf2
18.085156413125386  2.422677116104806 22.930510645334998 pidd41
18.36571804191386  3.5450635433876045 25.455845128689067 pidd0a
18.432780954476094  2.213642131201357 22.86006521687881 pidd3e
19.52108342406636  2.0966200994277657 23.714323622921892 pidccc
20.304249287384497  1.2343346462437563 22.77291857987201 pidd1c
20.40583940504088  3.172208378925348 26.750256162891574 pidd24
23.41788477728611  4.234785822088213 31.887456421462534 pidcec
24.718961940446  3.6342008705492574 31.987363681544515 pidd16
24.86999909762848  4.157207869378084 33.18441483638465 pidcd9
25.584528987204898  2.6255220614447765 30.83557311009445 pidcdf
26.72517805930746  1.9414310333406055 30.608040125988673 pidd39
26.768872436017592  4.86920622117522 36.50728487836803 pidcb5
27.22176794446409  3.5644330067640286 34.350633957992144 pidd36
28.011871758677238  4.362071498380546 36.73601475543833 pidd42
29.081190959455895  2.7358100662283684 34.55281109191263 pidcd2
31.396660985016467  2.2741160510122547 35.944893087040974 pidce4
32.163998062606076  2.4556791701679956 37.07535640294207 pidd18
35.36042851265134  1.2245149312084802 37.8094583750683 pidd44
35.95723325430188  4.257618862122975 44.47247097854783 pidd2e
37.20027664588666  3.186161262577956 43.57259917104257 pidd35
39.17079391241233  1.4600768800720094 42.09094767255635 pidd14
39.20372347810621  3.547099429698601 46.297922337503415 pidcf7
41.39465714994274  2.7485200227074635 46.891697195357665 pidcfb
43.07342315401587  1.0798695773093137 45.2331623086345 pidcfd
45.76922644227941  1.9010635266718174 49.57135349562304 pidd45
46.26416795481862  3.864926010506886 53.99401997583239 pidcf0
46.678068459443914  1.8823224112901742 50.442713282024265 pidd06
48.88792930268887  4.180708437573107 57.24934617783508 pidcbf
52.003234429411975  3.36998375318447 58.74320193578092 pidcb4
54.303496941882216  4.109456417770204 62.522409777422624 pidcd4
54.584117034393294  2.0961302265367294 58.77637748746675 pidcc4
56.82318315521841  3.9933082367692476 64.8097996287569 pidcf9
60.421111207163165  1.2784112989061982 62.977933804975564 pidcba
61.7969651012721  2.070696703965934 65.93835850920397 pidd15
63.78487988670897  2.6066301663993103 68.99814021950759 pidd38
64.3940775294804  2.9184027279538176 70.23088298538804 pidd1e
66.04770354892031  4.488603059824255 75.02490966856882 pidd29
68.14778602035517  1.4942145085856104 71.1362150375264 pidcf5
68.15818747779483  1.8442786609884152 71.84674479977166 pidd2c
73.84618640647788  1.4110968965441626 76.66838019956622 pidcfe
75.15642624486524  2.716763405540366 80.58995305594598 pidd3b
75.17980823289791  1.4160717350893068 78.01195170307652 pidcc5
75.83649415886043  1.5171601684178828 78.8708144956962 pidcb7
77.08907074987022  1.2500000272313088 79.58907080433283 pidd1a
78.03534888449401  4.4710270017258775 86.97740288794577 pidcd5
78.80512810013789  2.7519887854553424 84.30910567104857 pidcde
79.23498739432937  1.964303601254656 83.16359459683868 pidd0c
81.41849432120378  3.648984028759835 88.71646237872345 pidcbd
83.2654786652747  2.8367752607518892 88.93902918677848 pidd46
85.44089446187691  3.848119351965315 93.13713316580754 pidd30
85.62916007191961  1.5567332912770149 88.74262665447364 pidd2b
86.71937328340414  1.3093052227885664 89.33798372898127 pidd21
86.91660959503082  3.557113805307339 94.0308372056455 pidd09
87.02137426492357  1.8767039404664607 90.77478214585649 pidcb9
88.16314199575469  2.7311190725043613 93.62538014076341 pidcff
89.30500179219993  3.276763707440519 95.85852920708096 pidccf
89.55081379305852  4.6743886378647925 98.89959106878811 pidd32
91.26196107997835  2.0365038128495345 95.33496870567741 pidd2f
92.0133879577777  4.047910619381619 100.10920919654093 pidd47
93.12482866492034  3.083497685007163 99.29182403493466 pidd20
95.86954083345127  4.369937105421631 104.60941504429454 pidce5
97.13707523844297  2.612569926123276 102.36221509068953 pidd13
100.45722481985513  4.017096634822314 108.49141808949976 pidced
101.36476176184759  3.2556157396604237 107.87599324116843 pidd33
101.8662589465996  1.0571898506260937 103.98063864785179 pidd43
102.52902335010755  4.2631506398917045 111.05532462989096 pidcc0
103.09086129276513  2.623572716628508 108.33800672602214 pidcef
103.10481263004586  1.3753646647100672 105.855541959466 pidd08
104.09566026161494  2.886281354027872 109.86822296967068 pidcc6
105.6501764708408  1.5827273313654775 108.81563113357176 pidce3
105.77484111989867  2.079333451617919 109.93350802313451 pidcea
106.15977617490482  3.897479061553092 113.954734298011 pidcc2
108.99103928900982  4.460968338402766 117.91297596581535 pidcd0
109.87315520335692  3.1258924501535303 116.12494010366397 pidd12
110.44111036913912  2.609397017421476 115.65990440398208 pidce2
113.05437700936852  4.178606548528548 121.41159010642562 pidd0d
113.7246184217467  3.13036596855665 119.98535035886 pidd1d
114.66767768654913  4.028863563231415 122.72540481301195 pidcf4
115.2478957924745  3.6779104629019996 122.60371671827849 pidcb8
115.61108530501829  4.897318810508535 125.40572292603537 pidcfc
116.67413328141839  1.1755716873706574 119.0252766561597 pidd00
118.9883524485511  1.8233308018855396 122.63501405232218 pidcc8
119.06687603792437  4.388350366475413 127.8435767708752 pidd2a
120.10157777106103  3.3180009098386147 126.73757959073826 pidcd3
120.14235657096084  2.0088626614520795 124.160081893865 pidd0e
121.06205374511401  3.981256906491127 129.02456755809627 pidcc9
121.42685794417737  2.4882305429489278 126.40331903007522 pidd22
123.29913018518239  1.79670813860877 126.89254646239993 pidd17
123.48771242122011  3.672556267553268 130.83282495632665 pidd28
125.21030424457669  4.523294603594214 134.2568934517651 pidcd8
126.37806588267219  4.410930502622206 135.1999268879166 pidcf8
126.91392704298524  1.569304665869077 130.0525363747234 pidd1b
130.36069201304278  4.930002552081861 140.2206971172065 pidcbc
131.28119689343566  4.411006255133297 140.10320940370227 pidd31
131.807804684171  3.3310152959913024 138.46983527615362 pidcc3
132.35531945692145  3.0231806089950544 138.40168067491155 pidd3c
133.79696417549337  1.5312666627195104 136.8594975009324 pidcf1
134.7513041297759  1.3287002750140497 137.40870467980398 pidcda
136.35674233566886  3.6518332024453874 143.66040874055963 pidce9
136.66557498908853  2.849180202221873 142.36393539353227 pidd23
136.69477536908542  4.573645024704339 145.8420654184941 pidd40
136.95516533323095  3.8847920298178664 144.72474939286667 pidcdd
140.47311875190013  4.016002226329536 148.5051232045592 pidcd6
140.68964310943196  1.2801759960817956 143.24999510159554 pidd2d
140.69091368491982  1.8785757221722994 144.44806512926442 pidd11
140.9398314976056  3.791311999747308 148.52245549710022 pidd03
140.97005351889518  2.9177051478666254 146.80546381462844 pidd10
141.51320645324293  2.4028046210249245 146.31881569529278 pidcfa
143.29442565887737  1.6742486939858106 146.642923046849 pidce6
147.18353596608398  4.472617175896628 156.12877031787724 pidccd
147.57917545720426  2.5866031963092473 152.75238184982274 pidd3a
147.8042959846516  1.154339526427802 150.1129750375072 pidcb2
148.66729063791038  4.164750421408627 156.99679148072764 pidcb6
149.05804733719674  4.584546273862923 158.2271398849226 pidd01
150.33652509716504  4.470507481123816 159.27754005941267 pidcf6
151.81157320875093  1.9172352564935107 155.64604372173795 pidceb
154.89805297413116  4.89083214660431 164.67971726733978 pidcce
155.11822838444706  2.0367052326676287 159.19163884978232 pidcc1
155.47295636371166  2.9760101956156815 161.42497675494303 pidd0b
156.65991264331012  1.350406278846958 159.36072520100404 pidcb3
157.87522185233158  3.197526378566559 164.2702746094647 pidcee
157.9738630466347  4.587225577196061 167.14831420102684 pidd05
158.58308108355592  4.984008595833569 168.55109827522307 pidcbe
163.1839180372182  4.597739596086269 172.37939722939075 pidce8
163.60679706215814  1.4055615498378162 166.41792016183376 pidd3f
164.1187305114378  2.3611202675956244 168.84097104662905 pidd25
165.12258264815267  1.3563223433675518 167.83522733488778 pidcd1
166.71039275870402  4.916794626473466 176.54398201165094 pidce7
168.18046039711675  4.488774531704623 177.158009460526 pidd37
169.1789355349105  1.7246630425118403 172.62826161993416 pidd27
171.61370023312244  4.0535714418420365 179.72084311680652 pidd34
171.92533037174707  4.420983691596 180.76729775493908 pidd07
173.22838328063568  1.0820185524777832 175.39242038559124 pidd1f
174.54079651805623  3.3947010882846707 181.33019869462558 pidce1
175.38978609451868  1.7101047726419156 178.8099956398025 pidccb
175.94457969417124  4.910368081316268 185.76531585680377 pidcf3
178.87012671757415  4.666090095850899 188.20230690927596 pidcc7
179.31836799432332  1.8798820756959218 183.07813214571516 pidcdb
