1.8870794168560967  1.452918712272455 81.8870794168561 pid8a6
3.195651167416802  1.1163564390082323 83.1956511674168 pid8b7
4.201864611616762  1.364803926805393 84.20186461161676 pid8c0
6.598149649552493  1.1386972730518525 86.5981496495525 pid8ae
8.419054357063999  0.9117937981495081 88.419054357064 pid89a
8.759124254495804  0.8158468261211207 88.7591242544958 pid8b3
9.012177028895563  0.5396513558701743 89.01217702889556 pid89d
13.909531921546787  1.5492914918922875 93.90953192154679 pid8a7
17.42456546507282  1.312234501163779 97.42456546507282 pid8c7
25.92029402865357  1.8872136158781683 105.92029402865357 pid89e
30.273435895847683  1.817963986985547 110.27343589584768 pid89f
34.477984988142765  0.8677083529456782 114.47798498814277 pid8a5
38.688368973738285  1.2574689604716534 118.68836897373828 pid8bb
39.743384254872446  1.0852020921052787 119.74338425487244 pid898
47.82563950713897  0.9481388930219423 127.82563950713897 pid8be
48.21169091227192  0.5340994566540743 128.21169091227193 pid8c4
61.59474937582824  1.380859477387228 141.59474937582826 pid8bc
63.1763061882723  0.9128189627052928 143.1763061882723 pid8a9
71.02073889906686  0.6924802779984153 151.02073889906686 pid8c9
74.99628773931373  1.5886445961224904 154.99628773931374 pid8bf
76.25695729570114  0.5374761754774161 156.25695729570114 pid8b0
78.87634057003147  1.8927602515095332 158.87634057003146 pid89c
79.46859287937504  0.5951278248586437 159.46859287937502 pid8b4
79.73718693525892  1.2494667288960297 159.73718693525893 pid8a4
79.88230918941048  1.1552223050503523 159.88230918941048 pid89b
80.86925788599645  0.5806161075144909 160.86925788599643 pid8a8
83.94355838227612  1.7569755856296414 163.94355838227614 pid8a3
84.82257217858341  0.9954178960956517 164.8225721785834 pid8b6
85.13268621652726  1.4577222815469624 165.13268621652725 pid8b1
86.79631424711039  0.6654940292723005 166.7963142471104 pid8b5
90.52528022245296  1.331028686675458 170.52528022245298 pid8a2
90.85004158204043  0.7021396920198106 170.85004158204043 pid8c2
93.28587591991602  1.3238001316091592 173.285875919916 pid8af
102.77070964148092  1.661299651139705 182.77070964148092 pid8ab
104.87136360170359  1.2032109208177053 184.8713636017036 pid8c5
105.11303155588585  1.0842163002633864 185.11303155588587 pid8aa
118.9453161625899  0.7497740953180783 198.9453161625899 pid8b8
119.1241647062391  1.0233274989467895 199.1241647062391 pid8ad
119.73573863969362  1.9735221844806705 199.73573863969364 pid8c6
120.05020034113315  1.3127711200635113 200.05020034113315 pid8ba
123.87601669145917  1.7873076803129886 203.87601669145917 pid8bd
127.6810070068589  1.0593650682840978 207.68100700685892 pid8c1
135.48763176819725  1.599435116484481 215.48763176819725 pid8b9
136.31942985542753  1.2460950145033725 216.31942985542753 pid8a1
136.85027404260364  1.450951156528543 216.85027404260364 pid8c8
140.49974726201165  0.7470642001807271 220.49974726201165 pid8ac
143.77562848906624  0.5354808286529427 223.77562848906624 pid8c3
147.20002774749767  1.710524042145052 227.20002774749767 pid899
147.4116609361146  1.363501361284886 227.4116609361146 pid8b2
149.38558135333417  0.841299983879992 229.38558135333417 pid8a0
