8.910097881998944  2.6540055760200802 14.218109034039104 pid60c
15.368214986241309  4.348310306130262 24.064835598501833 pid5f1
21.839847361260126  4.969120136710131 31.77808763468039 pid60a
22.36557767836146  1.7828242614401404 25.931226201241742 pid608
22.68970159071916  4.426035530681757 31.541772652082674 pid5ee
25.891782556322834  1.3285527377360151 28.548888031794863 pid60d
31.61448540785956  3.9297705951691193 39.4740265981978 pid5f8
34.87907237905149  1.7935840332411774 38.46624044553385 pid601
35.47826276531528  4.733986758521418 44.946236282358115 pid5e6
42.73190670590776  4.5128195155553525 51.75754573701847 pid5f9
44.44794821101712  2.3836565448088805 49.21526130063488 pid5fd
50.72592033010968  3.2378512037273013 57.201622737564286 pid5f4
51.86877599349879  3.7211945522470184 59.31116509799283 pid5fb
55.376131506677595  3.1255079289319556 61.62714736454151 pid5e9
55.80461159613267  4.63939688797341 65.0834053720795 pid5dc
57.293647152602325  3.711938086182644 64.71752332496762 pid60b
59.1592491207497  4.7317564756666775 68.62276207208305 pid5ec
61.730390408232594  2.928423001981108 67.58723641219481 pid5ef
63.563299099196  3.8693560459986096 71.30201119119322 pid5eb
65.78902666830159  1.9820958539944677 69.75321837629052 pid5f7
67.4496139653642  3.506131793278445 74.46187755192108 pid5e7
69.19317085526319  1.5752913693123953 72.34375359388798 pid5fc
69.90329245319118  4.803495540936614 79.51028353506442 pid5e3
71.24516556304948  4.661464168089109 80.5680938992277 pid5ea
72.93523603907252  1.2638826220439987 75.46300128316052 pid5fe
72.99339780499342  3.9399345640890555 80.87326693317154 pid604
78.52252049389246  3.3758241864158154 85.27416886672408 pid5e5
82.1650385388681  3.251839252866011 88.66871704460013 pid5df
84.76255510867102  4.535761739646915 93.83407858796485 pid5f0
85.94838893287842  1.9840168098812891 89.916422552641 pid5e0
87.31108074530569  2.5322597485824994 92.37560024247068 pid5e8
98.63028381687963  4.625327083543523 107.88093798396667 pid600
100.66022189420735  4.094884923134028 108.84999174047542 pid5f3
101.69992272218309  3.861304922529479 109.42253256724204 pid5f6
101.71932513955294  1.2831907417524278 104.28570662305779 pid5ff
104.88142967673424  1.6779463598531552 108.23732239644055 pid5de
111.96985261594574  1.1436436589376107 114.25713993382097 pid5e4
121.92459683006925  4.552333808264121 131.0292644465975 pid602
124.29123401922766  3.650635494462015 131.59250500815168 pid606
135.63292663145648  4.0595122218668465 143.75195107519016 pid607
137.81475979103467  2.6058532871089817 143.02646636525265 pid609
140.3735592414693  2.6417708032558127 145.65710084798093 pid5ed
141.74664494683915  4.332258623474994 150.41116219378915 pid605
143.10691668073278  1.378245079309243 145.86340683935126 pid5fa
144.44794130669635  1.7828705702916223 148.0136824472796 pid5e2
152.30550917611757  2.291301662523858 156.8881125011653 pid5e1
160.36253083195814  3.202227997902678 166.7669868277635 pid5f5
166.99851595757042  2.251813652048971 171.50214326166835 pid5f2
167.60429028763417  2.4737183979201642 172.5517270834745 pid5dd
171.22203066554044  2.3227800934445777 175.8675908524296 pid603
