4.560940830135979  1.657600308469843 84.56094083013598 pid4e4
5.625934945429872  0.5052813310984263 85.62593494542988 pid503
6.068672979663347  1.2895806750195948 86.06867297966335 pid4ec
8.207095828544375  1.1554272374979244 88.20709582854437 pid4f2
9.898521083867168  1.552846990243016 89.89852108386717 pid4e3
14.56033035168905  1.0160608466910084 94.56033035168905 pid50e
23.404777810315252  1.9870179402905064 103.40477781031525 pid508
25.043889157006817  1.1539303701363965 105.04388915700682 pid4fc
31.726842007966845  0.9939760650751917 111.72684200796684 pid50c
33.05454919188007  1.0101565290689456 113.05454919188007 pid50f
33.747700468244915  0.9750873351411724 113.74770046824491 pid50a
40.99131409461224  1.5093288861354641 120.99131409461225 pid4ff
43.42788784620648  0.6741359325439011 123.42788784620649 pid4f8
47.592693360001995  0.8315833126620223 127.59269336000199 pid4ef
50.24832408726409  0.7187949859164922 130.24832408726408 pid500
50.927135688689965  1.5322155435354312 130.92713568868996 pid4f7
51.864836692009156  1.2443561556101321 131.86483669200916 pid4e8
52.87934984581044  1.0981386024671584 132.87934984581045 pid4ed
54.379381501841735  1.2643651871208086 134.37938150184175 pid4f4
54.52420467304428  1.0499085525688066 134.52420467304427 pid4fe
56.70499677858863  1.5976876352827878 136.70499677858862 pid4ea
64.25660697112187  1.0283826974377699 144.25660697112187 pid4ee
75.55579420305642  0.9031938421034692 155.55579420305642 pid511
75.83246889482523  1.3285776300668406 155.83246889482524 pid4e6
81.74638200992035  1.0466422031482663 161.74638200992035 pid50b
81.90878902305099  1.8890859183383362 161.90878902305099 pid4fb
84.21522664105686  1.0174416148140892 164.21522664105686 pid505
84.28874228187382  1.7196660608088976 164.28874228187382 pid4f1
86.66486790095311  1.0441992675561353 166.6648679009531 pid513
88.95082018398524  1.0444082733290525 168.95082018398523 pid509
94.87500316663781  1.9004049887219912 174.8750031666378 pid4f3
103.342926309367  1.8064154816190012 183.342926309367 pid4fd
104.07793260266237  1.893822224235523 184.07793260266237 pid4f6
111.51647532297191  1.4074369952281567 191.51647532297193 pid504
111.63615680253407  1.0687176256124018 191.63615680253406 pid4fa
111.88079649459449  0.7144494333194499 191.8807964945945 pid4e7
117.37034782887606  0.7557006140439578 197.37034782887605 pid4f5
118.80059094908206  1.5585408860527772 198.80059094908205 pid507
119.81527354520784  1.2295232358198427 199.81527354520784 pid50d
125.93117136214798  1.6797444551368084 205.93117136214798 pid512
126.41249505589755  0.6135695186886895 206.41249505589755 pid4f9
131.06023997783288  1.131444134068236 211.06023997783288 pid4e5
134.1615490392098  1.7311497710057375 214.1615490392098 pid502
134.8769763993418  1.7759616700243974 214.8769763993418 pid4e2
136.69166260127486  1.1806100255640577 216.69166260127486 pid4eb
138.50416249348473  1.4695223245636637 218.50416249348473 pid506
139.4181927204174  1.3867337277374607 219.4181927204174 pid4f0
142.83177237550274  1.4478078525472489 222.83177237550274 pid501
145.6145928975923  1.16361235284746 225.6145928975923 pid510
146.99999922571567  1.0945984537158882 226.99999922571567 pid4e9
