2.081376525871609  1.393059892539164 82.0813765258716 pid4b1
3.869631431635512  1.407332078925895 83.86963143163551 pid4b7
4.4759806757630365  0.570581754554245 84.47598067576304 pid4d8
6.13516909603678  1.5179583386573718 86.13516909603678 pid4bc
6.497264910995454  1.7147284272685024 86.49726491099545 pid4c6
7.117514590090335  1.4156327493160519 87.11751459009034 pid4bf
13.054141025238525  0.6357969197588526 93.05414102523852 pid4b8
14.389914666163717  0.9396895294704781 94.38991466616372 pid4cf
14.810983884007516  0.5441855046296675 94.81098388400751 pid4b4
17.390594785565533  1.8574171416051641 97.39059478556553 pid4c8
29.643496822344552  1.2734446697645034 109.64349682234456 pid4b6
31.71157195230726  0.8802795196144415 111.71157195230725 pid4e0
32.37906219681938  0.708563275733104 112.37906219681938 pid4bb
32.69141702329772  0.7774667825780617 112.69141702329772 pid4c5
44.603382871549954  1.3180528114334196 124.60338287154995 pid4c4
52.83920493943626  1.7512774416995263 132.83920493943626 pid4d9
54.23303102956944  0.6922765086827627 134.23303102956945 pid4bd
60.16710149244588  0.5518977127483984 140.16710149244588 pid4db
62.632179975705334  1.9984437473239822 142.63217997570533 pid4c3
64.33322906968588  1.991150911217158 144.3332290696859 pid4d3
73.14938137587217  1.5917918308173498 153.14938137587217 pid4d1
73.25689117085581  1.2860181529026204 153.2568911708558 pid4b0
74.9337398239867  1.6841016406230627 154.93373982398668 pid4dd
81.1943991130728  1.2643694746522376 161.1943991130728 pid4d7
84.0491992241623  1.4615465747478442 164.0491992241623 pid4b2
89.40994492494383  1.2357005931167975 169.40994492494383 pid4c7
94.4467502758538  1.4614083499693777 174.4467502758538 pid4c9
97.00455055939702  1.3777834879064623 177.00455055939702 pid4c0
100.28530077879894  1.9117452793492185 180.28530077879896 pid4dc
104.70433770858808  0.5429740644820438 184.70433770858807 pid4de
106.02709894863732  1.2093185751026545 186.02709894863733 pid4ce
107.5915972069588  0.5682839852743884 187.5915972069588 pid4c2
108.5897983443128  1.3205226534427736 188.58979834431278 pid4df
109.6736215857378  1.3872949566410615 189.6736215857378 pid4d0
111.74167703373384  1.137788882508492 191.74167703373382 pid4d6
115.40645115176147  1.8734069260366875 195.40645115176147 pid4da
116.0443579825615  1.4228802300718646 196.0443579825615 pid4cc
117.37571778781982  1.579607145980999 197.37571778781984 pid4d4
118.43731769231984  1.7594432739280548 198.43731769231982 pid4b5
120.23074243574605  0.5367522908219147 200.23074243574604 pid4b3
120.36123420980397  0.5972748174666657 200.36123420980397 pid4ca
136.83143643994393  1.8478757284480016 216.83143643994393 pid4d2
136.9822851322501  0.7712011070483855 216.9822851322501 pid4be
138.7372117844357  1.0185858695322407 218.7372117844357 pid4c1
139.33355928338207  1.0005037426476895 219.33355928338207 pid4b9
140.59641755344873  1.305871186926173 220.59641755344873 pid4d5
144.11830619135145  0.5584344690343208 224.11830619135145 pid4ba
147.48955119271696  0.9329039462927977 227.48955119271696 pid4cd
148.1147571214218  1.5397379874309864 228.1147571214218 pid4e1
148.70299843822292  1.3166821810827816 228.70299843822292 pid4cb
