1.4880501846377348  1.589743040391425 81.48805018463773 pid15ca
1.8301967246824424  1.3057183648823403 81.83019672468244 pid15f4
2.666594153997531  1.6407644343768002 82.66659415399754 pid1580
3.48062629295518  0.6958913399236586 83.48062629295518 pid15ff
3.9161646720954346  1.7200764528615373 83.91616467209543 pid15b3
5.02184827641643  1.013366344215056 85.02184827641643 pid15c5
6.920325765995051  0.5226247110615441 86.92032576599505 pid15f9
7.228882340206255  1.77928744034659 87.22888234020625 pid158b
9.697455600098126  0.5753886051841806 89.69745560009812 pid1608
10.432825752941305  1.3519550674386598 90.43282575294131 pid15c0
10.451294601476368  1.986842227031917 90.45129460147636 pid15d9
12.81523566239512  0.79789491576774 92.81523566239512 pid1588
14.87874738319746  1.0249146388120898 94.87874738319746 pid1609
17.65186640045171  0.8864148012446911 97.65186640045171 pid15e8
17.775396419341693  0.6262044075964905 97.77539641934169 pid160d
17.813711675530097  0.8009794745157313 97.8137116755301 pid1605
19.29431156723308  1.1825561784205507 99.29431156723308 pid1599
19.576077134248788  1.0854694886443284 99.57607713424879 pid15e5
22.35512746443874  1.6953859835546075 102.35512746443874 pid15d0
23.01903275569298  1.2336699853497555 103.01903275569298 pid15be
23.753810089328354  1.3841626568750423 103.75381008932835 pid15c8
24.05514954314295  1.8621841458819564 104.05514954314295 pid15d2
24.065831556446998  1.5369402311958702 104.065831556447 pid15dc
24.367163969838685  1.5838646055250294 104.36716396983869 pid15bd
24.629344070318247  1.44486505553711 104.62934407031824 pid1607
25.071205344081683  1.6346806488572028 105.07120534408168 pid157e
28.903842993182344  1.900441291951995 108.90384299318234 pid15ef
29.07792936547417  1.2151407523600388 109.07792936547418 pid15fd
29.693959471419547  1.3733967773871 109.69395947141955 pid15f7
30.25253814664929  0.6505816505462473 110.25253814664929 pid159a
31.170639667637605  1.3539213082645414 111.1706396676376 pid15f5
31.90008060559395  1.7369765785711244 111.90008060559396 pid15c3
34.03166030686264  1.1224606728992113 114.03166030686265 pid15a1
37.098331134871124  1.286815605247879 117.09833113487113 pid160c
37.10536499041822  1.5110130348431985 117.10536499041822 pid1600
40.78588932293305  0.5765222725856104 120.78588932293306 pid15b9
41.3826970505701  1.068466762676269 121.3826970505701 pid1585
44.486927054564234  1.4050678609654526 124.48692705456423 pid159d
44.61776734422992  1.8831355829544805 124.61776734422992 pid158d
46.322328872735184  1.8121550158150035 126.32232887273518 pid1610
47.41372877715963  1.2537579911299654 127.41372877715963 pid158f
47.80336493228519  1.1974240389351247 127.80336493228519 pid15a7
48.257625389878974  1.3577103875374843 128.25762538987897 pid15cc
48.51866143851004  1.455922561239438 128.51866143851004 pid1598
49.356893064967046  0.7294870961843704 129.35689306496704 pid160b
52.92105997243571  1.1832093979436085 132.9210599724357 pid160e
53.07835339172442  1.432877199313372 133.07835339172442 pid1587
54.4489458596138  0.8584409691823315 134.4489458596138 pid15bc
54.474635115163835  1.857241608962218 134.47463511516384 pid15a9
54.94604164944909  1.5499587504713543 134.94604164944909 pid15c2
55.63734304856563  1.5558900548511527 135.63734304856564 pid15e3
56.24268176869948  1.2729641881555753 136.24268176869947 pid15ea
56.3813049626161  0.6935016658363179 136.3813049626161 pid15c7
56.7654966611105  1.3801487904737715 136.7654966611105 pid15b8
57.28771545974017  1.4556736871005844 137.28771545974018 pid159f
58.94857392392454  1.8145163587380524 138.94857392392453 pid15a5
59.812750274039104  1.2339630465060787 139.8127502740391 pid15b6
60.18891031265836  0.5099136579723782 140.18891031265835 pid15fb
62.504333192870114  1.6933836225553844 142.50433319287012 pid15c9
63.59117472378312  1.059563510055765 143.59117472378313 pid15d5
65.07784629604382  1.352660629608656 145.07784629604382 pid1592
67.67821780529363  0.7805636948350476 147.67821780529363 pid15a8
68.17075588557809  1.0358455380424882 148.1707558855781 pid15ee
68.33418917812773  1.3074675841654002 148.33418917812773 pid15bf
68.58837877489134  1.363495391525431 148.58837877489134 pid15f6
72.72639591684248  0.648142387513496 152.72639591684248 pid15db
74.2005038993361  1.0585957932298895 154.2005038993361 pid15b0
74.92970604247627  1.664439990282812 154.92970604247625 pid15e4
75.58698067524193  0.7742796504573619 155.58698067524193 pid1595
76.50993798788687  1.9651508291580309 156.50993798788687 pid158e
76.55676428256874  1.4785856762234597 156.55676428256874 pid1591
80.38154298289703  1.4584294527289243 160.38154298289703 pid1596
80.74001034523515  1.5478924619270513 160.74001034523513 pid15b1
80.88933129618401  1.5863728700725326 160.88933129618403 pid15cf
81.13583402341914  1.491816083164712 161.13583402341914 pid15f2
81.88989995315285  0.6353929655517183 161.88989995315285 pid15b2
82.59503853375593  1.1097615826826985 162.59503853375594 pid1603
82.7230074837098  1.8811158494545077 162.7230074837098 pid1594
85.29548764818418  1.5613275339382189 165.29548764818418 pid15e1
85.72353354691299  0.6565424695096201 165.723533546913 pid15ce
88.36547460433086  1.015029175834447 168.36547460433087 pid15c1
88.38965575053928  1.128254408681669 168.38965575053928 pid15e9
88.50449405873178  1.894633866645448 168.50449405873178 pid158c
88.61723695314029  0.53420303092099 168.6172369531403 pid1589
89.67093820766398  1.3236156983572325 169.670938207664 pid15d8
89.82344386826198  0.8929882880304039 169.82344386826196 pid15e0
91.39450017878944  1.2858125863549525 171.39450017878943 pid1581
95.61358471812432  0.848419150435488 175.61358471812432 pid15a2
98.56512598720974  1.8051164021800097 178.56512598720974 pid157f
100.88988696450853  0.6740689479903006 180.88988696450855 pid15f0
100.89220786138348  0.6731771677290967 180.8922078613835 pid15da
101.03341934801283  0.5398794197763421 181.03341934801284 pid1611
101.04556586583499  1.2495023267858645 181.045565865835 pid1590
101.43108332959467  1.7184749623218551 181.43108332959468 pid15d6
102.81142500855779  0.5400961800448754 182.8114250085578 pid15af
102.8234255948975  0.8469760111545355 182.82342559489751 pid15fa
104.77896309217518  1.1511676102582538 184.77896309217516 pid15d3
106.45567769162967  1.2455906945803212 186.45567769162966 pid15e7
106.54962293892652  1.4764243564794688 186.54962293892652 pid1606
107.00264506384582  1.2066062037777274 187.00264506384582 pid15aa
107.83367832342971  1.415666057364787 187.8336783234297 pid15d4
108.77898654483272  1.1594470873640557 188.77898654483272 pid15d7
109.00061479760944  0.9727336163087934 189.00061479760944 pid15ec
111.36749468635048  1.4918619199322396 191.36749468635048 pid15ac
112.91944057129379  0.6446451003513332 192.9194405712938 pid15c6
112.92160284872732  1.0002712452738414 192.92160284872733 pid1593
114.46956139289846  1.6096361395410523 194.46956139289847 pid15ed
114.95180184095675  1.0826397109599237 194.95180184095676 pid15b4
116.65259601398031  1.8100184880851216 196.65259601398031 pid1604
119.3664029977437  1.003918984555831 199.3664029977437 pid1583
119.94172228438491  0.5771385273164384 199.94172228438492 pid1597
120.16800570041174  1.3909152495673744 200.16800570041175 pid159c
120.6239900692929  1.2373919729435023 200.62399006929292 pid15b7
120.77838997079405  0.8245036138180613 200.77838997079405 pid15e6
121.23352998225734  1.3450189463277646 201.23352998225732 pid15c4
121.23478408919925  1.571380283634666 201.23478408919925 pid15a3
122.48712414586453  1.7556857385700169 202.48712414586453 pid1582
123.44789827983635  1.5382180718063896 203.44789827983635 pid15ab
123.63382880171308  1.2209290445148846 203.6338288017131 pid15fe
124.51138272576715  1.315595235876808 204.51138272576713 pid15a6
125.78723934806425  1.8738713428865867 205.78723934806425 pid15dd
126.18594160376179  1.1971549011337816 206.1859416037618 pid15cd
126.97152290572518  1.9951478526538686 206.97152290572518 pid15fc
128.45705261050077  1.9960762496158044 208.45705261050077 pid15cb
129.214524287905  0.6405739409107458 209.214524287905 pid15e2
129.49150969866056  0.547734650545808 209.49150969866056 pid15f8
129.87276520417424  0.516660605947479 209.87276520417424 pid157d
130.59991507467763  1.3185289065359924 210.59991507467763 pid15f1
130.65313879269289  1.4654735707515516 210.65313879269289 pid15df
131.74258071626394  0.8623164441474951 211.74258071626394 pid160f
133.49780404152565  1.8626080715648508 213.49780404152565 pid15eb
133.5010371343859  1.61752074712885 213.5010371343859 pid15d1
135.76443097693507  0.5665669812865256 215.76443097693507 pid15a4
136.6141815548328  1.156131839454001 216.6141815548328 pid1601
138.71667733567176  1.142023444503976 218.71667733567176 pid159e
138.73536397095856  1.6755278955243311 218.73536397095856 pid1602
138.9675137156356  0.713696458721509 218.9675137156356 pid15ae
139.1442853637123  0.6090065847882 219.1442853637123 pid15de
139.43061583883662  0.9540118112520244 219.43061583883662 pid160a
140.01826263092502  1.8634712215103428 220.01826263092502 pid15ba
141.13056508535763  0.86877415947787 221.13056508535763 pid158a
142.10254178342487  0.9490205509993138 222.10254178342487 pid157c
142.39005578025603  1.8875785899600723 222.39005578025603 pid1586
143.38581371616593  0.8092218181859772 223.38581371616593 pid15f3
144.19545219455603  1.9935444665494304 224.19545219455603 pid15a0
146.3074553365421  1.4183887917454054 226.3074553365421 pid15ad
149.81471086831542  1.8428312912800082 229.81471086831542 pid159b
149.82771452928273  1.541773413862357 229.82771452928273 pid15bb
149.89730860009078  1.7347059192872034 229.89730860009078 pid15b5
149.97705190697073  0.9702568059084976 229.97705190697073 pid1584
