2.214393616636501  1.3891556117774544 82.2143936166365 pid53a
3.5081452267317403  0.8428262050870494 83.50814522673174 pid53d
13.58176984921725  1.2746787023188768 93.58176984921725 pid537
14.219635933949426  1.5862089683332607 94.21963593394943 pid528
22.96171535487513  0.67957057609332 102.96171535487512 pid53b
23.160641120837965  1.7162163763020548 103.16064112083797 pid53c
25.697355025339224  0.7149531767543826 105.69735502533922 pid527
30.600903898994762  0.7896498728671653 110.60090389899476 pid542
31.190148478980838  1.5512180169500644 111.19014847898083 pid520
32.913202583494304  0.5757959763139143 112.9132025834943 pid543
33.903131928835236  1.2019224683300214 113.90313192883524 pid534
34.71139680074644  1.6973979508754966 114.71139680074644 pid530
34.925539325326916  1.3454633896594306 114.92553932532692 pid53e
35.048145506702745  1.9743104798462898 115.04814550670275 pid522
35.192129444397004  1.3763571081418347 115.19212944439701 pid544
37.43108167544019  1.5736655259401053 117.4310816754402 pid531
38.686501177458325  1.5733301281982295 118.68650117745833 pid517
39.38033110236196  0.9033798869083103 119.38033110236196 pid524
40.512139930794035  0.8438296166630591 120.51213993079404 pid51b
41.28072848611876  1.2215634209682777 121.28072848611876 pid540
46.49610304685552  1.5726232407479266 126.49610304685552 pid51a
49.065246360412445  1.9368511722675914 129.06524636041246 pid536
49.77636426497154  0.8286602241905212 129.77636426497153 pid519
54.47751501444382  1.305616088855249 134.4775150144438 pid52b
56.20198651739715  0.8098063471180468 136.20198651739716 pid53f
57.220281397323554  0.8044457352343053 137.22028139732356 pid516
59.42763525658495  0.6646583970862452 139.42763525658495 pid51c
61.28368087378583  1.7186245394360802 141.28368087378584 pid526
62.570756607409145  0.9064618571402575 142.57075660740915 pid521
63.67832381974132  1.735797934269315 143.6783238197413 pid52c
73.18643185173694  1.3423368117787882 153.18643185173693 pid51f
89.2497305082219  1.8338982340743495 169.2497305082219 pid52d
91.37620812922458  1.12417711755085 171.37620812922458 pid532
94.91629162907846  1.9864897154276149 174.91629162907844 pid533
99.78215661527383  1.3450830259803996 179.78215661527383 pid541
99.89727513534152  1.3553625974261263 179.89727513534152 pid525
114.48679571096  1.736633787089719 194.48679571096 pid52a
120.53294522441799  1.7623017158862622 200.53294522441797 pid51d
120.74633515958905  0.6304900105354597 200.74633515958905 pid51e
122.2058726150834  1.0903126710668332 202.2058726150834 pid515
123.30989537578792  0.6486018919717249 203.3098953757879 pid535
123.88514421055457  1.4729473641915933 203.88514421055459 pid52f
124.30050204041011  0.6761742232248305 204.3005020404101 pid514
126.85609747635847  1.0835579565835738 206.85609747635846 pid538
132.95116558120455  1.383561502975099 212.95116558120455 pid545
137.95679664913158  0.5221713829335586 217.95679664913158 pid518
139.24982138563678  1.9230776038054072 219.24982138563678 pid539
142.4069545565472  1.0379838147382423 222.4069545565472 pid52e
145.4896253002229  1.2248327546084805 225.4896253002229 pid523
147.73424865973348  0.5795075660933549 227.73424865973348 pid529
