9.195971516473422  1.9900566020285562 89.19597151647342 pid460
13.202703463687692  1.6964184343289617 93.2027034636877 pid47d
13.2077968479475  1.7781637024615824 93.2077968479475 pid472
13.29732789868004  1.0671220931271796 93.29732789868004 pid477
16.103373881384915  1.510535713159284 96.10337388138491 pid453
16.22024401488088  1.4042275749293447 96.22024401488088 pid478
20.271413933335662  0.7184817153317673 100.27141393333567 pid44e
22.636295833143844  1.6013172626707535 102.63629583314385 pid463
25.58697265820115  0.8565233950654472 105.58697265820115 pid456
27.859221518309884  0.85267342712229 107.85922151830988 pid46a
29.810455603818802  0.5850213877597099 109.81045560381881 pid454
34.48187393212404  0.6082629549105012 114.48187393212405 pid469
38.488790311339535  1.763379385521599 118.48879031133953 pid479
43.896677146513895  1.729938280049564 123.8966771465139 pid46b
49.49479470332227  1.3838453842232397 129.49479470332227 pid44d
62.07116713245692  1.371082450348292 142.07116713245694 pid46e
62.194194264659245  1.0950582624674208 142.19419426465925 pid44f
63.00958251732824  0.8134557494616189 143.00958251732823 pid46c
66.00671249964736  0.763888809188976 146.00671249964736 pid473
68.14578354811972  1.2300838513181436 148.1457835481197 pid455
68.20091933831934  1.9292539681086853 148.20091933831935 pid45d
68.67655389846448  1.2065152373131722 148.67655389846448 pid45e
69.005446764899  1.824461741881507 149.005446764899 pid47c
74.07796133045579  0.684682863423516 154.0779613304558 pid457
81.25912406387967  0.8749339844903922 161.25912406387965 pid458
82.38682402664283  1.1251107786647347 162.38682402664284 pid474
86.18412818704627  0.7041032277737291 166.18412818704627 pid47a
86.40893003573647  1.2305349070558074 166.4089300357365 pid470
87.48851708345201  1.6939985682227494 167.488517083452 pid467
91.39529072858394  0.7630048682378341 171.39529072858394 pid46f
97.01370703012306  1.6260094694928295 177.01370703012304 pid465
102.40669022427565  1.658423500872847 182.40669022427565 pid476
104.34193645058711  1.898299258259203 184.34193645058713 pid45c
112.4966426110558  1.423832225869094 192.4966426110558 pid459
116.77160732607855  0.5401157596419375 196.77160732607854 pid46d
118.89803013537023  1.2663449374284628 198.89803013537022 pid461
119.16514741926659  0.9718437767445038 199.1651474192666 pid450
124.68545101048245  1.3999284420821125 204.68545101048244 pid468
124.94337570180382  1.2191825986771558 204.9433757018038 pid466
129.28954310499955  1.6760986979597976 209.28954310499955 pid47b
130.88647642230933  1.0461914485169896 210.88647642230933 pid44c
131.11663211957676  1.7202662936427893 211.11663211957676 pid464
133.63208888877338  1.391846497360063 213.63208888877338 pid45f
136.66747155534108  1.8189158741108198 216.66747155534108 pid451
139.85219057079289  0.7075846642071005 219.85219057079289 pid475
140.18436514376089  1.0724747985973242 220.18436514376089 pid462
140.53891238637252  1.882180250106923 220.53891238637252 pid452
143.9300258344107  1.7696230665389534 223.9300258344107 pid471
146.36721460420043  1.6413899744021694 226.36721460420043 pid45b
147.67038765876768  1.1402317910903752 227.67038765876768 pid45a
