0.13316433207011258  1.884223204815867 3.9016107417018464 pid93a
1.4998769476890716  0.5650762751036644 2.6300294978964005 pid94e
3.990549005136068  2.835779088698877 9.662107182533823 pid95e
6.032670646361105  1.3792279258177595 8.791126497996624 pid956
6.481143578777127  0.6945769284339376 7.870297435645002 pid95c
9.948319120717874  0.7746656397641176 11.49765040024611 pid931
11.06219204169877  1.1787911699923646 13.4197743816835 pid93f
11.826781816431865  0.6332309823117916 13.093243781055449 pid934
11.847983510954851  2.470877496116957 16.789738503188765 pid92e
15.261429462039578  0.8044699688392731 16.870369399718125 pid952
18.02654808801534  1.41979254692854 20.86613318187242 pid94b
20.357336676965055  1.1835784664053115 22.724493609775678 pid953
20.826257890426835  1.5047466159629383 23.83575112235271 pid938
20.86503201384223  1.8467659476551042 24.55856390915244 pid951
21.089210834469142  1.1837219006315112 23.456654635732164 pid936
21.811848996465777  0.7657990319867796 23.343447060439335 pid935
23.03383630978696  2.6424224049228835 28.31868111963273 pid948
27.44595051215396  0.9256527106363858 29.297255933426733 pid958
28.648427520659446  1.0820935938134384 30.812614708286322 pid95f
29.821302379593938  2.034146836844231 33.8895960532824 pid944
33.76594721183604  0.8065705441905255 35.37908830021709 pid943
35.877309829997564  1.9585613545192566 39.79443253903608 pid959
45.334152336214885  1.5943186261525475 48.52278958851998 pid94c
48.158926046336305  0.8412782473379694 49.84148254101224 pid93e
49.098873164223036  2.4678800348134833 54.03463323385 pid94f
50.700738847050154  2.117586568607358 54.93591198426487 pid93c
53.062462114791046  0.5932196485558243 54.24890141190269 pid93b
56.525107755374  1.0090715905197774 58.54325093641356 pid942
57.677743994144706  2.194634083636164 62.06701216141703 pid941
58.15364262651502  0.7975955585382422 59.748833743591504 pid92f
59.4630740605139  0.909717612265219 61.282509285044334 pid947
65.35527798817292  1.228624932524652 67.81252785322222 pid945
66.37691204021255  0.6138119394944684 67.60453591920148 pid930
71.45057599764434  1.1605635010803383 73.77170299980502 pid95d
72.41600535432234  0.5749574824292755 73.56592031918089 pid93d
73.10921177285229  0.5987829860828513 74.306777745018 pid950
74.25135883492429  0.5923039352119519 75.43596670534819 pid937
77.24605553683178  0.4443485293983187 78.13475259562841 pid954
77.73145146721144  2.5397434634846245 82.8109383941807 pid932
78.70805989274533  1.848674681330261 82.40540925540584 pid946
86.75084729682705  2.08010899113831 90.91106527910367 pid933
87.0587418200979  2.536997601817096 92.13273702373209 pid955
87.4850436874232  2.2062019910704964 91.89744766956419 pid940
90.26113319264198  2.5739319232394107 95.4089970391208 pid939
91.56171693829633  1.7613831644833504 95.08448326726302 pid957
94.88517576455035  2.3050098613738954 99.49519548729815 pid94a
95.08760222033978  0.41399613979044536 95.91559449992067 pid95b
97.56781575565083  1.4859944014651134 100.53980455858105 pid94d
98.05883581873547  1.9700285429438136 101.9988929046231 pid95a
99.9879291610655  2.1553232304818275 104.29857562202915 pid949
