0.8763988995982186  2.8599215767909354 6.59624205318009 pid134a
1.524133620560808  1.0223280679582831 3.5687897564773743 pid1344
1.9577282820121944  2.6336297748513537 7.224987831714902 pid138e
2.2754152832808017  0.7382058704804346 3.751827024241671 pid1337
2.360238902126821  1.5303262150021557 5.4208913321311325 pid1361
2.423556557398021  2.977882658206127 8.379321873810275 pid1376
2.5474764322615973  0.8909596079891671 4.329395648239931 pid133d
3.520161412577827  2.932533500568973 9.385228413715772 pid1345
4.306711720033018  2.8901566394588576 10.087024998950733 pid132e
5.337755187075722  1.9966968078751939 9.33114880282611 pid13b4
7.082959682052136  2.6679798340143703 12.418919350080877 pid1343
8.028598172104317  2.580085421728909 13.188769015562135 pid134e
8.87967605133786  1.7256557263933456 12.33098750412455 pid1388
11.72407257057687  0.8722919555405839 13.468656481658039 pid13b1
13.124292500951118  1.9730024128745556 17.070297326700228 pid13b6
13.762844207873004  0.5538487163731216 14.870541640619248 pid1335
14.056226225739888  1.92054406201109 17.89731434976207 pid13a2
14.265846574827446  1.5158239889917864 17.297494552811017 pid1366
14.51153996835226  1.9580884135172654 18.42771679538679 pid133c
16.12320883412407  1.2675294877575383 18.65826780963915 pid1330
16.438602819883265  2.045021621122549 20.528646062128363 pid13b3
17.2100417383523  2.686612726243991 22.58326719084028 pid1347
18.124170298105124  1.7397432991389037 21.60365689638293 pid136f
19.21737705228742  0.5285316844474911 20.274440421182405 pid1380
19.253591122228862  2.954986578655443 25.16356427953975 pid1386
19.2733028053676  0.9035705149310568 21.080443835229712 pid1364
19.350308238511026  2.0334314222463403 23.41717108300371 pid132f
19.521847392597703  2.1094021080013725 23.740651608600448 pid13b7
19.750132833398993  1.667231930074331 23.084596693547656 pid1370
21.233500041366206  2.5320466518079474 26.2975933449821 pid1336
24.437076540522938  2.2116779216062734 28.860432383735485 pid1327
24.60988847531629  0.6752774091076155 25.96044329353152 pid139e
25.387739645734044  1.111298508194396 27.610336662122837 pid1367
25.506408554979444  1.104267259959565 27.714943074898574 pid139a
26.198389032343893  2.532459707744513 31.26330844783292 pid13a7
27.108073771844822  2.5203564885686416 32.148786748982104 pid1384
28.417405137055972  2.4046686934403496 33.22674252393667 pid1348
28.52620588908964  0.9381712582732259 30.40254840563609 pid1393
28.679342691553877  2.9523503074706263 34.58404330649513 pid1394
28.964997417806117  1.8238324003458395 32.612662218497796 pid1331
29.06193439075603  2.988658842217413 35.03925207519086 pid133a
29.516310786370205  2.311135300180469 34.13858138673115 pid1396
30.037422093126786  2.595905614555991 35.22923332223877 pid1397
30.367563129090936  0.7543224491131134 31.876208027317162 pid1332
30.39943522948565  0.8324692314447562 32.06437369237516 pid133b
30.80663298304972  0.563020429719525 31.93267384248877 pid13b8
31.616517737270843  0.6210891191955158 32.858695975661874 pid1373
32.95641514457903  1.63931781456147 36.23505077370197 pid1391
34.47303203058415  0.9432428645269195 36.35951775963799 pid1374
35.46794281873367  0.9200428280387474 37.30802847481117 pid1368
36.020164651986796  2.6476380058274356 41.31544066364167 pid13a5
36.02577424385311  1.6507403238383338 39.327254891529776 pid13a3
36.16855001773727  1.905515448845318 39.9795809154279 pid1334
36.42032646018033  0.7163791748357501 37.85308480985183 pid1328
37.30337094172468  1.1925018201733533 39.68837458207139 pid1359
37.42721339776448  2.056570507083596 41.54035441193167 pid137f
38.1611646603626  1.5757459004364658 41.312656461235534 pid138f
38.948874576118364  0.8970894919330558 40.743053559984475 pid132a
38.9643178900568  1.3734470065609026 41.7112119031786 pid1342
39.04585298121194  2.8168872361335087 44.67962745347896 pid1353
39.18886488100988  2.1827498323710044 43.55436454575189 pid13ae
39.4768316624357  1.8196912428005771 43.11621414803685 pid1371
40.27437805893962  1.5416233369528944 43.35762473284541 pid136e
40.728917971699055  1.6786715493270807 44.08626107035322 pid13ab
43.23483177928379  0.9154154148719743 45.06566260902773 pid134d
43.39536570742752  1.1732708529977174 45.74190741342296 pid1349
43.53442583538569  0.4283936226865729 44.39121308075884 pid1324
43.70384222762068  1.4455356705448996 46.59491356871048 pid133e
44.451161108844715  1.7327206304918774 47.91660236982847 pid138d
45.15594836885776  1.0062760628446485 47.168500494547054 pid1362
45.54367990263896  1.0369188776938025 47.617517658026564 pid135b
45.96642138783065  1.3287982368629716 48.624017861556595 pid1395
46.8510715407635  0.5874602338742816 48.02599200851206 pid139d
46.927844935819685  2.4148559092037507 51.75755675422719 pid1352
47.71449082266946  2.562477656683754 52.83944613603697 pid139f
47.93998404525565  1.392887226668326 50.7257584985923 pid13ad
48.08842231589031  2.6380598651439984 53.36454204617831 pid1339
48.46185944703368  2.5234221284102274 53.50870370385414 pid134b
49.185527251335856  1.4906391964655885 52.16680564426703 pid13a6
50.82732823200883  0.9354720120331713 52.69827225607517 pid13a9
51.99812002021621  2.019414743529286 56.036949507274784 pid139c
52.33487754648834  2.1749530019567875 56.68478355040192 pid1390
52.39409317539858  2.082784101071953 56.55966137754249 pid1377
53.15006287033833  1.3163499358332218 55.78276274200478 pid1358
53.614319647757625  0.5932842354619859 54.8008881186816 pid138b
53.86303598426759  1.4589961367996005 56.781028257866794 pid135a
54.37861181346544  2.5242375681040694 59.42708694967358 pid1350
54.53782835482082  0.6807398221023024 55.899307999025424 pid13b5
54.727190682169976  1.279400109777134 57.28599090172425 pid13a8
55.228172540815365  1.457265696216552 58.14270393324847 pid138c
55.47038314092892  2.2403983023579173 59.95117974564475 pid137c
55.7782639911916  2.5754910147379695 60.92924602066754 pid1326
56.14650529361338  1.5401740271404103 59.2268533478942 pid134c
56.19574371793598  0.44036438602184713 57.07647248997968 pid132c
57.04328515930255  2.792954469614512 62.62919409853157 pid1381
58.212871690555964  1.387573045724158 60.98801778200428 pid137d
58.436712563692495  2.820983406141162 64.07867937597482 pid1392
59.99985632525063  1.8825773468147489 63.76501101888013 pid1387
61.05352242144413  1.112044708777491 63.27761183899911 pid135e
62.844851190075836  1.1726886484726133 65.19022848702106 pid1372
63.403046261502716  1.7096423124889935 66.8223308864807 pid13b0
64.74751705036559  1.6929428292327837 68.13340270883116 pid1365
66.68772811371979  1.2247339153022403 69.13719594432426 pid1354
68.80745315825436  0.9032528960491957 70.61395895035275 pid13b9
69.92740521726319  1.7220948277038786 73.37159487267094 pid136c
69.93612610613069  0.6160228334947777 71.16817177312024 pid13aa
70.20850438333643  2.5810957026353534 75.37069578860714 pid13ac
72.46429469985316  1.8495010668740623 76.16329683360128 pid137a
73.47411472424872  1.166117006386678 75.80634873702208 pid1360
74.17406942765699  1.7546232657219267 77.68331595910084 pid139b
74.195380691433  2.5116784102420584 79.21873751191711 pid1399
74.33983038894976  2.0626960320789087 78.46522245310759 pid132d
74.81076375323205  1.6415530723413911 78.09386989791483 pid13a0
76.36777158691962  1.292907208239849 78.95358600339931 pid1338
76.52356944318639  1.0213760072150455 78.56632145761648 pid1351
76.63221095790348  0.5049395928274565 77.64209014355839 pid1333
77.69019449153399  1.2294043758407445 80.14900324321547 pid136d
78.51932997611156  0.8743492127970451 80.26802840170565 pid1357
78.60603325850464  1.3365808825845567 81.27919502367375 pid137b
78.91497201006308  2.1287118061615926 83.17239562238626 pid1382
80.0262011756556  0.6057634389126924 81.23772805348098 pid138a
81.21902468888938  1.4528420635109982 84.12470881591138 pid134f
81.46810576060453  2.241967494740982 85.9520407500865 pid136b
82.45320094292119  1.0479595024947232 84.54911994791063 pid13a1
86.40961542734343  1.2201079686392287 88.84983136462188 pid1363
86.83720792979256  1.1788692276284916 89.19494638504953 pid133f
87.08593021676144  2.9308848987195315 92.9477000142005 pid137e
87.34259817987393  1.3285488126611378 89.99969580519621 pid132b
89.41830737896494  2.596129128977395 94.61056563691973 pid13a4
89.93855375677349  2.6031011698255244 95.14475609642453 pid1346
90.57698188801277  2.8066208381882416 96.19022356438926 pid1389
91.09178616117471  0.9489824746590257 92.98975111049276 pid1398
91.10445249070547  1.1380166297025536 93.38048575011058 pid1369
91.27258378034384  2.3101612094294466 95.89290619920273 pid1379
91.95313489565731  2.0038137259145317 95.96076234748638 pid136a
92.15521415197907  1.6023258563189815 95.35986586461703 pid135d
92.32151642139989  0.9555334835926266 94.23258338858514 pid1375
92.42121372112204  1.0652198436975104 94.55165340851707 pid13b2
92.8820507761087  2.939537139684049 98.7611250554768 pid135c
92.89538884290555  2.4963776246043783 97.8881440921143 pid1378
92.94520661057295  1.4247671813297917 95.79474097323254 pid1355
93.8536435428018  1.961765996280917 97.77717553536364 pid135f
94.90064903687455  1.5587862086795385 98.01822145423363 pid1383
95.10044832860902  1.3284992165718923 97.7574467617528 pid1340
96.78533113307162  0.7056415617426548 98.19661425655693 pid1325
97.45399416230246  2.141691469601886 101.73737710150624 pid13af
97.91049269451884  2.7108179858686237 103.33212866625608 pid1341
98.55777503754052  1.680238945608389 101.9182529287573 pid1356
99.15921135523283  1.1134288520687288 101.38606905937029 pid1329
99.60980020333139  1.9138499011338554 103.4375000055991 pid1385
