1.3125089943049262  3.7577500618381285 8.828009117981184 pid10a8
4.968377469553227  1.715134215030849 8.398645899614925 pid103d
5.06375420070988  4.3231330026652035 13.710020206040287 pid10a5
6.1404002399470015  3.78532237168444 13.711044983315881 pid10af
9.844417455711481  1.8140868593511748 13.47259117441383 pid1040
10.299086041876128  2.7874751204611594 15.874036282798446 pid104e
11.157926651988692  3.2927251508167017 17.743376953622096 pid106a
13.203716374198226  3.9537284575037734 21.111173289205773 pid1046
15.447812838602504  4.726275689077809 24.90036421675812 pid109a
16.841544603247915  3.2952919096982387 23.432128422644393 pid10be
17.66734225720205  4.583998066120652 26.835338389443358 pid1045
18.310791021980226  2.6232475396129886 23.557286101206202 pid107c
18.550265102997678  1.8253456959944092 22.200956494986496 pid105a
18.596667182849373  3.2127806693021324 25.022228521453638 pid1037
19.835456849276117  2.921532431111579 25.678521711499275 pid1086
20.907399440305788  4.847369777573798 30.602138995453384 pid1047
21.140951452281406  2.5798817841855364 26.30071502065248 pid107e
21.27773306329319  3.4068849832004 28.09150302969399 pid107f
22.284805107420617  4.666798244718056 31.618401596856728 pid10c4
22.952368050877737  4.372413797615287 31.697195646108312 pid10b3
23.243723325052827  4.737115130851262 32.71795358675535 pid105f
23.63807252162313  4.055120334428978 31.748313190481085 pid104f
26.47510560763074  4.695013868509119 35.86513334464898 pid1069
29.475980812631004  2.2545064326396407 33.98499367791028 pid104a
30.004515133253392  4.706505612258727 39.417526357770846 pid1084
31.02441235749947  1.7073840070517363 34.439180371602944 pid1098
31.16381110187896  1.6109326363678815 34.385676374614725 pid10ab
34.72524316479385  4.292382722120241 43.310008609034334 pid1085
35.40820493864031  1.5814745593052666 38.571154057250844 pid103f
36.10763930507825  2.7923541521361583 41.69234760935057 pid10b9
36.739156583156735  4.422490196325245 45.584136975807226 pid1096
37.36033777354996  3.453803303736424 44.26794438102281 pid1053
38.60787805510757  4.215079375395738 47.03803680589905 pid107a
38.856741458498355  3.053743521124673 44.9642285007477 pid1054
39.93706504716704  1.2658043962506533 42.46867383966835 pid10bf
41.95027436778625  4.1628173917326015 50.275909151251454 pid10a7
42.32330728628199  4.818984588433758 51.9612764631495 pid10a4
43.90374521710599  1.2967443050010399 46.497233827108076 pid1082
44.35603497435573  2.468412855113605 49.29286068458294 pid1081
45.62297761692571  3.1530531297821986 51.929083876490104 pid106e
46.31178095482966  4.145673160998864 54.60312727682739 pid1077
48.24167918511292  4.64946765745483 57.540614500022585 pid1072
49.61425881695368  3.248190328868213 56.1106394746901 pid1061
50.36764312399659  3.382273901031628 57.13219092605984 pid1075
50.65742210764968  4.097990561310798 58.853403230271276 pid10a9
51.43318848417904  2.3468030719897666 56.12679462815858 pid106c
52.829136486950055  1.4232035300917891 55.675543547133636 pid1066
53.23639904609617  3.7813637407911074 60.79912652767838 pid103e
53.47587798238676  2.8087128621157222 59.09330370661821 pid1092
54.68874155846427  2.470634148651098 59.63000985576647 pid1099
55.27382843984418  4.115559944007771 63.50494832785972 pid10ac
55.50685913479447  1.352051297433806 58.21096172966208 pid106f
56.38591406472096  2.0180497057977766 60.42201347631651 pid1076
57.73712524656751  2.1344484648332394 62.006022176233984 pid10a3
60.1833583605244  2.244039179796872 64.67143672011815 pid10c7
63.27104546013979  4.325024515145215 71.92109449043022 pid1093
64.01872047453136  2.313869048396817 68.646458571325 pid1056
67.4976700694265  2.4848801639789477 72.4674303973844 pid1055
67.87516259929271  3.46029087000465 74.795744339302 pid1094
71.4609515859951  3.3506463162294264 78.16224421845396 pid1057
73.75751512456978  2.8422452851271256 79.44200569482403 pid1060
73.80719493617775  4.132342500783668 82.07187993774508 pid108f
74.23140268415725  4.338255341164397 82.90791336648604 pid10b7
75.60327764621151  1.656116381907264 78.91551041002603 pid109e
76.41385015472294  4.329966658317261 85.07378347135746 pid10a2
78.1091887501574  1.48579009532485 81.0807689408071 pid10c5
79.02390459181794  3.0569786627419377 85.13786191730182 pid1083
81.10705660831995  1.5518112404688895 84.21067908925772 pid1064
83.21588431432468  2.063824566203678 87.34353344673204 pid104c
84.55071646629474  3.4314977075831243 91.413711881461 pid10b1
84.75234978258965  3.841395025316983 92.43513983322362 pid103b
86.02766602171278  1.8033993229182461 89.63446466754927 pid1074
88.44732171314287  1.4777294861409631 91.4027806854248 pid1097
90.42424398972813  4.341331906034366 99.10690780179686 pid10c6
90.51758849000889  2.4366874603300657 95.39096341066902 pid1087
91.9720984850583  1.3044734723861628 94.58104542983062 pid106d
92.3255700587497  4.221866905898684 100.76930387054708 pid105d
94.99479960744895  1.628432889904079 98.2516653872571 pid1062
96.50306624143528  2.395883317788954 101.29483287701319 pid1063
96.83294208966612  4.1156741453881045 105.06429038044233 pid10c3
98.34002651846619  2.6481714511140444 103.63636942069428 pid104b
98.44172421465021  3.386530921675692 105.2147860580016 pid10aa
98.74970581977645  2.9048296148242594 104.55936504942497 pid1068
99.32805873091081  4.034567151107363 107.39719303312553 pid1049
100.89187404892964  1.054130848504316 103.00013574593827 pid105b
102.34678129706012  4.974189599017706 112.29516049509553 pid10b6
103.52415965929465  3.252955076848104 110.03006981299086 pid1039
103.67034755628018  2.1156293860733104 107.9016063284268 pid10c1
103.76439019244252  2.7274947502765796 109.21937969299567 pid107b
103.8756063744272  1.3016504013276187 106.47890717708245 pid1090
106.85959136018158  2.772426753743542 112.40444486766867 pid1052
109.71770693336369  4.255121193317159 118.227949319998 pid10b8
111.34235080456908  3.4750341715498365 118.29241914766875 pid1070
112.17200144822259  1.0047290884458868 114.18145962511436 pid1089
113.55624815898305  2.6090776036825467 118.77440336634814 pid10a0
114.38346852908111  4.778823187862191 123.94111490480549 pid1065
117.47280585802602  2.3422096159286037 122.15722508988323 pid1080
117.76099804160299  4.134294649599317 126.02958734080163 pid1051
117.88366244161118  4.417167367796383 126.71799717720394 pid109d
117.88884450998225  3.0599936661775393 124.00883184233733 pid1079
118.27332397627842  3.345791593383848 124.96490716304612 pid10b4
121.02483993904895  1.9023996827310863 124.82963930451112 pid10ba
121.41034090113762  4.84359018694765 131.0975212750329 pid10bd
123.0214796333937  2.7138078181350744 128.44909526966384 pid108e
123.94350880116649  4.921961175970708 133.7874311531079 pid10b0
125.41778430240672  1.5842460113240522 128.58627632505483 pid1091
126.46378973479177  4.100837405405194 134.66546454560216 pid1059
126.94174603549504  4.462039174168494 135.86582438383203 pid105c
127.36983487986618  1.5423310841286977 130.45449704812359 pid103c
130.00425163313346  4.22154801510273 138.44734766333892 pid1067
130.83539747002138  4.817068304928306 140.46953407987797 pid10a1
131.82582365674722  2.9611695885592213 137.74816283386565 pid104d
133.53443336511668  4.572228160961916 142.6788896870405 pid1043
133.83725969123168  4.290960925318053 142.41918154186777 pid10c9
133.90686222789512  1.30282652260563 136.51251527310637 pid10bc
134.09293862234537  4.654381187192964 143.4017009967313 pid10a6
134.1985572610392  3.9683125004878765 142.13518226201498 pid108d
136.1290846906956  2.9745252295714337 142.0781351498385 pid10cb
136.57871320953524  1.4243265855636693 139.4273663806626 pid109f
137.4003389768779  1.802347722979976 141.00503442283784 pid1048
137.5916558315523  3.1868809184648477 143.965417668482 pid1058
138.903854713027  4.040148380111012 146.984151473249 pid10b2
141.2011137882585  3.433367583744839 148.0678489557482 pid1038
147.42859972679648  4.8622036286349815 157.15300698406645 pid105e
150.53822500335738  2.480650401500087 155.49952580635755 pid103a
155.52351082692118  1.813737125680278 159.15098507828174 pid107d
155.83474930169592  1.4764095906664805 158.78756848302888 pid108b
156.39062866530742  2.2386267954626073 160.86788225623263 pid108a
156.94786472388094  1.4584547254382807 159.8647741747575 pid1044
157.63204425107972  3.2828565601645887 164.1977573714089 pid10c2
158.118696195929  4.689250308962324 167.49719681385366 pid10b5
162.76939185655226  2.4413319583574475 167.65205577326716 pid1073
163.41600719156983  1.5620217913164205 166.54005077420268 pid1071
163.67047825392171  2.9034102059261198 169.47729866577396 pid1095
163.9712880335449  4.931714174104174 173.83471638175325 pid1088
165.74809081158364  3.971658113291187 173.691407038166 pid109c
166.0443545219793  4.917165409366144 175.8786853407116 pid10ae
166.12580422418912  3.979900433640536 174.0856050914702 pid1050
168.5327177788148  3.1703404215792634 174.87339862197334 pid109b
168.65401945007534  3.8994315985466237 176.4528826471686 pid106b
171.95435912971018  3.2685667540964616 178.4914926379031 pid1042
172.00305836622553  3.9855629076491854 179.9741841815239 pid1041
172.3399630917674  3.0559890486119436 178.4519411889913 pid10ad
174.63722955905413  3.654414553291498 181.94605866563714 pid10c8
175.03400332914765  4.3034257128173925 183.64085475478242 pid10c0
175.2534656695713  2.0687187517712 179.3909031731137 pid10bb
177.00912458275707  1.3143651544406456 179.63785489163837 pid1036
178.10936164944266  4.560298191001428 187.2299580314455 pid10ca
178.14156823708015  2.0371332495569647 182.21583473619407 pid1078
179.8244873481601  1.2457136279132146 182.31591460398653 pid108c
