0.38858919637980716  2.267208247812921 4.923005692005649 pidc0d
1.2846688862192868  0.7248834489923937 2.734435784204074 pidbe0
1.76460761363455  2.127856274801369 6.0203201632372885 pidb92
1.9299198695934883  0.7183523427703464 3.366624555134181 pidbc5
3.5237461077451626  1.574885203076576 6.673516513898315 pidbff
5.144419028296232  0.8622478834850256 6.868914795266283 pidbb6
5.5024707203199625  0.5196237202033471 6.541718160726656 pidb87
6.254327683538474  2.2603948254595703 10.775117334457615 pidbd7
6.493107900668793  0.44183442333618 7.376776747341153 pidc12
8.362698057850338  1.942903728162222 12.24850551417478 pidc09
9.215512233523205  1.9000811826567339 13.015674598836672 pidb8f
10.3582076522983  2.518827017735516 15.395861687769333 pidc19
10.512788869087386  2.2627611263369594 15.038311121761303 pidbfc
11.102339578683996  0.46062403235703286 12.023587643398061 pidb94
11.330931131374234  2.8300461554194403 16.991023442213113 pidbbf
11.364602324073648  2.816650371706106 16.997903067485858 pidbf6
13.779340729361477  1.3022847442179204 16.383910217797318 pidbde
14.395955636772928  2.437901045842252 19.27175772845743 pidbc8
14.980908471757271  1.0506106987189918 17.082129869195256 pidc01
16.609039715559792  2.4875921362608886 21.58422398808157 pidba2
17.305410278888278  0.8099019406440471 18.925214160176374 pidbae
18.097169255405497  2.578206042299984 23.253581340005464 pidbd1
18.105512368760824  1.4444247744768575 20.99436191771454 pidbcb
21.129497228743265  2.1423419036660127 25.41418103607529 pidb97
22.7512022631174  0.7708944283769744 24.29299111987135 pidbd6
22.956066129657426  1.2139945410739492 25.384055211805325 pidba3
23.481585366585854  1.3396457020348553 26.160876770655566 pidbfe
23.51612185953169  0.6966352660787395 24.90939239168917 pidbbd
25.914631324627624  1.3136007436798587 28.54183281198734 pidb9b
27.169352224756683  2.9310282125307365 33.031408649818154 pidbb5
27.200519019357326  0.40668597014368796 28.0138909596447 pidbe9
28.695732810710815  0.4935557419172211 29.68284429454526 pidb91
28.982860849284307  0.5438019305764991 30.070464710437307 pidb9c
30.232760102242707  2.163571830229255 34.55990376270122 pidbf2
30.296927564994768  1.236256633328527 32.76944083165182 pidbec
30.954296101123436  2.0573199796075943 35.06893606033862 pidbd0
31.69761948359947  1.8063729138000073 35.31036531119948 pidbbb
31.922968780900586  2.437447364478703 36.79786350985799 pidc00
31.934277522064136  1.3645908547681695 34.66345923160048 pidbc3
32.47633075362868  0.5950208398414372 33.66637243331155 pidbf4
32.701441262320465  0.7902596694747863 34.281960601270036 pidbe1
32.71512066681238  1.6516964049357301 36.01851347668384 pidbc6
33.296954423736246  0.9743986031718608 35.245751630079965 pidbef
35.12584505498452  2.1413146872970965 39.40847442957871 pidbf5
37.88380642566316  1.0578754629867062 39.999557351636575 pidbc9
38.204541953118806  2.7494095221694357 43.70336099745768 pidbd2
38.36465506886583  2.9952989226675886 44.355252914201 pidbd5
38.442501111803516  0.9552942850201255 40.35308968184377 pidba6
38.598659122335455  0.8053067668321447 40.20927265599975 pidc04
38.73717165057189  1.0333527779340432 40.80387720643998 pidb8d
39.48760130901042  2.4070773776602 44.301756064330824 pidc18
40.7750606619388  1.1713795481672316 43.117819758273264 pidbdb
41.21475506733795  2.7756664739364814 46.76608801521091 pidc0f
41.804673657607175  2.2060624599905996 46.21679857758838 pidba9
44.418075751887876  1.1563962100692846 46.73086817202645 pidbe5
44.94522848277246  2.460731455688059 49.866691394148575 pidbfb
45.32440192561494  0.5386081362515533 46.40161819811805 pidbc0
47.9541103063694  0.8870213571756129 49.728153020720626 pidb89
48.32572427839483  0.8902191364118457 50.106162551218524 pidbb9
49.11624045343802  1.8838122800135295 52.883865013465076 pidbb1
49.32120297900552  2.2931415306061114 53.90748604021774 pidc07
50.282457985053256  2.077556198103724 54.437570381260706 pidc15
50.32319969860735  2.0647102247842546 54.45262014817585 pidbba
50.36135225740238  2.8639247418724705 56.08920174114732 pidbe3
50.513756838248746  1.119523718030268 52.752804274309284 pidbc4
51.780767628003176  0.86750630976885 53.515780247540874 pidbdc
52.28308684396612  0.943804990465217 54.17069682489655 pidbe8
53.37666036355311  0.9520893542270572 55.28083907200722 pidb8c
53.548580576217844  1.950119979822957 57.44882053586376 pidbc1
54.15400288063628  0.5891014335399206 55.33220574771612 pidba1
54.74399874563341  1.2546168321491948 57.253232409931805 pidbab
55.51135900561724  2.821323311242754 61.154005628102745 pidbed
55.54768305816138  1.1851792785137478 57.918041615188876 pidba4
55.92114827476256  1.2814591835373703 58.4840666418373 pidc06
56.27867299388848  1.39775603054056 59.0741850549696 pidb99
56.88255185689558  1.7353095547164825 60.35317096632855 pidbd9
57.286771321001474  2.0414412094416168 61.36965373988471 pidbee
58.18885621030447  1.3708576232030825 60.93057145671064 pidb9a
59.40873828874984  1.381185986059804 62.17111026086945 pidc0a
59.45811746029751  0.42790650878257164 60.31393047786265 pidbe7
60.31981835919644  0.6076984033488985 61.535215165894236 pidbb2
60.71759616777365  1.9520808851198295 64.6217579380133 pidc1a
61.56121096829118  2.169403921664965 65.90001881162111 pidbb3
62.30448035514736  1.9033136852182393 66.11110772558384 pidbf9
62.35420082620175  2.1638147688425904 66.68183036388693 pidc10
62.723602952070244  2.328314851047985 67.38023265416622 pidb9f
63.26131511915012  0.46547210587321947 64.19225933089656 pidbbe
63.392749203664266  1.0749854105415158 65.5427200247473 pidbbc
63.89181525833406  1.4665566743314753 66.82492860699702 pidbfa
64.36665076175949  0.519286327545169 65.40522341684982 pidbce
64.87378382160477  2.8769760475266644 70.62773591665811 pidbca
64.89728454549896  2.7811815993157696 70.4596477441305 pidbb7
65.25309803778575  1.8122846248293496 68.87766728744445 pidc16
65.36720304881278  1.1573717774618701 67.68194660373652 pidbf8
66.5209493289179  2.9316446458562386 72.38423862063037 pidc11
66.74108559822261  0.8971079808452513 68.53530155991311 pidbaa
67.80797623498366  0.8615642114449745 69.5311046578736 pidba0
68.02209685814637  1.1791591018695762 70.38041506188551 pidbdf
68.09200608575814  0.9231710639561213 69.93834821367038 pidc0b
68.64040250038556  2.7666796305492896 74.17376176148414 pidc02
70.50214239127493  1.9329617321427435 74.36806585556042 pidc17
70.93815703955042  1.0098923303137446 72.95794170017791 pidb93
71.62939694710978  2.8617652626268604 77.3529274723635 pidbcc
71.63403665110395  0.4008264623028942 72.43568957570974 pidc08
72.81232548878707  1.795422855207569 76.4031711992022 pidc13
73.14600972037175  1.2922817977725267 75.7305733159168 pidbf3
73.7293105820299  2.76240383736477 79.25411825675944 pidbeb
74.49091224965069  1.5134229645666433 77.51775817878398 pidba7
75.30289294868189  2.720602912194616 80.74409877307112 pidb8e
75.65415607681982  2.388388795621302 80.43093366806242 pidc14
75.73918159276108  2.2110733439740717 80.16132828070923 pidbd3
75.77242074098304  2.903709708400781 81.5798401577846 pidbda
78.36629145507409  2.307183030791278 82.98065751665665 pidba5
78.93745698236229  0.9055874046780952 80.74863179171848 pidc0e
79.0246984850769  1.0991341429631145 81.22296677100313 pidbc2
79.24314194792947  0.8817570178012141 81.0066559835319 pidb8a
80.18966385958858  1.1202256529777903 82.43011516554415 pidbf7
80.20740278161088  1.3047352601830093 82.8168733019769 pidbf1
80.79471042500364  2.887786077868713 86.57028258074106 pidb9e
81.7654608861321  2.2985907416699227 86.36264236947196 pidbea
82.16865399742922  1.9622997426376654 86.09325348270455 pidb95
82.28477732857449  1.597925695755269 85.48062872008504 pidbad
82.76846450163802  2.097441702049794 86.9633479057376 pidbcd
84.11909201870857  1.1149685502153763 86.34902911913932 pidbe2
84.77978314488867  2.301804755133096 89.38339265515486 pidbe4
85.23158678059538  1.1095483493177665 87.45068347923092 pidbb8
86.26584732599976  0.7419385426403584 87.74972441128047 pidbe6
86.99495941217084  1.5094118500503413 90.01378311227153 pidbc7
87.19888676025369  1.6160939703611361 90.43107470097596 pidc0c
87.95481202611934  0.9401821255522166 89.83517627722378 pidbac
88.65644530656164  2.498954021202431 93.6543533489665 pidbb4
89.03905288952296  1.9554289831336282 92.94991085579022 pidbfd
89.59492084710209  1.0268837574512306 91.64868836200455 pidbcf
89.82218755462618  1.4481407286155603 92.71846901185731 pidb90
89.97710342921462  2.2678687409437397 94.5128409111021 pidbaf
90.63645098865368  0.9998522889353705 92.63615556652442 pidc03
92.1076298811079  2.9520841342692483 98.0117981496464 pidbd8
92.47804325972066  0.7616251585070897 94.00129357673484 pidc05
92.61859297817963  0.6393127586442122 93.89721849546805 pidb8b
92.81741346506361  1.3397912714363163 95.49699600793625 pidbb0
93.58763925969436  1.574828171222256 96.73729560213887 pidbd4
94.71612557843002  1.1897122357494991 97.09555004992902 pidb98
97.28681502593155  1.3947668620385056 100.07634875000856 pidb86
97.75356177869227  0.9535402571852672 99.6606422930628 pidb96
97.82698358785213  0.4542112051456339 98.73540599814339 pidbdd
97.9604678496954  0.49620242860073926 98.95287270689688 pidb9d
98.46702290142957  2.6776231176451355 103.82226913671984 pidb88
98.92565267813359  1.366786758777761 101.65922619568912 pidba8
99.26932734295337  0.8156142033798527 100.90055574971308 pidc1b
99.646103896588  2.336039784212107 104.31818346501221 pidbf0
