6.490052038747923  2.959287999479218 12.408628037706357 pid8d7
10.240546140921605  4.751016442262589 19.742579025446783 pid8f9
17.499435913926508  2.328531089420651 22.15649809276781 pid8d9
21.572361170108035  1.0285810681816945 23.629523306471423 pid8f4
25.141363338810592  1.9676780386377772 29.076719416086146 pid8ea
26.923005501966642  3.530304868124034 33.98361523821471 pid8df
27.731762107860554  1.57651945752677 30.884801022914093 pid8dc
29.7621815332055  4.888496979323659 39.539175491852816 pid8d2
30.965303950294214  4.200926763876167 39.36715747804655 pid8cb
42.34815999655564  4.516696432980851 51.38155286251734 pid8f2
43.73872980766073  1.8462398145734542 47.43120943680764 pid8d0
44.79691231103606  1.2369979384293526 47.27090818789476 pid8f5
53.17134932306127  3.5595944813524127 60.2905382857661 pid8d4
61.4104860294473  4.246721902498029 69.90392983444336 pid8e9
63.70599494181044  2.294109943331978 68.2942148284744 pid8e3
64.47543905045772  4.7760698010088 74.02757865247533 pid8ef
66.0409779557472  1.3907323130302678 68.82244258180773 pid8e7
67.69197460236003  4.095782264738691 75.88353913183741 pid8f3
69.47434644193758  4.3936050119338725 78.26155646580533 pid8d3
75.536141657415  2.7171549279060367 80.97045151322708 pid8e4
85.13547052608978  4.927844556598058 94.9911596392859 pid8d8
86.53829481083827  4.754854596038712 96.04800400291569 pid8fa
89.3668847665272  1.1727202431008306 91.71232525272887 pid8cf
89.41352977890955  2.830211762189451 95.07395330328845 pid8f7
90.27511494245125  1.0634109472392503 92.40193683692975 pid8e2
92.2671687893711  2.1661421546491404 96.59945309866939 pid8d1
111.10424187327723  2.959774580405579 117.02379103408839 pid8dd
112.98439139440947  4.92741704111723 122.83922547664393 pid8eb
115.69466747417793  1.2780808100679346 118.2508290943138 pid8f0
118.30386882903952  2.9516708110908914 124.2072104512213 pid8ec
120.03150322444966  3.5219505128114608 127.07540425007258 pid8de
123.40695285479477  2.068784947213341 127.54452274922144 pid8ee
133.73244654921643  4.165867816523158 142.06418218226275 pid8e0
134.46949276801303  2.6954389766848297 139.86037072138268 pid8fb
141.12088587376977  3.052557154518191 147.22600018280616 pid8cc
147.112424921131  1.8837041078475885 150.8798331368262 pid8f8
147.31816974010673  1.3745549150151475 150.06727957013703 pid8d5
154.71974318112711  4.677352196375761 164.07444757387864 pid8ce
156.98293169185817  3.4543822898461407 163.89169627155044 pid8e1
162.09135357056726  2.69343508051817 167.4782237316036 pid8db
165.88186387472192  3.4469379021286657 172.77573967897925 pid8cd
168.49494208521142  3.977883994075274 176.45071007336196 pid8da
170.2265473983835  1.8795478060312343 173.98564301044598 pid8d6
170.28462649692855  1.901720424551793 174.08806734603215 pid8ca
174.89650994425165  4.907336853488108 184.71118365122786 pid8ed
175.80177329066734  2.361429600921311 180.52463249250997 pid8e5
176.7384437497522  3.008996569701354 182.7564368891549 pid8e6
176.8732746196528  1.6477306045962417 180.16873582884529 pid8f6
178.90417956972203  1.1625826956774525 181.22934496107695 pid8f1
179.1180931940631  3.88647044689543 186.89103408785397 pid8e8
