0.7513295601928927  0.7929905101173997 80.75132956019289 pid25ae
1.1070747010648085  0.9837195639579273 81.1070747010648 pid253a
1.3815788254159522  0.6517487655763359 81.38157882541596 pid25be
2.212230843644253  1.6890354856791365 82.21223084364425 pid2486
3.225937623577374  1.317394079283283 83.22593762357738 pid243c
3.2746311488305313  0.980096478771356 83.27463114883054 pid2464
3.390210765548407  1.0888307399828974 83.3902107655484 pid2495
3.7938754311898415  1.776083020917475 83.79387543118985 pid2463
3.9512513047562425  0.5478752492528782 83.95125130475624 pid253b
4.153789186516282  1.633412930248149 84.15378918651628 pid2537
4.181479214828066  1.1172522623685164 84.18147921482807 pid24c1
4.336823998641314  0.62172956001465 84.33682399864131 pid24d0
4.535205416257787  1.6005101273633313 84.53520541625778 pid24e2
5.310935100961278  1.367256914509047 85.31093510096127 pid24a4
6.247655470361546  1.0148071544060682 86.24765547036155 pid245b
6.779634469496054  0.7629184195625469 86.77963446949606 pid2488
7.424174304300318  1.4739261462018667 87.42417430430032 pid258a
7.555942898923906  0.5404541912372691 87.5559428989239 pid249a
7.683218461571056  0.6003129850674692 87.68321846157106 pid24c8
8.094380835693766  1.417007623598027 88.09438083569377 pid2543
8.208711461997014  1.6664652427194093 88.20871146199701 pid25a7
8.59992235376984  1.0685431626668984 88.59992235376984 pid2440
8.844238468187548  1.1211869045687888 88.84423846818754 pid2551
8.92744944855542  1.1092838117912422 88.92744944855542 pid2544
9.084464249336849  1.7611676007969868 89.08446424933685 pid24ba
9.304516195611324  1.9698441234782427 89.30451619561133 pid24b9
9.629824165459278  0.7090185660939812 89.62982416545928 pid2518
9.736954667513276  1.0820285167382329 89.73695466751327 pid2521
9.985594316937563  1.6228966808944827 89.98559431693756 pid25bb
10.05750203446269  1.689464573184235 90.05750203446269 pid2483
10.558005720005143  1.5269790565790902 90.55800572000514 pid24b8
11.133490911563825  1.2713408215099702 91.13349091156383 pid25d3
11.462907293383456  1.386761720768256 91.46290729338345 pid24f2
11.48549020146244  1.6838114054556765 91.48549020146244 pid247d
11.770448441144222  0.714185163695589 91.77044844114423 pid2538
11.86694459524249  0.633069360086465 91.86694459524249 pid244e
11.879374267780884  0.6944029078399477 91.87937426778089 pid2571
11.902634106898741  1.4682504555743017 91.90263410689874 pid2531
12.83256793172603  1.1398401431053187 92.83256793172603 pid25a1
13.04117735694097  1.911575453629438 93.04117735694098 pid254a
13.485044497465143  1.1530741754221001 93.48504449746514 pid25b5
13.704034598411269  1.8045150484627617 93.70403459841127 pid2443
13.708567361405965  1.1150840599129006 93.70856736140597 pid2559
13.959869900486582  1.8264947322669387 93.95986990048658 pid24ee
14.659166546318747  0.6978191320037366 94.65916654631874 pid244f
14.691583178985656  1.2746110439295482 94.69158317898565 pid2554
14.854561472766386  0.8435417104653102 94.85456147276639 pid256b
15.088326046318501  1.5591529334544707 95.0883260463185 pid2461
15.42599429156165  1.7064921082445261 95.42599429156165 pid248a
16.91051119222585  0.7160500418148437 96.91051119222585 pid250c
16.95545261630415  1.6490806075835382 96.95545261630414 pid25b8
17.04733305884044  0.7072161717564436 97.04733305884044 pid2542
17.646985528690486  1.8392039081881344 97.6469855286905 pid257f
18.039926516255438  1.56070203085149 98.03992651625543 pid246d
18.11743155436188  1.1536567090118792 98.11743155436187 pid2526
18.204064444456574  0.727186723511506 98.20406444445658 pid24f9
18.28300852957022  0.8245373167509846 98.28300852957022 pid24ac
19.290621348105525  0.7561517135472433 99.29062134810553 pid24a0
19.291925314500553  1.1952125743043036 99.29192531450056 pid25b1
19.308906475324743  0.9755439267434249 99.30890647532475 pid242e
19.381195534982343  1.4609453901950638 99.38119553498234 pid249d
19.918862553857796  1.7620465037992998 99.91886255385779 pid254b
19.951755300511508  1.25150786876199 99.95175530051151 pid2532
20.010745509246696  1.6799506131173032 100.0107455092467 pid2441
20.0737290929574  0.7706670694385515 100.0737290929574 pid24be
20.28181956895346  0.7087816915028583 100.28181956895347 pid24ab
20.51926650543695  1.630438810585207 100.51926650543695 pid24dc
20.53363634515301  0.895553591920289 100.53363634515301 pid2578
22.19139738287252  0.9721964316067959 102.19139738287252 pid24f5
22.200469788903533  1.9929194963706516 102.20046978890353 pid248d
23.229691353136207  1.166171179897001 103.2296913531362 pid24df
23.65081614810093  1.8000207731504836 103.65081614810093 pid2491
24.23022786344196  1.277131525862207 104.23022786344197 pid2473
24.230983864738175  0.6577673908993793 104.23098386473818 pid24b1
24.244314577373157  1.8410225550172918 104.24431457737316 pid24c9
24.47787044277632  0.9205339854868707 104.47787044277632 pid2444
25.225569794658657  1.2909409433782892 105.22556979465865 pid255a
25.247475738302498  1.6170288204514538 105.2474757383025 pid259f
25.621495727337496  1.8580221270223263 105.6214957273375 pid2497
25.644785070028934  1.7913724514967049 105.64478507002893 pid24ea
25.802041461342462  1.2441260467983173 105.80204146134247 pid2510
26.33292821495213  0.6647426289779212 106.33292821495213 pid24d9
26.42537444396602  0.7908971899728353 106.42537444396602 pid24d3
26.596181218673724  1.10397438780825 106.59618121867372 pid2490
26.686383854011574  0.9784245933501372 106.68638385401158 pid2530
27.164161732297053  1.6568896651451939 107.16416173229706 pid247b
27.624820699757368  1.328104935090394 107.62482069975736 pid2523
27.64521485861672  0.9250982391010016 107.64521485861673 pid24a3
27.98406659984588  1.3369811558319182 107.98406659984587 pid24a8
28.358252969176316  0.9436698605071614 108.35825296917632 pid25ce
28.51395443709002  0.7654901311005134 108.51395443709002 pid2492
28.537513555323535  1.7861438791692992 108.53751355532353 pid24d8
28.671289293158008  1.3266881046008947 108.67128929315801 pid24b4
29.151011470444054  0.5139982402077976 109.15101147044405 pid25a3
29.52699143492376  1.5210100732707625 109.52699143492376 pid247a
30.422632796701283  0.5643714437981651 110.42263279670128 pid2436
30.975916348121036  1.14026936729703 110.97591634812103 pid25d4
31.085246774824714  1.395707767733252 111.08524677482471 pid24a1
32.58143771760158  1.1635509942302362 112.58143771760157 pid255b
33.23461751406283  0.9218941510186659 113.23461751406283 pid2519
33.54849578342139  1.6903331861875255 113.54849578342139 pid251d
33.70772067022931  0.6439351950957695 113.7077206702293 pid2467
34.24621674776077  1.628762970134007 114.24621674776077 pid255f
34.352554363135525  1.8485562492484626 114.35255436313552 pid2442
34.78928305184955  0.9346865270670459 114.78928305184955 pid2535
34.96857036390647  0.9646537149662806 114.96857036390648 pid246f
35.02553397515283  1.0473182627135482 115.02553397515283 pid256a
35.224407912255785  1.3322416047984944 115.22440791225578 pid2515
36.16847662750187  0.8541090177571375 116.16847662750186 pid25a9
36.181675625475634  0.7025827178545386 116.18167562547563 pid247f
36.444571868134425  0.6399177399198595 116.44457186813443 pid24fb
36.774597771445784  1.339660063822533 116.77459777144578 pid2474
36.97281391491675  1.8298713477946666 116.97281391491674 pid2472
37.356613215351366  0.9212723747253595 117.35661321535136 pid2430
38.86892332060736  0.8015031141623538 118.86892332060737 pid24fa
39.19774859801384  1.611881120824103 119.19774859801385 pid2476
39.20027659766572  1.0244239580457153 119.20027659766572 pid2449
39.28604351564935  1.8825562925400812 119.28604351564934 pid2541
39.427819661317  0.9108455811640523 119.427819661317 pid2438
40.17229907212187  1.6323499393554275 120.17229907212186 pid251e
41.218095828309416  1.46494135191443 121.21809582830942 pid2570
41.25775411461497  1.5043872788632118 121.25775411461497 pid259d
41.81895616012807  0.955043717050357 121.81895616012807 pid24aa
42.655316666741896  1.7142364667808543 122.6553166667419 pid2520
42.76811483866448  1.9590023197557023 122.76811483866447 pid24eb
42.96158798459437  0.617914021655562 122.96158798459436 pid24d2
43.278503909308995  1.8874903730595496 123.278503909309 pid24b5
43.71841159984384  1.5802981189051524 123.71841159984385 pid24d4
43.99050330851463  1.0906531618625515 123.99050330851463 pid24cd
44.19962774667836  0.8345292304628503 124.19962774667836 pid24f0
44.35934617265529  1.0441443360585778 124.3593461726553 pid259e
44.92168153016935  1.5955974421477819 124.92168153016935 pid2477
45.11887576475615  0.6029260751156011 125.11887576475615 pid250d
45.2575318357736  1.9699474563977308 125.25753183577359 pid2558
45.33826580385815  1.1112537460568976 125.33826580385815 pid2582
45.41754158246273  1.2486119016450477 125.41754158246273 pid24b6
45.478513389924366  1.091875121318901 125.47851338992436 pid249c
46.24131644367356  1.8944524644832352 126.24131644367355 pid245d
46.56897593701166  1.2238529014361836 126.56897593701166 pid2514
46.61733488819643  1.5131973632832323 126.61733488819644 pid24a5
46.746028324765035  1.9828119021019577 126.74602832476504 pid2573
47.24853148801681  1.2376511718262595 127.24853148801681 pid257c
47.553922775757115  1.2210053997212857 127.55392277575712 pid250b
47.67380936595264  1.0714263410671103 127.67380936595265 pid2549
48.23519456395978  1.9953930952155494 128.2351945639598 pid249f
48.67158162211658  0.6795461790205919 128.67158162211658 pid2567
48.94528460387219  1.5185691581128598 128.94528460387218 pid2545
49.33676077366978  0.5661507638288603 129.33676077366977 pid251f
49.43524795046871  1.785915571463113 129.4352479504687 pid254e
49.591275381735755  1.3657522429898759 129.59127538173576 pid24e0
49.90083676937857  1.726343859992848 129.90083676937857 pid24b3
49.93048611074269  0.6741979704077592 129.9304861107427 pid251c
50.31893761727553  1.7102803864736713 130.31893761727554 pid2480
50.36430306178934  0.5259534926267351 130.36430306178934 pid248c
50.50743051702731  1.8184998644576522 130.5074305170273 pid25cd
50.569149412915756  1.440383819567933 130.56914941291575 pid25b6
50.633363524734435  0.9489422736435948 130.63336352473442 pid25b4
50.98601661783318  1.7750971033699212 130.98601661783317 pid25aa
51.4294372525758  1.9507381286861338 131.4294372525758 pid24ca
51.480828183127706  0.8790997914897858 131.4808281831277 pid25af
51.69800003157015  0.6914715377311742 131.69800003157016 pid25c4
51.895429072348215  1.3623023867805133 131.8954290723482 pid2593
51.99589339629128  1.0780116833734246 131.99589339629128 pid24b0
52.04683161684431  1.0879771020703357 132.04683161684432 pid25e2
52.07478809719188  1.5303703594347469 132.07478809719188 pid2428
52.53887883256082  1.6659550634514264 132.5388788325608 pid254f
52.64288364974249  1.6349208177602426 132.6428836497425 pid2575
52.97690395275721  1.4295204680484346 132.9769039527572 pid25b3
53.40908029954652  1.5426874867490348 133.40908029954653 pid24c6
53.6282277776987  1.5217879540478725 133.6282277776987 pid25c7
53.65913925135529  1.8681921776854868 133.6591392513553 pid244a
53.71658196377938  1.1019056441041293 133.7165819637794 pid2504
53.81898693722517  1.8383019725628138 133.81898693722516 pid2563
54.096872092338735  0.6641119790473717 134.09687209233874 pid2431
54.607471537824146  1.5199408214290924 134.60747153782415 pid24ce
54.63753075219802  1.730697213387429 134.63753075219802 pid2512
54.71238745263653  1.8666763092686791 134.71238745263653 pid25c0
54.749892465006056  1.819011180704404 134.74989246500604 pid2594
55.174822883181356  1.769474825197539 135.17482288318135 pid24d7
55.34425853693665  1.7637254339759265 135.34425853693665 pid24a7
56.263070200504146  1.94997517341905 136.26307020050416 pid245f
56.314357521952545  0.7412272024186031 136.31435752195256 pid2527
56.715455421291324  1.3139062653480713 136.71545542129132 pid25a8
56.976873309037096  1.6075327454783581 136.9768733090371 pid254d
57.06939041654248  1.905682667763302 137.0693904165425 pid2511
57.22989273523327  0.7893364799002245 137.22989273523328 pid25d9
57.49251844619823  1.5801858868068916 137.49251844619823 pid2509
57.6643629054198  0.6665989754748893 137.6643629054198 pid25d0
58.176931019709535  0.6306622861181173 138.17693101970954 pid2552
59.229565689577946  1.1235591455293787 139.22956568957795 pid25df
59.34615908589532  1.396350793054943 139.34615908589532 pid2502
59.49001356872254  1.5387923551209548 139.49001356872253 pid2517
60.73136181208332  1.8042806536274791 140.73136181208332 pid24f7
61.52103965024193  0.8690017985948775 141.52103965024193 pid24ed
61.63365001568336  1.418421395265264 141.63365001568337 pid24e9
62.09575521768521  1.5527794006769065 142.09575521768522 pid24d1
62.3306617865799  0.5889811209114787 142.3306617865799 pid253d
62.94904430377918  1.018850850317885 142.94904430377917 pid243b
62.96331476749791  1.1909054425812748 142.9633147674979 pid24fd
63.59315654530991  1.13374172715007 143.5931565453099 pid25ca
63.934875432141425  1.972129813026006 143.93487543214144 pid24e4
64.50863859204674  0.9482701299988516 144.50863859204674 pid24cc
64.60066055090051  0.9517299456318922 144.6006605509005 pid243a
64.97702102418148  1.2761944903627132 144.97702102418148 pid24dd
65.27228015139765  1.5900904714597137 145.27228015139764 pid24e6
66.40518623843819  1.038431145453325 146.4051862384382 pid25c9
67.19318133030806  0.9645825232104168 147.19318133030805 pid25bf
67.85028185087705  1.8190349406877893 147.85028185087705 pid2598
68.11486096674324  1.9107092778391612 148.11486096674324 pid2453
68.35055855628084  1.947963510730827 148.35055855628084 pid25c6
68.50048396964137  1.5390988540910064 148.50048396964138 pid25de
69.41123048895561  1.50214807199165 149.4112304889556 pid24c5
69.44120404699795  1.65538675439932 149.44120404699794 pid255e
69.5403343356448  1.9215053013938452 149.5403343356448 pid2452
70.36309521469755  1.9413058099160891 150.36309521469755 pid2528
70.5846601792908  1.160760516412275 150.58466017929078 pid2599
70.83560411624038  1.9995261763179213 150.83560411624038 pid243d
71.08752687944653  1.736849129502168 151.08752687944653 pid25b9
71.88435863478722  1.987156292209736 151.88435863478722 pid2540
73.23958350629374  1.2164429151589153 153.23958350629374 pid25a4
73.34972752597275  1.8940945815877166 153.34972752597275 pid244c
73.80125374782924  1.2381302664740592 153.80125374782924 pid2547
74.61232635956634  0.8625865873475593 154.61232635956634 pid2459
74.65648393372639  1.8619222207105612 154.6564839337264 pid257a
74.69529320973207  0.8436103178341412 154.69529320973209 pid2446
74.9710741653901  1.0991811271210115 154.97107416539012 pid25a6
75.28483370816538  1.2301733532648562 155.28483370816537 pid24b2
75.32620452065221  0.8655642293248309 155.3262045206522 pid2525
75.44576340650042  1.7099200988209229 155.44576340650042 pid24e5
76.32233931961149  1.2374721120986503 156.3223393196115 pid25ad
76.78108590113811  1.5469128377734378 156.7810859011381 pid25d8
77.0014572736258  1.7112832468720505 157.00145727362582 pid24c2
77.073648487896  1.345294601464391 157.07364848789598 pid24e3
77.51568596708103  1.2567410853295935 157.51568596708103 pid2579
78.03837279053971  0.6418070411032994 158.0383727905397 pid245c
78.04562189720586  1.0746004567008307 158.04562189720588 pid2460
78.37534762939367  1.639698406015192 158.37534762939367 pid24bc
78.57875842193302  1.7034437244794787 158.578758421933 pid25c1
79.24503585726654  1.3468201442306493 159.24503585726654 pid24af
79.501184018634  1.866751864577424 159.501184018634 pid24cb
79.5797080895547  1.6410719654834467 159.57970808955469 pid2462
79.73694941047013  0.5570702462251784 159.73694941047012 pid25c8
80.7760353076796  0.5559569257374928 160.7760353076796 pid25a5
80.99549294485934  1.8931437026624929 160.99549294485934 pid25dd
81.80249226845135  0.8752754767801723 161.80249226845135 pid2534
82.83232673867266  0.7641248721510586 162.83232673867266 pid252f
83.51817483151402  1.8988188734382958 163.51817483151402 pid2576
83.52111352257559  1.1568415113089654 163.5211135225756 pid2508
83.60797094220304  1.298477567371666 163.60797094220305 pid24b7
83.984741857356  1.0407101263209018 163.984741857356 pid24de
84.95728970245105  1.6567761352448294 164.95728970245105 pid2458
86.0377930184379  1.1559725109214634 166.0377930184379 pid2424
86.38769722389593  0.638490216632503 166.38769722389594 pid2493
86.49430995064273  1.9917463214597748 166.49430995064273 pid2498
86.52256471792272  1.4766617556282 166.5225647179227 pid25a2
86.5693652235483  1.3646468980637971 166.5693652235483 pid24ad
86.6931859190733  1.858057777794324 166.6931859190733 pid258e
87.10079505853935  0.7855698212475895 167.10079505853935 pid24e7
87.18390842965407  1.455687364949232 167.18390842965408 pid25bc
87.79616446648112  0.9049950075429486 167.79616446648112 pid243f
88.06577384103959  1.501364958129121 168.06577384103957 pid2448
88.49550797124009  1.5724798296993976 168.4955079712401 pid2429
89.03563942737124  1.072939203970753 169.03563942737122 pid248e
89.55723353474546  0.9600182211293883 169.55723353474548 pid25ab
89.6839964371954  1.756546890649562 169.6839964371954 pid248b
90.52106998425036  0.5418164191363928 170.52106998425035 pid2595
90.53555944283701  0.8654890331059238 170.535559442837 pid259c
90.55708711984214  1.5564392575319363 170.55708711984215 pid24ef
90.71071797592614  1.7411462657812553 170.71071797592614 pid2499
90.75333399336996  1.183409409733237 170.75333399336995 pid2481
91.04496992052071  0.5374707992856831 171.0449699205207 pid25b2
91.40212064942268  1.5031469905539951 171.40212064942267 pid2562
91.40254367548074  1.9089165370623413 171.40254367548073 pid2597
92.64197342780372  0.5408231970937782 172.64197342780372 pid2475
92.64886890566528  0.8444010809120639 172.64886890566527 pid25c5
92.70846872799882  1.5722165336954284 172.70846872799882 pid245a
92.82316006153077  0.8221483806494365 172.82316006153076 pid25d1
93.1602145652106  1.303969016082293 173.1602145652106 pid24f4
93.76052604517463  1.5207897911507355 173.76052604517463 pid2590
94.21102926214236  0.6962517386894709 174.21102926214235 pid25e1
94.33018010227673  0.8227038501608063 174.33018010227673 pid252d
94.43686323989022  1.745249716971868 174.43686323989022 pid2566
95.02058909066304  1.6529307555042232 175.02058909066304 pid2454
95.2674607688739  0.5941518595941435 175.2674607688739 pid25cf
95.51500126262093  0.7296466558293696 175.51500126262093 pid25cb
95.62003644061532  1.3682306350499318 175.6200364406153 pid2447
95.62217620513346  1.9938949903536034 175.62217620513346 pid25d7
95.79417712776947  1.3608377175173376 175.79417712776947 pid258f
95.87862554321568  0.8739192167257878 175.87862554321566 pid24da
96.00298114263212  1.021168439556567 176.0029811426321 pid2524
96.41668382767232  0.8120907845639824 176.41668382767233 pid2596
97.06214783911776  1.2595918972977946 177.06214783911776 pid24e8
97.09796487063254  1.8450805530108076 177.09796487063255 pid256f
97.13430218663716  1.9212516362617933 177.13430218663717 pid2555
97.60135559067432  1.593343214734877 177.6013555906743 pid242b
98.2497609004382  1.9914099306844268 178.24976090043822 pid24c0
98.25241877145865  1.5500924779806873 178.25241877145865 pid259b
98.47738032096953  0.6858896476267564 178.47738032096953 pid2434
98.86694071023585  1.9980734808083604 178.86694071023584 pid2586
99.41258338265978  0.6349170762196521 179.41258338265976 pid2468
99.47991786848715  1.5882134494318505 179.47991786848715 pid2591
99.63617470498237  1.7269871790680522 179.63617470498235 pid2478
99.81305042309125  0.9222909932517526 179.81305042309125 pid256c
100.7329147723801  1.075660032484007 180.7329147723801 pid2507
100.77675551280694  1.4086893040481163 180.77675551280694 pid2422
101.0958052189252  0.6195340921079693 181.0958052189252 pid2592
101.90959876663128  1.7409448904465232 181.9095987666313 pid242d
101.92079261431554  1.3489060700879458 181.92079261431553 pid25d6
102.00179646461454  1.269047257684122 182.00179646461453 pid2546
102.75003484868708  1.8523504667394624 182.75003484868708 pid25b0
103.07696315871644  1.301185521669134 183.07696315871644 pid2572
103.20376257952745  0.9115301939369864 183.20376257952745 pid2427
103.89030553027683  1.1544966417945597 183.89030553027683 pid2580
103.93140426760648  1.7107064282064266 183.93140426760647 pid24f6
104.35823183312085  1.5776578788645013 184.35823183312084 pid2450
104.83311823106212  1.4757401905905385 184.83311823106212 pid25c2
104.9167649542311  1.3138918140074272 184.9167649542311 pid24a6
105.56075681884307  1.6455477603568913 185.56075681884306 pid2569
105.61140291549798  1.4450880265801496 185.611402915498 pid245e
105.82211241295603  0.5780538090065277 185.82211241295602 pid2466
106.48126873443655  1.2413242775662177 186.48126873443655 pid2548
106.61267242684272  1.7578451068582182 186.61267242684272 pid2587
106.80039216616949  1.0241298527755753 186.8003921661695 pid255c
106.84458237526383  1.6029596330527967 186.84458237526383 pid2536
107.04459338274657  1.9542853938274494 187.04459338274657 pid2494
107.52774993431626  0.9873391566628354 187.52774993431626 pid246c
107.61970176977223  0.9882222206606573 187.61970176977223 pid243e
107.64742719302498  0.712262504973806 187.64742719302498 pid24db
107.88382332276917  1.3404661147337333 187.88382332276916 pid2560
108.42129347766738  1.6370758404745942 188.42129347766738 pid2589
108.7546181624428  1.3847863222764685 188.7546181624428 pid24ec
109.31650096603475  1.752295844082841 189.31650096603477 pid249e
110.18388743904258  1.0033738748921135 190.18388743904256 pid246a
111.00082949116434  1.9524112482187332 191.00082949116432 pid24fc
111.36448210503744  1.518801857992385 191.36448210503744 pid2479
111.46496081146365  0.8577081688321737 191.46496081146364 pid259a
111.60982135611711  0.756123922571249 191.6098213561171 pid25da
111.77604315636167  1.3959127420520434 191.77604315636165 pid2581
112.03204828122162  1.260325725983016 192.03204828122162 pid25c3
112.66017867196587  0.5673238549380978 192.66017867196587 pid2437
112.95702937539036  1.5167779861716655 192.95702937539036 pid2503
112.9954471950727  1.8163402149446957 192.9954471950727 pid2584
113.34946936001135  0.6091617419143176 193.34946936001137 pid24ff
113.44013297012178  1.312603486140119 193.4401329701218 pid2564
113.88486560047758  1.7489634443507582 193.88486560047758 pid24fe
114.07060798556843  1.1070464228197723 194.07060798556842 pid247c
114.50343286802594  1.6712525266989962 194.50343286802593 pid2500
115.39726677509466  1.5434540257694138 195.39726677509466 pid258b
115.45987530187706  1.0593905780166697 195.45987530187705 pid24bb
115.81215514079301  1.8008356222226438 195.812155140793 pid253f
115.88670081867288  1.967247036337538 195.88670081867286 pid2506
116.04653486466212  1.3362068367755842 196.04653486466214 pid2568
116.2962214688746  0.650540838731549 196.2962214688746 pid24c7
116.41821279758328  0.7372248405470645 196.4182127975833 pid2561
116.84489562115733  0.7693386923557144 196.84489562115732 pid24e1
117.13090945437862  1.5377049345270282 197.13090945437864 pid2522
118.1678592715229  1.9103373768936036 198.1678592715229 pid252a
118.51455957859795  1.7721072656986283 198.51455957859795 pid24f8
118.88960117812077  1.492218890743731 198.88960117812076 pid24d5
119.27130398773885  1.1952294819377678 199.27130398773886 pid2501
119.63947882752596  0.8665550820266186 199.63947882752598 pid246b
120.76959571630918  1.0146453246166316 200.7695957163092 pid244d
120.87151040268644  1.6070949309379512 200.87151040268645 pid24d6
120.87469963768511  0.6710038914154387 200.87469963768513 pid2485
120.89969562255737  1.9439161012654664 200.89969562255737 pid242f
120.90535965326062  1.721745500314418 200.90535965326063 pid25e0
122.27579199914389  1.3650682464491064 202.2757919991439 pid256e
122.7691847910387  1.0020277375386515 202.7691847910387 pid249b
123.24917390284595  1.0114151726316383 203.24917390284594 pid2451
124.37821620863814  1.4074087958814887 204.37821620863815 pid2585
124.72635653387952  0.6444111069369332 204.72635653387954 pid2565
124.96738710592652  0.9754030772058154 204.96738710592652 pid2513
126.09036516150496  0.6666461251490602 206.09036516150496 pid25e3
126.30508213713283  0.9808868713021703 206.30508213713284 pid2445
126.51931103802137  0.6034561641485643 206.51931103802139 pid24bf
126.75309034239625  1.6775676151055925 206.75309034239626 pid247e
126.8609219930051  1.2678073878925809 206.8609219930051 pid25dc
127.40707319834742  1.4373936901886508 207.4070731983474 pid2550
127.57494018066964  0.7649154679356125 207.57494018066964 pid250f
128.12609361124152  1.71652352573545 208.12609361124152 pid253c
128.19499232052266  1.3281088963255447 208.19499232052266 pid2588
128.35307687916188  0.7394956009621365 208.35307687916188 pid251b
128.54871996074255  1.1063346481787781 208.54871996074255 pid2496
128.72759561512305  1.5911574634905172 208.72759561512305 pid2574
128.9485968871802  0.7801559135734029 208.9485968871802 pid2423
130.22783348672888  0.5978205905349916 210.22783348672888 pid2553
130.59150047199728  0.8037393387678842 210.59150047199728 pid25b7
130.72952940225596  1.290230355124512 210.72952940225596 pid252c
131.03530155758702  1.012664462793725 211.03530155758702 pid2435
131.375329140223  0.9857627077156184 211.375329140223 pid2583
131.50662399506385  1.3566557082038198 211.50662399506385 pid2470
131.55624316234332  1.5654647664713197 211.55624316234332 pid2425
131.65377276752005  0.6475863762906321 211.65377276752005 pid24c4
131.69438754273992  1.7990256837859315 211.69438754273992 pid2556
132.72933592025922  0.6099690203702727 212.72933592025922 pid2487
133.36394156001793  1.8757878960038994 213.36394156001793 pid242a
133.36788875456196  0.9649825940868588 213.36788875456196 pid258d
133.51054770985502  0.9506237592990262 213.51054770985502 pid25db
133.54804347480436  1.8801924366326546 213.54804347480436 pid24a9
133.7910222874097  1.2739399348696014 213.7910222874097 pid25d2
133.84412913532395  1.5074050263857834 213.84412913532395 pid256d
134.38269483281204  0.9044361722390338 214.38269483281204 pid2433
134.56332284686394  1.985535199380064 214.56332284686394 pid2456
134.6429152283361  0.9175729483898265 214.6429152283361 pid2457
134.82214035343773  1.3616394092569544 214.82214035343773 pid24a2
135.00557381712287  1.7026187195863838 215.00557381712287 pid25ba
135.07534639211383  0.8677204614925205 215.07534639211383 pid24cf
135.08971587182563  1.0544085374783647 215.08971587182563 pid258c
135.14866680911175  0.7799393912139309 215.14866680911175 pid2455
135.5274321406156  0.7112097491910316 215.5274321406156 pid255d
136.26425974248124  0.6663152983815088 216.26425974248124 pid252e
136.51539715278466  1.6292219032266844 216.51539715278466 pid2426
137.03751979797917  1.1685069953622167 217.03751979797917 pid257b
137.58678366798168  1.6983705222887677 217.58678366798168 pid2577
137.97440316910658  1.6484650650049193 217.97440316910658 pid246e
138.22089744387773  1.5676805026679421 218.22089744387773 pid257e
138.26544068967644  1.0273518528901893 218.26544068967644 pid2469
138.52025835281515  0.5103248997360136 218.52025835281515 pid242c
138.63920867082894  0.6832784994713836 218.63920867082894 pid2505
139.03532257456283  0.956329490156327 219.03532257456283 pid2465
140.1585279060986  0.7521015678629706 220.1585279060986 pid24f1
140.16077954656464  0.5845416381435 220.16077954656464 pid2482
140.37123680185616  0.5113303141304621 220.37123680185616 pid25a0
140.4955998100487  1.6500520392128568 220.4955998100487 pid253e
140.70571965247342  0.6711312470066229 220.70571965247342 pid24c3
141.25900854263912  0.7207848879879617 221.25900854263912 pid2516
141.312689139159  1.1389612664072968 221.312689139159 pid248f
141.5115647667995  0.6702181659621513 221.5115647667995 pid25bd
141.64684130592306  1.4300238997861694 221.64684130592306 pid2439
142.44860758203436  0.9467182908306335 222.44860758203436 pid25d5
144.19463397334349  0.9858713107634653 224.19463397334349 pid2533
144.66341970895994  1.3131118249507463 224.66341970895994 pid257d
144.75031929266538  1.0584913338110833 224.75031929266538 pid244b
144.8605234918316  1.6427064112324743 224.8605234918316 pid250a
145.11163150728567  1.1565220475492124 225.11163150728567 pid24ae
145.4288425334413  0.9216671659827541 225.4288425334413 pid25ac
145.60380591709264  0.6949259358960991 225.60380591709264 pid2557
146.33734306461116  0.7988304728158547 226.33734306461116 pid2539
147.09831838778646  0.9214840436837282 227.09831838778646 pid2484
147.21438230289607  1.781384985562958 227.21438230289607 pid25cc
147.3246527845769  1.4539301276416996 227.3246527845769 pid250e
147.33319646416282  1.4705693278242253 227.33319646416282 pid2489
147.51604101393497  1.3935761163775453 227.51604101393497 pid254c
147.83778710052755  0.8706134426936684 227.83778710052755 pid251a
147.84970219985047  1.6184233249944684 227.84970219985047 pid2529
148.06271188447093  0.8170360063859547 228.06271188447093 pid252b
148.49104871833325  0.6735239114182558 228.49104871833325 pid2471
148.6467060280992  1.022876179457185 228.6467060280992 pid24f3
149.92351299290274  1.2196791519518304 229.92351299290274 pid24bd
149.96298314222673  1.258886681273483 229.96298314222673 pid2432
