0.32616719025095886  0.899201681436734 2.1245705531244266 pid1a34
0.3332917890056186  2.107783483686054 4.548858756377726 pid1a30
0.9112040813678335  2.4563884158158733 5.8239809129995805 pid1aab
2.063329989289364  2.918283567594707 7.899897124478779 pid1a4c
2.4295029999139905  1.8683170025936842 6.166137005101358 pid1a56
3.3554304808798396  2.8602010008708323 9.075832482621504 pid1a96
5.233419383498228  1.9124946670158458 9.05840871752992 pid1aaf
5.897045805484346  2.4379978734451324 10.773041552374611 pid1a8b
6.681657745041281  2.0614558700137686 10.804569485068818 pid1a74
7.459407180521316  2.3752003955846264 12.20980797169057 pid1aa8
7.6075629976952275  1.861981437987906 11.33152587367104 pid1a3f
7.6986199506442805  1.7818100260913141 11.262240002826909 pid1ab8
7.758068187717793  2.5753178777629486 12.90870394324369 pid1a36
8.988569100881305  1.5279050874467472 12.0443792757748 pid1a61
9.20652082020098  1.444641863467047 12.095804547135074 pid1a72
9.468000502620955  1.2328264131434903 11.933653328907935 pid1a44
9.677021713529255  2.648884431304034 14.974790576137323 pid1a85
9.98412724381945  2.0717546228060755 14.127636489431602 pid1a64
10.016643900375854  2.417966325291734 14.852576550959322 pid1a3e
10.481042778428652  1.033927036416801 12.548896851262253 pid1a38
11.759174429930674  1.1917664677079682 14.14270736534661 pid1a9f
13.088092908889227  0.4669757242957723 14.022044357480771 pid1a80
13.293761114279834  0.685910166307238 14.66558144689431 pid1a87
13.43023569083115  2.5118439517786753 18.4539235943885 pid1a49
13.70272603630588  0.4879681300084594 14.678662296322798 pid1a47
14.092117161613038  1.334239785868525 16.760596733350088 pid1ab2
14.177422407209972  1.4288186810695391 17.03505976934905 pid1aa9
15.055125213564423  1.6512123199053947 18.35754985337521 pid1a66
15.511616284899265  2.6655565865547586 20.842729458008783 pid1a41
16.93839427511413  2.528727260998774 21.99584879711168 pid1a6d
17.494622869591826  2.507677541448403 22.509977952488633 pid1aae
17.50274669043478  2.7907128927569214 23.084172475948623 pid1aa0
19.082415333665793  1.01724350083325 21.11690233533229 pid1ab4
20.609101999552028  0.846290337891539 22.301682675335105 pid1a95
20.926557870558792  1.9394901191100606 24.80553810877891 pid1a43
21.098878290044276  2.1787199389615224 25.45631816796732 pid1a32
21.639469904008912  2.6386958973713517 26.916861698751617 pid1a39
22.025056279217903  2.1345588122401304 26.294173903698166 pid1aad
23.061177465836945  2.8874437210641695 28.836064907965284 pid1a94
23.140079901908884  1.0643937987365182 25.26886749938192 pid1a31
23.380891404606018  2.66455762319988 28.710006651005777 pid1a45
23.508024836645014  2.841535855158031 29.191096546961077 pid1a5f
23.721475666261526  0.9062510114554122 25.53397768917235 pid1a89
23.951481088210834  2.3846413849247576 28.720763858060348 pid1a37
24.426783011560516  1.9748982553827226 28.37657952232596 pid1ab7
24.750220253047218  1.679861719561277 28.10994369216977 pid1a3c
25.245265603577604  1.236933798424658 27.71913320042692 pid1a42
25.36394246696123  1.1354444719630292 27.634831410887287 pid1a4d
26.405996329905523  0.827947735323991 28.061891800553504 pid1a2e
26.539523459443725  0.5491179447680001 27.637759348979724 pid1a7e
27.82209219446453  1.8667803776459762 31.555652949756485 pid1ab9
28.096125631896918  0.8892329088346607 29.87459144956624 pid1ac1
29.110680302643  1.6477160252780916 32.406112353199184 pid1a8c
29.7093641921473  1.6032469810454173 32.91585815423814 pid1a8e
30.246556432886386  1.0890929996831444 32.42474243225268 pid1a99
31.096683675216298  2.6282931344813507 36.353269944179 pid1a50
31.314848275053542  1.9317268462790262 35.178301967611596 pid1a76
31.344398353798375  2.6330182534335327 36.61043486066544 pid1a54
33.13429610208997  1.2341499678054229 35.60259603770081 pid1a9c
33.20557607649941  2.1404872826967645 37.48655064189294 pid1a75
33.52143357273572  2.580479235900161 38.68239204453604 pid1abd
36.3070855364667  0.9979317169999995 38.3029489704667 pid1a86
36.329906972789026  1.4454654507166542 39.22083787422233 pid1a52
36.68443054651711  2.456094599618088 41.59661974575329 pid1aa6
37.89498097437294  1.287469761416623 40.46992049720619 pid1a9b
37.933407674651676  1.5930548847411936 41.11951744413406 pid1a9a
37.96653762504432  1.6790048773835147 41.32454737981135 pid1a78
38.00480601025259  2.1719646657025447 42.34873534165767 pid1a63
38.092933726386946  1.2001371416417657 40.493208009670475 pid1a67
38.659859902668  1.0797792727585511 40.819418448185104 pid1a59
39.095365793785966  2.7052410794990367 44.50584795278404 pid1ab6
39.1562431730218  2.7164918927707378 44.58922695856327 pid1a69
39.83257999580777  1.6527944623048705 43.13816892041751 pid1a77
40.59971076368916  1.784394950463466 44.16850066461609 pid1a4b
40.98476739747664  1.2015599615269545 43.387887320530545 pid1ab3
42.33534971271825  1.4035725383023863 45.142494789323024 pid1a82
43.69632456489491  1.1012031987510167 45.89873096239694 pid1a97
43.792838373720244  1.6162781368089973 47.02539464733824 pid1a7a
44.45861257069323  2.6889699306995474 49.83655243209232 pid1aa2
45.1176421089432  1.6884793938070009 48.4946008965572 pid1aa4
45.66133096929805  1.9339085173293844 49.52914800395682 pid1a5d
45.72811357972434  1.8895077865777017 49.50712915287974 pid1a6c
45.943893888336305  1.8485142229542677 49.64092233424484 pid1a60
47.20098323659458  0.527563601984324 48.256110440563226 pid1aba
47.45027463166971  0.40626123954012316 48.26279711074995 pid1ab0
50.91420030074977  0.7620603289856115 52.43832095872099 pid1a65
51.608246972467896  1.638783317210931 54.885813606889755 pid1a2c
52.047935672030185  0.6536175503706195 53.35517077277142 pid1a84
52.1712698184313  0.40463955891142817 52.98054893625415 pid1a8a
52.80681982391609  0.42173117090673296 53.65028216572956 pid1aa7
52.95352568191921  0.7374663058799684 54.42845829367915 pid1a48
53.476979073674194  1.2845738856374707 56.046126844949136 pid1a53
54.46330048138823  2.2520556778343623 58.96741183705696 pid1abf
54.62022313493786  2.1161791677388426 58.852581470415544 pid1a5b
55.834157981908916  1.880991150929837 59.59614028376859 pid1a5e
55.94741667838103  0.7915639158509076 57.53054451008285 pid1a9e
56.24461655091273  1.7749718668644694 59.79456028464167 pid1aa5
56.603365940056136  2.3339303396619346 61.27122661938 pid1a83
57.3294642158894  2.2760725071908605 61.881609230271124 pid1a62
57.701812145004396  2.249514336802545 62.200840818609485 pid1a5a
58.31079912368431  2.683945029813268 63.67868918331085 pid1a6e
58.45689569327055  0.84967685896993 60.15624941121041 pid1a3d
58.91340743900464  1.614550078643497 62.14250759629163 pid1a57
60.60092726912305  2.3385408953762696 65.27800905987559 pid1a8f
60.945450636171415  1.7382108663154687 64.42187236880235 pid1a6a
62.62128578344793  1.6110355403636292 65.84335686417519 pid1a55
62.916041112960684  2.0901037093481554 67.096248531657 pid1a93
63.31173812832236  1.1916191314286078 65.69497639117958 pid1a33
65.98148741998516  1.531701519115209 69.04489045821558 pid1a70
66.34733945018779  2.4503327730108713 71.24800499620953 pid1ac0
67.38876663747227  1.4464239125418064 70.28161446255588 pid1a3a
70.4757374247275  2.3169083135997957 75.10955405192709 pid1a4f
70.48108351768308  2.700289679717597 75.88166287711827 pid1a58
71.46349506376112  2.7136426164434675 76.89078029664805 pid1a7d
71.75795012461768  2.489825181923029 76.73760048846374 pid1a91
72.77810713702453  2.609385252363257 77.99687764175104 pid1a71
72.9277082252881  0.8841580959749771 74.69602441723805 pid1a92
74.18908786210359  0.8024384478379012 75.79396475777939 pid1aac
74.79287808485229  0.7186322629140869 76.23014261068046 pid1a73
75.36880443753337  1.9914359878734884 79.35167641328034 pid1a98
76.75623027494724  0.4442705295746631 77.64477133409657 pid1a6f
77.58109590425303  2.626949732831685 82.8349953699164 pid1abc
78.88895558986925  2.0623900353124895 83.01373566049423 pid1a46
79.16656543570384  2.1427965293934346 83.45215849449072 pid1aa3
80.6318942809641  2.832171184953812 86.29623665087173 pid1a88
80.88155165550313  2.873456850297091 86.62846535609731 pid1abe
81.5644196917794  2.8929099676185492 87.3502396270165 pid1a2f
82.78306351310768  2.2575027223050554 87.29806895771779 pid1aaa
83.6194715888512  1.052726000165913 85.72492358918302 pid1a35
83.6442257155164  0.42716097709151385 84.49854766969942 pid1a6b
84.66660648524976  0.4012735098483803 85.46915350494652 pid1a2d
84.9731667959113  0.6660879874683275 86.30534277084796 pid1a7f
86.61674674254276  1.4509286179094718 89.5186039783617 pid1a79
86.90003791300158  2.264667311295459 91.4293725355925 pid1a5c
86.98408237789792  2.058986783901875 91.10205594570166 pid1a81
87.89626232622412  2.8166475661856354 93.52955745859539 pid1a40
88.68285683700628  2.452130477853988 93.58711779271425 pid1a4e
88.87839591834398  2.6840242319423155 94.24644438222862 pid1a51
89.27883239431806  1.4118671158169853 92.10256662595202 pid1aa1
91.26265300811426  2.0377147255137036 95.33808245914166 pid1a3b
91.6518818091019  1.6371818454496818 94.92624550000126 pid1ab5
91.90611694496191  1.3396968248142587 94.58551059459043 pid1a9d
93.27816325383694  0.6143199554496253 94.50680316473618 pid1a90
95.13421643272206  0.8307185095033934 96.79565345172884 pid1a4a
95.22693611992695  2.7373136327969774 100.7015633855209 pid1a7b
97.366794608126  1.0961887034713125 99.55917201506863 pid1ab1
97.681415783168  2.7968087599517153 103.27503330307144 pid1a7c
98.54731115464823  2.7442381693946247 104.03578749343748 pid1a8d
98.8244799512982  1.623323871318938 102.07112769393608 pid1abb
99.30258124177672  2.332347805808719 103.96727685339415 pid1a68
