1.1752177820247345  1.276213550154576 81.17521778202473 pid4a4
3.67553285844045  1.1326148343211475 83.67553285844045 pid4a8
4.190587086642123  1.135081712503578 84.19058708664213 pid47f
6.476384538154462  1.1395233839768601 86.47638453815446 pid4a2
11.729063183257644  0.6990964124434036 91.72906318325764 pid48f
16.03544824037087  0.9368277355575729 96.03544824037087 pid492
17.518909197159083  1.0706742074908346 97.51890919715908 pid495
21.212627079538887  1.0463194231841637 101.21262707953889 pid4a3
26.03275374179304  0.5676705023335401 106.03275374179304 pid4a0
28.108358205320577  1.2004784589683022 108.10835820532057 pid4a9
30.62834832995256  0.5117086420989121 110.62834832995256 pid488
35.155276674421714  1.7559737260960535 115.15527667442171 pid4af
39.7886128996293  0.9210804781164981 119.7886128996293 pid482
40.68110195858175  1.131939613919346 120.68110195858175 pid490
45.025692142316665  0.9532458903228516 125.02569214231667 pid49b
51.2119616137623  1.0152659469228364 131.2119616137623 pid4a6
52.00685765382638  1.9888841519698326 132.0068576538264 pid4a7
52.98523656516115  1.2797018891578658 132.98523656516116 pid481
54.85634809191184  1.6703043481033972 134.85634809191185 pid496
57.56214554477568  0.9708626284121809 137.5621455447757 pid484
61.749707807876334  1.7322831172152706 141.74970780787635 pid487
64.36692512181521  1.7698846288450865 144.3669251218152 pid489
66.85807485791364  0.9603480027221583 146.85807485791364 pid4ac
72.93497276191235  0.5994437007706243 152.93497276191235 pid49a
73.78424745070846  1.4321819533040765 153.78424745070845 pid4a5
76.76507461940311  1.8798630410139856 156.7650746194031 pid491
77.49500641992711  0.6486808679191537 157.4950064199271 pid480
81.57160281831422  0.7260834711189716 161.5716028183142 pid48a
88.48720087679969  1.9139597427780926 168.4872008767997 pid486
90.45888596035012  1.253927459897888 170.45888596035013 pid48b
95.18508362620909  1.1424730117868127 175.1850836262091 pid49f
101.41296502034267  0.7939635420088659 181.41296502034265 pid49d
106.28172065658902  0.8540234938062612 186.28172065658902 pid4ad
109.8901583666091  0.5627872025994435 189.8901583666091 pid48c
111.80972524041255  1.0795596534107184 191.80972524041255 pid4ae
112.17439797639778  1.5153525288728558 192.17439797639778 pid498
113.4758954238262  1.1199206815434803 193.47589542382622 pid493
113.9028311838495  1.9928238092093016 193.90283118384951 pid4ab
118.08118555839202  1.4833409289628072 198.081185558392 pid499
118.74067544931383  0.6592458124008467 198.7406754493138 pid47e
120.79245168802306  1.1868712275439124 200.79245168802305 pid48d
123.09707519247983  0.5645266126759002 203.09707519247985 pid4a1
124.59668760420095  1.7326921673509443 204.59668760420095 pid49c
126.74309440986649  0.5469630806821184 206.7430944098665 pid485
126.80468073176316  0.7176842162046186 206.80468073176314 pid494
131.2615295511254  1.3742441799541947 211.2615295511254 pid48e
132.13725914614508  1.2012741748242919 212.13725914614508 pid497
134.61646798343864  1.4464888390061947 214.61646798343864 pid49e
140.4146362632021  1.7065266325429225 220.4146362632021 pid4aa
141.39898496847596  0.5521805178004656 221.39898496847596 pid483
