0.42158096991329774  1.1686169440952425 2.758814858103783 pid3472
0.4446455293674112  2.9903305258842874 6.425306581135986 pid3487
0.5794240110214299  3.1931025322465887 6.965629075514608 pid34eb
1.024133084001213  2.3879145135516238 5.799962111104461 pid34d1
2.0935024790869816  3.475310403930096 9.044123286947173 pid349d
2.7980779609178263  4.814050054637336 12.426178070192499 pid346b
2.89406369977413  4.54201886967166 11.978101439117449 pid34d4
3.631782988464971  4.115986229344518 11.863755447154007 pid3573
4.57601368850673  2.516940400451572 9.609894489409875 pid34e9
4.581977064946545  2.5241214132759153 9.630219891498376 pid3585
4.780338267279447  2.5804024182736343 9.941143103826715 pid3516
4.801158218368544  4.794598840988597 14.390355900345737 pid356f
4.9673764108207985  2.981826682144011 10.93102977510882 pid3445
5.022303026601578  2.893416150486768 10.809135327575113 pid3476
6.188491269042298  1.898030488351754 9.984552245745807 pid3421
6.193304680543759  4.427682842470944 15.048670365485645 pid34a6
6.6428467782252465  3.4420678682951134 13.526982514815472 pid354c
6.750817073003093  1.550888574649528 9.852594222302148 pid3530
7.322067260226055  3.7684352060452726 14.8589376723166 pid3575
8.748306107211194  3.504556088612223 15.75741828443564 pid3414
9.330303363972794  4.759960250875258 18.850223865723308 pid34a1
9.734625020728014  4.638258787330231 19.011142595388478 pid3561
9.823938454943718  3.2291246726752685 16.282187800294256 pid34aa
9.894660293757859  3.843136359090709 17.580933011939276 pid343b
10.171813727818034  2.823766969938798 15.81934766769563 pid3458
10.617909421825075  1.699442697083347 14.01679481599177 pid3598
10.832343009985834  2.3892906963386187 15.610924402663072 pid358e
11.359977306344407  3.0849747575673017 17.52992682147901 pid3469
12.001818504978619  2.934632810990064 17.87108412695875 pid354b
12.20572093501329  3.072623084739328 18.350967104491946 pid33f7
13.028479385353611  2.8255373142663625 18.679554013886335 pid3509
13.053885539912379  2.338377317098701 17.73064017410978 pid3597
13.083864118759806  4.634294630405158 22.35245337957012 pid3522
13.476036854552504  1.5159984702242197 16.508033795000944 pid3563
15.03896645761837  1.9884689309324006 19.01590431948317 pid3534
15.608183796510824  3.525786645493424 22.659757087497674 pid344c
15.939332950334446  3.8364504877908874 23.61223392591622 pid3578
16.018989119662315  4.747651888717805 25.514292897097924 pid3492
16.48544062314781  3.811759866470874 24.108960356089558 pid3503
16.760633456776258  3.6900503142702616 24.14073408531678 pid34f6
20.149471400990848  4.226675469295196 28.602822339581238 pid3599
20.69268513004638  3.3547736473540617 27.402232424754505 pid34b6
21.06162214534045  4.651305488081449 30.364233121503347 pid34a7
21.08381588291278  4.244373439417022 29.572562761746823 pid349e
21.34043366665694  2.2308979498003954 25.80222956625773 pid34e6
22.62838299122939  1.0622521611057083 24.75288731344081 pid34f1
23.367420159300796  3.827586029476787 31.02259221825437 pid33fd
24.31375063915732  4.5821497948884575 33.47805022893424 pid34ab
25.34848479449564  2.906883133542652 31.162251061580946 pid34c2
25.50932115020248  2.2158503313274682 29.941021812857418 pid3538
25.61993698068251  4.477797011857417 34.57553100439735 pid35b3
25.62177283082422  4.863253541203509 35.34827991323124 pid353a
25.697968729640426  1.5539737686578392 28.805916266956103 pid3466
25.75862673246083  2.389575787887854 30.537778308236536 pid3511
26.041240103929077  1.0087932673036333 28.058826638536345 pid34a3
26.547755324618244  1.2341325874555644 29.016020499529372 pid340c
26.70517873596258  4.618145815086365 35.941470366135306 pid3496
27.715636357866913  2.3764046294034564 32.468445616673826 pid34a2
28.05093679203687  3.143193098355504 34.33732298874788 pid3493
28.278489114326902  2.877926216631671 34.034341547590245 pid3447
28.328914188671636  1.998534111660896 32.32598241199343 pid356c
28.469910151148664  2.002407038876314 32.474724228901295 pid354a
29.46364733010403  1.9194833181406512 33.30261396638534 pid34a5
29.82395244776179  2.451247577032429 34.72644760182665 pid3495
30.031437146312324  2.184777357274122 34.40099186086057 pid35a2
30.230699245236213  3.1463328471426357 36.523364939521485 pid3407
30.54866024374878  2.3948805732405076 35.3384213902298 pid3583
31.577666180906732  4.646694743533759 40.87105566797425 pid3543
31.580882817580992  1.8201195034434288 35.22112182446785 pid345d
31.610115456925808  4.476842048416765 40.56379955375934 pid3592
31.64072943690053  4.540348587840992 40.72142661258251 pid345f
31.655912689222724  4.000151314256534 39.65621531773579 pid3467
31.770458494072606  4.099469620293938 39.96939773466048 pid351e
31.834921761527504  1.0192217379775323 33.87336523748257 pid355a
31.984882827609276  1.8950129790204477 35.77490878565017 pid3485
32.14084850674631  2.6015714936966408 37.34399149413959 pid340f
32.536276194750954  2.6079717138298077 37.75221962241057 pid352b
33.107173157710314  2.8080083533749893 38.723189864460295 pid357d
33.22741594975249  3.32020017733885 39.86781630443019 pid3535
33.6805376205523  3.07811295401612 39.83676352858454 pid3488
34.622903443841494  4.958338053591586 44.539579551024666 pid3462
35.606008629459915  1.5406121369518315 38.68723290336358 pid345c
35.66963374029676  2.7834191722047588 41.23647208470628 pid34f7
35.855930474346955  1.0406971426290021 37.93732475960496 pid3429
36.027622373914994  3.761228235240552 43.5500788443961 pid34cf
36.11789327169264  4.726886334787771 45.57166594126818 pid3558
36.34439075160352  3.1836850690334604 42.711760889670444 pid359a
36.98607201928309  1.3392581252614932 39.66458826980608 pid3450
37.077841870164654  2.407525130080579 41.89289213032581 pid34f2
37.219748979396286  3.205635300219338 43.63101957983496 pid34a9
37.27629464499318  4.79652000728991 46.869334659573 pid3446
37.64159957108609  3.37148477088696 44.38456911286001 pid34f0
37.97421270356004  3.6702033063919415 45.31461931634392 pid359f
38.023494828282686  2.968861591448151 43.961218011178985 pid3557
38.23318962757396  1.3160590982696845 40.86530782411332 pid3536
38.84134209297019  4.362504435015796 47.56635096300178 pid3451
38.95141799826166  2.836374977902942 44.624167954067545 pid355f
38.95735019235024  1.0762283687969085 41.10980692994406 pid3589
40.22652294444964  4.654818326868686 49.53615959818701 pid343a
40.24853275463473  1.2228239082833694 42.69418057120147 pid351d
40.526371784612586  4.034927366354733 48.59622651732205 pid357b
40.53186188574919  3.896000000217208 48.3238618861836 pid34fc
40.684946331763314  1.4663278127103911 43.61760195718409 pid349a
40.88111920126971  4.376394263132956 49.63390772753562 pid3479
40.885975172644955  1.4744225945549965 43.83482036175495 pid34c3
40.98425462353113  2.057589258159671 45.09943313985047 pid34c8
40.98743422532918  2.453877984929287 45.89519019518775 pid347d
41.170973023267145  2.4747523632425588 46.12047774975226 pid3546
41.991112208297324  2.0683030399912457 46.127718288279816 pid3584
42.38818487062334  2.5467209302310265 47.48162673108539 pid347a
42.43551307272804  1.5394673097233698 45.514447692174784 pid34ed
42.56353217268764  3.961004832008502 50.48554183670464 pid3420
42.76916841446341  2.095576054519844 46.9603205235031 pid341c
43.09141623075556  2.70299920625876 48.49741464327308 pid3560
43.11821543469572  1.793097568857862 46.70441057241145 pid3566
45.7740392355111  1.9769772424338092 49.72799372037871 pid3568
45.801662601778894  1.8911811998356987 49.58402500145029 pid3593
46.084998672281415  4.017242362428361 54.11948339713814 pid34b4
46.37385122789647  4.478902881215054 55.33165699032658 pid3457
47.26705321682093  1.81549893448826 50.898051085797455 pid348b
47.47565109479279  2.8623551279382227 53.20036135066923 pid3550
47.57759740622337  3.2303210148895016 54.03823943600237 pid34c4
48.90440339524119  4.412074073885336 57.72855154301186 pid3579
49.59311509188276  1.928004310764846 53.44912371341245 pid3559
49.76322304573809  1.6544046874964513 53.07203242073099 pid3500
50.653740077575705  4.154931133635462 58.96360234484663 pid34d7
50.71181895160022  1.1997677934998472 53.11135453859992 pid3526
50.80192558688541  2.374580685220976 55.551086957327364 pid3416
51.87299894111742  4.46653530606061 60.80606955323864 pid355b
52.08665768232074  2.7257731214321623 57.538203925185066 pid3456
52.54376781160224  2.6618045567545656 57.867376925111365 pid3460
52.83132215237026  1.5509465178320316 55.933215188034325 pid33fc
53.405121728106664  1.8643467475175686 57.1338152231418 pid34b7
53.58968686028106  2.3764823216606406 58.34265150360234 pid359b
53.72846339520287  1.6080250747643459 56.944513544731564 pid35ad
53.807584634771  1.7588863436425273 57.32535732205605 pid3452
53.84036557200451  3.724292676503632 61.288950925011775 pid3402
53.869708217136925  3.5875019163150363 61.044712049767 pid35a5
54.21810557688657  1.3177668214712508 56.85363921982908 pid35ae
54.625220891685366  3.3057094363685064 61.23663976442238 pid3443
54.67546324130389  4.534727986071888 63.744919213447666 pid356d
55.37920535134258  4.729825610242157 64.8388565718269 pid342a
55.39354218487406  1.6225984837667924 58.638739152407645 pid35a7
56.40265392896571  3.3890374764113447 63.180728881788404 pid3594
56.78395322544449  3.431276796463917 63.64650681837232 pid34cc
56.78887347645237  1.2116917078560694 59.21225689216451 pid34d0
56.850213631771084  2.9043550549974357 62.65892374176595 pid3404
57.13783452710232  3.7204404681503007 64.57871546340292 pid3528
57.429224378105204  4.191544656538473 65.81231369118215 pid346a
58.843793893082655  4.826523287790289 68.49684046866324 pid3564
59.17053472327962  2.3584015197005073 63.88733776268064 pid3453
59.45695073995776  4.98314921903348 69.42324917802472 pid34fd
59.77406377940228  2.012522336744982 63.79910845289225 pid356a
59.98210514034522  3.2386939558600574 66.45949305206534 pid341d
60.047545797581925  3.657113092549115 67.36177198268015 pid3478
60.234742133750096  3.5904625680121915 67.41566726977447 pid348c
60.47061275705121  3.6699078184273524 67.81042839390591 pid33f8
60.94284909765493  2.1104888842988165 65.16382686625256 pid341b
61.41594116913461  2.1296079655924656 65.67515710031954 pid34be
62.373735326687765  2.1656209173391403 66.70497716136605 pid34d2
62.454867498243196  4.574036602029997 71.60294070230319 pid3515
62.499234627002615  3.5980250899145587 69.69528480683174 pid3499
63.46858117556442  3.5015563403442016 70.47169385625281 pid3537
64.66833634583625  2.537853618685071 69.74404358320639 pid348a
64.84012726252216  4.418339525101161 73.67680631272448 pid34cb
65.06625103744993  3.122887927434155 71.31202689231824 pid34c9
65.20060392823852  4.79777103267247 74.79614599358347 pid34b5
65.33313637470178  3.8926179892478565 73.11837235319749 pid342f
65.5380132675454  4.4848113146229025 74.5076358967912 pid34c6
65.80711034939945  2.134527272588762 70.07616489457698 pid34d6
66.14422333096658  4.517158929329712 75.178541189626 pid34d3
67.11160933172766  4.732122642749284 76.57585461722623 pid3490
67.47394557203556  1.048505272582041 69.57095611719964 pid3507
69.31081003878576  3.027524791568918 75.36585962192359 pid34bc
69.52023809277448  1.596278041105176 72.71279417498482 pid3426
69.90889267442141  3.874674529347774 77.65824173311695 pid3512
71.71998691448464  3.7193122522626076 79.15861141900984 pid3569
72.96273486384764  2.29455560915748 77.5518460821626 pid3555
73.0838957988948  3.3503750718605945 79.784645942616 pid34bb
73.35058716989268  4.803342770384365 82.95727271066141 pid349f
74.25142821584117  1.5915313769708042 77.43449096978279 pid33f9
75.22038603299451  1.6325287467192515 78.48544352643302 pid343c
75.60845770220693  2.3352506074644444 80.27895891713582 pid3565
75.63701902066514  4.863085234056303 85.36318948877775 pid3498
75.74594118578881  3.812863702626545 83.3716685910419 pid34a8
75.97064510490746  1.6427651519236575 79.25617540875477 pid3430
76.0499085308263  1.3880657109972896 78.82603995282088 pid344a
76.35900447251849  3.9085775295897967 84.17615953169809 pid34cd
76.70111466593295  1.1095424103944493 78.92019948672184 pid3545
77.1445238825984  2.3531258584714907 81.8507755995414 pid353e
77.6505377261888  2.228735759353158 82.10800924489511 pid349b
78.96760723062579  4.683899693695506 88.3354066180168 pid3540
79.19415935348513  2.0938105972653243 83.38178054801578 pid3413
79.56002803091197  2.084428848769018 83.72888572845 pid3513
79.67076558747328  4.696020904684501 89.06280739684229 pid3471
79.71185638371973  4.7406499915126075 89.19315636674494 pid35b4
79.77052301034017  2.6840144007779867 85.13855181189615 pid348d
80.73054142108239  2.7937900229592456 86.31812146700088 pid34b2
81.93127786397389  4.7415222499392815 91.41432236385245 pid3521
82.09557976792868  3.7726707571818983 89.64092128229248 pid34db
82.91450221948939  2.705819836629727 88.32614189274885 pid3405
83.07969260628693  2.105381177869969 87.29045496202687 pid345b
83.30123350153232  1.6075332309772796 86.51629996348689 pid3548
83.6617699054939  3.0914073284234256 89.84458456234074 pid343f
83.90027814730158  2.910300202938404 89.72087855317838 pid354e
84.48151952857631  4.514468117746686 93.51045576406969 pid359d
84.97198046789758  2.5685632412076096 90.10910695031279 pid3424
85.81914511798418  4.852510706349878 95.52416653068393 pid357a
85.98039096600698  4.4615648654350135 94.90352069687701 pid35b1
86.11170261506338  4.989583515917314 96.090869646898 pid3440
87.36826533573696  3.2419309722974052 93.85212728033177 pid3595
88.14134460023963  3.969050473548668 96.07944554733697 pid34f4
88.23198315607611  4.606559227876133 97.44510161182838 pid358c
88.39200880683755  2.962896275784989 94.31780135840754 pid342b
88.7453041875422  2.4439028214090555 93.63310983036031 pid3442
89.11007345153844  3.973798274695595 97.05767000092963 pid3544
90.32487141076275  1.692377031101803 93.70962547296637 pid35af
90.39014375745106  4.079843202452604 98.54983016235627 pid3551
92.11126481395637  1.0182082996338604 94.14768141322409 pid3455
92.9549283858917  4.304774287268 101.5644769604277 pid3419
93.72950822610889  2.256559697224499 98.24262762055788 pid346c
93.95247984739495  2.1133378282108515 98.17915550381666 pid34d8
94.37194914088414  1.3172513412211861 97.00645182332651 pid34b3
94.70052145574941  1.6801197275895117 98.06076091092844 pid3422
95.19527765364018  1.4151299682638543 98.02553759016789 pid341e
95.4101595533835  1.6714945713793563 98.7531486961422 pid353d
95.90301083374628  1.8560903158980278 99.61519146554234 pid341a
95.97448040987777  4.844979984014001 105.66444037790578 pid357c
96.402301211765  4.21206205740149 104.82642532656799 pid353b
96.43851376571213  1.1206558847397625 98.67982553519165 pid3464
96.47432459018688  3.303328083712427 103.08098075761174 pid3494
96.49206757055434  4.796169215741287 106.08440600203691 pid3506
96.6086455110864  2.692348546365396 101.99334260381718 pid35a6
96.61720002694075  4.69320189708081 106.00360382110237 pid3486
96.8836235416583  4.622857167276868 106.12933787621203 pid34c1
97.10577028660882  2.414412661138162 101.93459560888515 pid3482
97.24531747615102  3.0433080753259225 103.33193362680286 pid3529
97.3624732952832  2.6822410485029673 102.72695539228913 pid3409
97.3836349560355  1.3066820850270067 99.9969991260895 pid3437
98.64980997956057  4.709350313294564 108.0685106061497 pid3552
99.15197870614432  4.238815889976058 107.62961048609644 pid34b1
99.24607383677633  1.8096729537668197 102.86541974430997 pid358a
99.55997982529408  4.3451671702036325 108.25031416570134 pid33fb
99.58619995010007  1.853992515318438 103.29418498073694 pid3408
100.1674898357633  2.5833338182299985 105.3341574722233 pid3514
100.23192542912291  4.12482914337759 108.48158371587809 pid340d
100.99290504095792  3.5474972629420423 108.08789956684201 pid35b0
101.79572624845417  2.3589907916683313 106.51370783179084 pid356e
101.82196289834685  4.391881182546314 110.60572526343948 pid3434
102.67431433661373  4.759322562038964 112.19295946069167 pid3489
102.78291608684397  2.3634334003989887 107.50978288764195 pid3588
104.68169378407109  2.9714937807106403 110.62468134549236 pid351f
106.14200492101669  4.716291398004139 115.57458771702497 pid33fa
106.51170336993204  4.777525114190367 116.06675359831277 pid3527
107.07206448916274  2.3651823996003105 111.80242928836336 pid34a4
107.08024631731075  4.881181914510558 116.84261014633186 pid3461
107.43829566762913  1.64540798298806 110.72911163360526 pid352a
107.56208424951677  2.220266137752024 112.00261652502083 pid3501
107.64980749927918  3.1505817200290847 113.95097093933735 pid346d
107.95681868712802  2.7569838089347933 113.4707863049976 pid34b8
108.13006536535582  1.320193344133604 110.77045205362303 pid3411
108.4236313609076  3.9277666367931277 116.27916463449387 pid3508
108.76850199517723  4.192927784245026 117.15435756366729 pid34bf
109.29806109900345  4.377486559639519 118.05303421828249 pid3474
109.96299822533138  4.928711927807658 119.82042208094668 pid3574
110.27195910302434  3.5412952765875914 117.35454965619952 pid3520
110.87401115827694  4.665501461671823 120.20501408162059 pid3449
111.58801256331523  3.5655648935486073 118.71914235041244 pid34b0
112.50758451967775  2.3047153317267846 117.11701518313131 pid34e3
112.59644428852408  2.181930407853298 116.96030510423068 pid346f
112.72562480706284  3.6490021585647847 120.02362912419241 pid350c
113.17552623340697  1.9588047609671237 117.09313575534122 pid34ad
113.7853524686246  4.392924956115149 122.57120238085488 pid34e0
114.426268939571  1.8229769597474585 118.07222285906592 pid356b
114.90474528950882  1.3461040443241683 117.59695337815717 pid3567
115.96390582029657  2.192370499375853 120.34864681904828 pid34e7
116.30194569167202  1.959990048633565 120.22192578893915 pid34c7
116.68678225752187  3.9323193622717225 124.55142098206531 pid35aa
117.12891491807773  2.4052310835479047 121.93937708517353 pid3542
117.51203706487263  1.3276229696238548 120.16728300412034 pid351c
117.93610203251866  1.2334403188316405 120.40298267018194 pid3519
118.11656768044797  1.7227646027708472 121.56209688598966 pid34ae
118.6417228770792  3.180489985836357 125.00270284875192 pid34c5
118.98073514970413  4.111821145551556 127.20437744080724 pid3436
120.80602709661929  2.586692312330402 125.97941172128009 pid347b
120.82422497835259  1.5963651115176094 124.0169552013878 pid3539
121.19405277390636  1.7541860438531773 124.70242486161271 pid3483
121.3537504774962  4.079291918639899 129.512334314776 pid3581
121.43432290050133  3.337289735514997 128.10890237153131 pid355e
121.69073721598106  4.3100992537491685 130.3109357234794 pid3412
121.75015955767601  1.2626659561701548 124.27549147001632 pid35a3
122.31455331258194  4.372391869399115 131.05933705138017 pid344d
123.10803515573464  4.656452658022527 132.4209404717797 pid3432
123.85673681695403  2.7851542122261512 129.42704524140632 pid357e
124.08079077878712  3.9022247612283483 131.8852403012438 pid35a4
124.48962064946615  4.493388499772076 133.4763976490103 pid3591
125.38840701892663  4.768871505647322 134.92615003022127 pid3477
125.83964046625341  2.3791150824069867 130.5978706310674 pid3400
126.764187443738  2.549748274235055 131.8636839922081 pid343e
127.03472140518677  3.8951207755984383 134.82496295638364 pid348e
127.17309271186923  1.2316592461331504 129.63641120413553 pid3554
127.56747088105055  2.5786616993132623 132.72479427967707 pid34bd
127.72016661522487  4.471793970932074 136.66375455708902 pid3423
127.82397707091692  1.5910920200114318 131.0061611109398 pid3523
128.14831035393792  3.3576708952690972 134.8636521444761 pid3518
130.00275613931905  1.9060822803183899 133.81492069995582 pid351a
130.21118215267214  2.713163312680214 135.63750877803255 pid344b
130.3995209063122  2.323454879653194 135.0464306656186 pid355d
131.0542681580071  3.900792303618447 138.85585276524398 pid34d9
131.7914964576982  2.450343793145173 136.69218404398856 pid3491
132.54598223892341  1.5732908500577913 135.692563939039 pid35a8
133.32792986766287  4.551646054483442 142.43122197662976 pid3444
133.3828821338173  1.025881348949802 135.4346448317169 pid34ec
133.4983944106607  1.9032599940128558 137.3049143986864 pid3459
133.5847918619404  1.4367001083922237 136.45819207872486 pid3541
133.79215299010917  4.869494182309438 143.53114135472805 pid35ab
134.14434060550528  4.718459338962152 143.58125928342957 pid33f5
134.28164612972992  1.7931347224855734 137.86791557470107 pid342e
134.72119159835276  3.4651703184814933 141.65153223531576 pid350b
135.16591639704606  4.9068650069683475 144.97964641098275 pid3562
135.29758241849777  1.4555994077358694 138.20878123396952 pid3439
135.4942224091945  1.4673091836003622 138.42884077639522 pid350e
136.6462184748834  4.22610081527316 145.0984201054297 pid3417
137.12954037672142  4.2900995047723205 145.70973938626605 pid3480
137.3980078611709  4.951062005312302 147.3001318717955 pid358d
137.83117428183624  4.60955038437077 147.0502750505778 pid3465
137.88843931743781  3.165031471468748 144.21850226037532 pid3502
138.14999021406464  3.10966884049459 144.36932789505383 pid349c
138.26361268417904  1.8128697308624324 141.8893521459039 pid352c
138.6748935557217  2.425307422707709 143.5255084011371 pid345e
138.67771688707256  4.958780236963097 148.59527736099875 pid3517
139.16656557013675  1.8822538205213863 142.93107321117952 pid33fe
139.19582637969765  3.318808338458693 145.83344305661504 pid3403
139.27514200211093  2.4136721841454123 144.10248637040175 pid347e
139.40725805266175  4.585767278412527 148.5787926094868 pid3531
139.82996373250288  1.5633619296589232 142.95668759182072 pid3470
140.15417084296308  4.855972607299239 149.86611605756156 pid352f
140.19079758899915  3.5688947215661964 147.32858703213154 pid35b5
141.03837899904934  1.233525270133419 143.50542953931617 pid3505
141.09496019026943  3.608511503000589 148.3119831962706 pid348f
141.0963088992277  2.423904213068489 145.94411732536466 pid3510
141.59912017537542  2.2928299424591065 146.18478006029363 pid354d
141.64250525672605  3.992031683077217 149.62656862288048 pid34c0
142.37183714038994  1.5248983344591571 145.42163380930825 pid34f9
142.56504536377685  4.5180991437000415 151.60124365117693 pid353f
143.25105261044527  2.4839120579625598 148.21887672637038 pid3556
143.40267689529725  3.190973880435477 149.7846246561682 pid33ff
143.4614713866286  3.8165117330107434 151.0944948526501 pid3582
143.4858835125323  3.4407049977170105 150.3672935079663 pid34ee
143.6970920490628  2.23481551878503 148.16672308663286 pid3410
144.25302894119775  1.032651258812702 146.31833145882317 pid3475
144.35567415843136  4.872269036490202 154.10021223141177 pid3576
145.1393936639505  1.779382369267371 148.69815840248523 pid3577
145.20948746672383  4.122208738090142 153.4539049429041 pid347f
146.3317981167616  4.177787889840941 154.6873738964435 pid35ac
147.07246002482083  3.2218328771471576 153.51612577911516 pid3425
147.11696307078785  4.750486561167543 156.61793619312294 pid3415
147.46196899122603  1.7730508238421625 151.00807063891037 pid350f
147.63497991073336  4.3026328994017105 156.2402457095368 pid3547
147.66095467058614  4.080276824238138 155.82150831906242 pid34dc
148.23492770720898  2.32013043249668 152.87518857220235 pid354f
148.26455513667642  3.5562021854033077 155.37695950748304 pid35a0
148.41117741526193  4.074754835352433 156.5606870859668 pid34d5
149.64861254226943  4.8698857536454945 159.38838404956041 pid3427
149.94974199546087  2.499455603814134 154.94865320308912 pid3428
150.0390336830731  3.521199603493154 157.0814328900594 pid3570
150.0528871142407  3.3106304377485953 156.6741479897379 pid34e4
150.06441386418174  3.087146986013058 156.23870783620785 pid350a
151.0720697052176  4.577927995192956 160.2279256956035 pid353c
152.00182864168397  4.017432047829611 160.0366927373432 pid357f
152.04699457337585  1.6403116258658437 155.32761782510755 pid34ac
152.48324644255047  2.597030940589745 157.67730832372996 pid34ca
152.63629590101237  1.1858394675941915 155.00797483620076 pid342d
152.7997900235867  1.787578136294492 156.37494629617566 pid359e
153.80113626491493  1.0185281035196199 155.83819247195416 pid35a1
153.9716496131813  1.6389549286607275 157.24955947050276 pid3571
154.3002568947618  4.3926013904762655 163.08545967571433 pid3406
154.37782449230792  3.923905476234798 162.2256354447775 pid344f
154.61227641118924  3.4982705568326082 161.60881752485446 pid34ff
155.07436791736347  1.8405247613859141 158.7554174401353 pid358b
155.1802311531166  3.197766040102302 161.57576323332123 pid346e
155.32319924524708  1.2474969160831355 157.81819307741335 pid3481
155.53049474643407  3.6257975585904942 162.78208986361506 pid3401
155.64304785835554  2.1605317459375666 159.96411135023067 pid3454
155.71142739157062  1.9477281784520803 159.6068837484748 pid34ba
155.73421467935862  1.3637747145363028 158.46176410843123 pid358f
156.6395348833276  4.189268569141728 165.01807202161106 pid3497
156.83037569715128  3.107365065799568 163.04510582875042 pid3441
156.8995774694173  4.6917083839118945 166.2829942372411 pid34e2
157.16813715197034  4.3896834842958805 165.94750412056212 pid35a9
157.71427079387837  1.1754616150433286 160.06519402396503 pid344e
157.74012009241392  3.5904070628322735 164.92093421807846 pid3463
158.21898968610157  3.7101557475181726 165.6393011811379 pid34f3
158.51462669655257  4.667963160727376 167.85055301800733 pid34df
159.01724872727232  2.0726807570782957 163.16261024142892 pid342c
159.3887472427415  4.725789621478074 168.84032648569763 pid34af
159.76495840483994  4.05511827491811 167.87519495467618 pid350d
159.88832633104767  2.7647999626757254 165.4179262563991 pid343d
160.07731452261854  2.1376299353813533 164.35257439338125 pid345a
160.20877391339468  2.9842888136565096 166.1773515407077 pid3553
160.2972056380451  2.381974964483732 165.06115556701258 pid3438
160.38898745223702  2.6277866751707086 165.64456080257844 pid34ea
161.8464294290103  3.7929247224877307 169.43227887398575 pid3433
162.15581309576078  4.0644603982751635 170.2847338923111 pid351b
162.57761571886323  2.981684580841762 168.54098488054674 pid352d
163.0076924862976  2.8892385793664155 168.78616964503044 pid34de
163.38511518021258  3.324047414363555 170.0332100089397 pid3468
163.42167294017028  1.1468179842265354 165.71530890862334 pid352e
163.86866408660774  1.1741126274360543 166.21688934147986 pid3533
164.21543937567753  1.8467666575237507 167.90897269072502 pid3549
164.8574734400787  1.7168212926819768 168.29111602544265 pid34e5
165.08370496059013  3.5958536538247987 172.27541226823973 pid3596
165.1825063691697  1.203003628508033 167.58851362618574 pid340b
165.38698616458962  1.3268526189615808 168.04069140251278 pid341f
165.76096742240645  4.4105603590003835 174.58208814040722 pid34b9
165.81886090271948  2.9438808079069494 171.70662251853338 pid34fb
166.03750571561653  4.038488282953731 174.114482281524 pid33f6
167.60328277125208  2.5254776869332805 172.65423814511865 pid35b2
168.04869100941076  1.2379047751771024 170.52450055976496 pid3435
168.3858159341228  3.310878503977226 175.00757294207725 pid340e
168.47914606303044  3.7984873542792834 176.07612077158902 pid347c
169.0731879624545  4.418105861532399 177.9093996855193 pid3448
169.3900425482725  2.5598936033560697 174.50982975498465 pid3418
169.76046195320157  2.888492454809192 175.53744686281996 pid34f5
170.053262324598  2.4245862481542533 174.9024348209065 pid3431
170.50461391432674  2.59069404217054 175.68600199866782 pid3586
171.31140954105328  4.500180861436926 180.31177126392714 pid33f4
172.2934403662169  2.1415589192859232 176.57655820478877 pid359c
172.51015953531234  2.5542859639433173 177.61873146319897 pid3587
173.11252049742262  1.1737482227468017 175.4600169429162 pid3484
174.09484558341975  2.3348539395037413 178.76455346242724 pid3580
174.64138012248665  2.0757941612726794 178.79296844503202 pid34fe
174.97404603338305  3.4273789561376238 181.8288039456583 pid34a0
175.0005839951528  1.9661752349844082 178.9329344651216 pid3572
175.49469109951966  3.858031661809356 183.21075442313838 pid3532
175.73191051360132  3.8682960355237923 183.46850258464892 pid3590
175.81750906563116  1.1236916088381559 178.06489228330747 pid3473
176.05447577911457  2.6342408012477074 181.32295738161 pid34da
176.4012062985776  4.816107618494095 186.0334215355658 pid34e1
176.54645762942337  2.0987742404720775 180.74400611036754 pid340a
176.71005564921782  3.2786802946294022 183.2674162384766 pid3504
177.03986872124054  2.8633080358556278 182.7664847929518 pid34e8
177.12349309576754  4.290904923676971 185.7053029431215 pid34f8
177.17452599243944  1.0631439703528685 179.30081393314518 pid3524
177.1896338398038  3.324550559258416 183.83873495832063 pid355c
178.32602657370458  3.226909724544802 184.77984602279417 pid3525
178.37324991864335  1.681102389980837 181.73545469860503 pid34ce
178.7689588860967  1.886225240029738 182.5414093661562 pid34fa
179.22080860381524  2.7726126479478994 184.76603389971103 pid34ef
179.38558587101716  2.4681865080102883 184.32195888703774 pid34dd
