0.662104107145628  1.5869261931779346 80.66210410714562 pidd86
1.2836326111981877  0.8894155177150158 81.28363261119819 pidd60
1.4662976447267773  0.743179683796046 81.46629764472678 pidd4e
2.2134336347405914  1.712891157985673 82.2134336347406 pidd55
2.5639429323571994  1.5184779052020634 82.5639429323572 pidd4c
4.11037838114468  1.3705599448889885 84.11037838114468 pidd6f
4.230731256716896  1.8539338334118385 84.2307312567169 piddbd
7.460084785001214  0.7951394774755123 87.46008478500121 piddb3
7.676876567806101  0.5600986353371413 87.6768765678061 pidd65
9.242102004954228  1.3636856231612378 89.24210200495423 pidddc
9.69958801159667  1.3320345619575016 89.69958801159667 pidd75
9.817038255088912  1.5148546504720062 89.81703825508892 piddb4
10.679294110311655  0.5464764875372757 90.67929411031166 pidd63
10.965374543458124  1.7382918869964303 90.96537454345813 pidd69
11.580328775703553  1.2823712253649981 91.58032877570355 piddda
11.58667305589916  1.447958452268747 91.58667305589915 piddba
11.856038567607424  0.9337619412475309 91.85603856760743 piddcf
13.201196520157998  0.6307294398462198 93.20119652015799 piddb5
13.267261980954782  1.2523573678168098 93.26726198095479 piddd1
15.30820659260404  0.681422835148656 95.30820659260404 piddd7
17.832196326910477  0.7022265167349512 97.83219632691048 piddd8
17.97352755654329  1.716972969024542 97.97352755654329 pidd9a
18.125837509587615  1.194305749699715 98.12583750958761 piddb0
20.065728796057243  0.6697062300967385 100.06572879605724 pidd8c
20.43234248643604  1.4631919576160857 100.43234248643604 piddd0
20.754624248920443  1.0026709297429561 100.75462424892044 piddb7
21.25959885046277  1.7729036987835949 101.25959885046277 pidd51
21.77626203256995  1.0775303730764654 101.77626203256995 pidd7e
23.175980952639247  0.5149353339005588 103.17598095263925 pidd80
23.630705685206234  0.6042253822583441 103.63070568520624 pidd98
23.896468314473324  1.5620290222707225 103.89646831447332 pidd9f
23.979712230823854  0.7787727887812328 103.97971223082385 pidd7a
24.708746114280387  0.699795418757888 104.70874611428039 piddca
25.7392763110651  1.1314550662658216 105.7392763110651 pidd97
26.357345569921204  0.7978725853674788 106.35734556992121 pidd62
27.726897690318665  1.2640961110085962 107.72689769031867 pidd7c
27.878443962836773  1.080158499193959 107.87844396283677 pidd48
28.6883224486988  1.2423063417840754 108.6883224486988 pidd5b
29.283198672904554  1.3230471113174656 109.28319867290455 pidd67
30.87274104930866  1.4042895611455757 110.87274104930866 piddc5
30.943371304109235  1.7778656180601915 110.94337130410923 pidd91
32.099844240448036  1.2312962737324769 112.09984424044804 piddc2
32.47978054755372  1.395904035737005 112.47978054755373 piddb2
33.05706481755656  1.7947819235278977 113.05706481755655 pidd9c
35.120639895468756  1.7859412903155598 115.12063989546876 pidda6
35.884070299894276  0.7393582171221302 115.88407029989428 piddcc
36.707810815786864  1.5591676225191275 116.70781081578687 piddcb
39.48942594615389  0.8240978065731164 119.48942594615389 pidd4d
40.158566612539346  1.8216005430808653 120.15856661253935 pidd57
40.23484134029221  0.7165324200958558 120.2348413402922 pidd78
40.385539807104564  0.7427637605071238 120.38553980710456 pidda0
42.888372843343475  0.9053760590549359 122.88837284334348 pidda9
44.956011883848454  1.0142846017858738 124.95601188384845 piddd5
45.950382100298555  1.1911727389939282 125.95038210029855 piddad
46.06417597266287  1.762282525567151 126.06417597266287 pidd7b
46.6701272582171  1.234863888947711 126.6701272582171 pidda4
48.04495361759577  0.5510332416553958 128.04495361759578 pidd4b
49.715016240808815  1.7025607771241504 129.7150162408088 pidd66
51.587164223253204  0.9164608688884474 131.5871642232532 pidd5c
51.621599639311455  0.7751688326714485 131.62159963931146 piddc6
51.9475948835183  0.7262706654043489 131.9475948835183 piddc1
52.279793335831656  0.9452340630693674 132.27979333583164 piddbc
52.563384750192235  0.7156546494216606 132.56338475019223 pidd81
52.640618195164244  0.5269200319531857 132.64061819516425 pidda7
53.29050381474505  1.2636911424874377 133.29050381474505 piddb9
53.65472236609725  0.9949918020135133 133.65472236609725 piddc3
54.69529768111834  1.0506869816248736 134.69529768111835 pidd49
54.78156466008962  1.8348683080822477 134.78156466008963 piddd4
55.787280151908334  1.2800369829284863 135.78728015190833 pidd8a
56.08142407905693  0.863752503490447 136.08142407905694 pidd8f
61.32010646900564  1.0193133113660113 141.32010646900562 piddce
61.60644086585076  1.2381206970611958 141.60644086585074 pidd90
61.977761969312795  1.2922818089382375 141.97776196931278 piddc0
62.15020340063563  1.7869307017013323 142.15020340063563 piddc8
62.795238987715095  1.8681548351980841 142.7952389877151 pidd79
63.06391706706685  1.2372924322461913 143.06391706706685 pidd92
63.16712200170967  1.8305765328005719 143.16712200170969 pidda3
66.18907228886705  1.7799615940324456 146.18907228886707 pidd8b
66.82778726471817  1.9742628718441286 146.82778726471815 pidd5d
69.77698934497033  0.8738377111632543 149.77698934497033 piddd2
70.97679085658903  1.988604500964451 150.97679085658905 piddb1
72.73700143450293  1.231401849947019 152.73700143450293 piddd6
73.73116390879053  1.0913005604352142 153.73116390879053 piddd3
73.78688051424908  0.7258827609938503 153.78688051424908 pidd53
75.14660614501378  1.0017493305841396 155.14660614501378 pidd7d
80.2895133725273  0.6261782788561062 160.2895133725273 pidd76
80.71389875424902  1.8187335033281533 160.71389875424902 pidd7f
81.83717500248687  1.4587749708948248 161.83717500248687 pidd6e
84.50919348427593  1.4528721552537156 164.50919348427593 piddc7
84.64225180254138  1.6348151284430892 164.64225180254138 piddbf
86.67314053197552  0.9680622646154217 166.67314053197552 pidd84
86.76877538304164  0.8494618758856962 166.76877538304166 pidd56
86.94135558787491  1.0672316075565824 166.9413555878749 pidd9e
87.1324198539532  1.100423051520902 167.1324198539532 pidd6d
87.50084347154812  1.2233017887220896 167.50084347154814 pidd61
87.67735840168297  1.2890521177848777 167.67735840168297 pidd58
88.52897992715211  1.7974383301233245 168.5289799271521 pidd9d
88.8771834735481  0.8611969871327838 168.8771834735481 pidddd
91.7169408424148  1.7463780622468899 171.7169408424148 pidd59
94.74626487729147  1.9647522387228769 174.74626487729148 pidd52
95.42434549593159  1.9390560190698791 175.4243454959316 piddaa
95.74894196797128  1.1105632450836327 175.7489419679713 pidd6b
100.88969225068897  1.2874127655166006 180.88969225068897 pidd87
101.94988499831015  1.8180720463946747 181.94988499831015 pidd5e
103.10455501334387  0.8309706403523085 183.10455501334388 pidd71
104.01458465877563  1.6724039877148236 184.01458465877562 pidd73
105.65774232421194  1.9942547034860745 185.65774232421194 pidd85
108.70379864974831  1.4911061356350823 188.7037986497483 pidd93
109.0810519014274  0.763373410255408 189.0810519014274 pidd68
111.11064093273112  1.014004009864991 191.11064093273112 pidd74
113.06133177849819  1.8408280482047354 193.0613317784982 pidd50
113.1666146560257  0.8995813305776336 193.1666146560257 piddc9
114.29261259143725  1.8744920659665172 194.29261259143726 piddb8
114.68028590563159  1.327384987393819 194.6802859056316 piddab
115.87381627665059  1.0096814516834849 195.8738162766506 pidd89
116.19448151932049  0.7163307684212821 196.1944815193205 piddd9
116.53659541282494  1.4057346448784447 196.53659541282494 pidd54
117.48576387055654  0.5886557801482584 197.48576387055653 pidd6a
118.48032566134582  0.8603004082201096 198.48032566134583 pidd9b
119.34119003150496  0.8300426083110244 199.34119003150496 pidd4a
119.85259834704962  0.6738967058839751 199.85259834704962 pidd94
120.1443712986147  1.8576619116737545 200.14437129861471 pidd5f
120.20413885078261  1.9776205610817839 200.2041388507826 pidddb
122.00977844225964  1.434571875769576 202.00977844225963 pidd8d
123.35856762707589  1.9717508520523253 203.3585676270759 piddaf
124.57221166712037  1.266817777938579 204.57221166712037 pidd83
126.07751977239653  1.6598829914067688 206.07751977239653 pidd99
127.00091968026496  1.0208710442672828 207.00091968026496 piddbb
127.28171400850523  0.507601131903723 207.28171400850522 piddb6
127.80886481029299  0.9712738554986265 207.808864810293 piddcd
128.33255573624527  1.549915211450088 208.33255573624527 piddc4
131.53041799339226  0.9776914027728478 211.53041799339226 pidda1
131.63644098030738  1.9322785703923417 211.63644098030738 pidd64
132.75752167130446  1.0196532751904905 212.75752167130446 pidd96
133.57832600658872  1.1729140436447174 213.57832600658872 pidda8
133.9441538552399  0.5676917356335225 213.9441538552399 pidd6c
134.81416909536648  0.8351670494653951 214.81416909536648 pidd82
134.95907262928208  0.9537945946882695 214.95907262928208 pidda2
135.2331421799203  1.9778867500014898 215.2331421799203 pidd72
135.30002064417175  1.966194015900045 215.30002064417175 pidd8e
137.19115484890804  0.8449317232124027 217.19115484890804 piddac
138.8998853971995  1.6803181813294212 218.8998853971995 piddbe
139.7167249387148  1.6239892125677688 219.7167249387148 pidd70
139.78742890876967  0.7813780310187806 219.78742890876967 pidd4f
139.82096310739286  0.7578661542011778 219.82096310739286 pidd5a
139.98895940913212  0.6617973716414837 219.98895940913212 pidd77
140.82484586547017  0.9241093289741338 220.82484586547017 pidd88
143.7718905368976  1.015128111986878 223.7718905368976 pidd95
145.12844957701583  1.7383958591569066 225.12844957701583 pidda5
147.84842779578068  0.6197150168644023 227.84842779578068 piddae
