0.3902521839558748  1.2536590958405753 80.39025218395588 pid608
1.308617807082918  1.3059918389956529 81.30861780708292 pid5ea
10.610992528205736  1.6947367176293322 90.61099252820574 pid5f9
11.523996476606364  1.0776268592195182 91.52399647660636 pid5df
12.74943498152717  1.0821365785105568 92.74943498152717 pid5ff
13.774992933434266  0.6413198288783624 93.77499293343426 pid5fd
16.262215595700614  1.66894329682674 96.26221559570061 pid5e5
16.72693857169236  0.7604131818608492 96.72693857169236 pid604
19.76395606802454  1.539366583448035 99.76395606802454 pid5f8
23.99186910695958  0.9179563967342328 103.99186910695958 pid5f7
24.45884012957685  0.8674351757796249 104.45884012957686 pid5fb
33.729890128861214  1.3337537567350408 113.72989012886121 pid605
38.61804551406921  0.853062458787127 118.61804551406921 pid5ee
43.064155697455575  1.1892365047421265 123.06415569745558 pid5f1
43.68616941880632  1.292983773355392 123.68616941880632 pid609
44.162867433260836  1.1915516515361784 124.16286743326083 pid5ef
44.30945144335409  1.1208620107304896 124.30945144335409 pid5f3
45.937543534694  0.5632056063801294 125.937543534694 pid60c
46.541333368144635  1.9394633165405804 126.54133336814463 pid5fa
49.7347951581748  1.804581241216985 129.7347951581748 pid5f6
51.91716059921432  1.0650306623222694 131.91716059921433 pid5e7
52.590063756770434  1.2359123235085097 132.59006375677043 pid5e8
53.74723725838789  1.849030729753653 133.74723725838788 pid5e6
54.4117356224085  1.4684800437240553 134.41173562240851 pid60d
56.17983959250882  1.1173305169290484 136.1798395925088 pid5dd
62.55091725577384  1.9227169608768186 142.55091725577384 pid5dc
65.82979668721147  1.3397417381681973 145.82979668721146 pid5eb
68.07210504496811  1.5225089147590423 148.0721050449681 pid5e1
68.5181008840289  1.1145632133749785 148.5181008840289 pid5e2
75.03133852390539  1.0961381203061813 155.0313385239054 pid5ed
77.7467309732036  1.276698368019418 157.7467309732036 pid5de
78.8430579295613  1.6832463815681242 158.8430579295613 pid5f4
80.87267286614518  1.637210878237268 160.8726728661452 pid602
86.82485625726261  1.3135040641467361 166.8248562572626 pid5fc
92.05415484003937  1.869301375324502 172.05415484003936 pid600
97.20724831179174  1.394352459668052 177.20724831179174 pid601
99.31479761894929  1.905913129055446 179.31479761894929 pid60b
105.48470632778034  1.550527968551203 185.48470632778034 pid603
116.66320687107458  0.6971548397748265 196.66320687107458 pid60a
120.11095658835868  1.1968911205719257 200.11095658835868 pid5f2
127.32370885383298  0.8022886793093096 207.32370885383298 pid5e9
127.40206995906681  1.3677646468231028 207.4020699590668 pid5e0
128.9649412688613  1.6764501869851556 208.9649412688613 pid5fe
134.14799435077225  1.3565522123590443 214.14799435077225 pid607
134.5464529150671  1.0119596080880575 214.5464529150671 pid5ec
136.2697882878097  1.372965632265072 216.2697882878097 pid5e3
139.53114900005167  1.7932685859657744 219.53114900005167 pid5e4
141.46845458356142  1.0816548715591094 221.46845458356142 pid5f0
142.18552466025386  1.032844407909593 222.18552466025386 pid5f5
149.97215595553072  0.5603968264527366 229.97215595553072 pid606
