0.47833945844638626  1.0684746074609723 80.47833945844638 pid43d4
0.9937280996729803  0.5011075303919246 80.99372809967298 pid452d
1.0187667713710713  1.9324409967758371 81.01876677137108 pid4456
2.2741832538683893  1.1716834580058428 82.27418325386839 pid451b
2.276573431575496  1.4992883830900376 82.2765734315755 pid4417
2.7930042443911174  1.5862654595634913 82.79300424439111 pid445c
3.338909218479774  0.5004014419471017 83.33890921847977 pid4545
4.461698805361541  1.2297144807528677 84.46169880536154 pid4493
4.657150944614624  1.9123295527580493 84.65715094461463 pid4546
4.852865569438869  1.6560625529269066 84.85286556943888 pid453c
4.964622827168569  0.5816066946416474 84.96462282716857 pid44e6
5.006574886284099  0.9252945525199947 85.0065748862841 pid454a
5.261038748691998  1.3478969621849959 85.261038748692 pid4565
5.306135921060995  1.950243323473189 85.306135921061 pid4536
6.887362192936397  1.5947821251059835 86.8873621929364 pid4468
6.902079080375733  0.7435255906486409 86.90207908037573 pid44ed
7.842062477005218  1.370309576027546 87.84206247700521 pid4544
7.860987335613667  1.3682427749408406 87.86098733561367 pid4424
8.010813792306942  1.0432048218462078 88.01081379230695 pid452e
8.21541982126045  1.948387926711296 88.21541982126045 pid44e7
9.802702696488197  1.5572036838023713 89.8027026964882 pid456a
9.88883514162467  0.9899475201693485 89.88883514162467 pid44d4
10.340837399739744  0.9148288710962024 90.34083739973974 pid448b
10.589076114253192  1.8165894752077227 90.58907611425319 pid4475
11.840706552195929  1.342483796515019 91.84070655219593 pid4495
11.87696618344578  0.9758732426595511 91.87696618344577 pid44fe
13.954052472798212  0.7363013663747515 93.95405247279821 pid4457
14.069687350230792  1.7262196481202388 94.0696873502308 pid4498
14.075380060482152  0.8496809246584744 94.07538006048215 pid457b
14.480693817745344  1.2229061271299893 94.48069381774535 pid450b
14.620807447194812  1.7671554379286991 94.6208074471948 pid43d1
14.682546605761349  1.4043219041999098 94.68254660576135 pid4427
14.837958683056485  1.5754463325621424 94.83795868305648 pid4487
15.401951575841883  1.8188195646253067 95.40195157584188 pid443d
15.545707416056304  1.306351145334615 95.5457074160563 pid4561
16.584316567861308  1.7871180546964087 96.58431656786131 pid43ec
16.971043810191777  0.5441884559742656 96.97104381019177 pid4422
17.20474881056392  0.9235620877702814 97.20474881056393 pid440b
17.224837826642325  1.7829548996696443 97.22483782664233 pid44d1
17.272052132367648  0.8822624067741867 97.27205213236765 pid4579
17.66888038087003  0.5344843042062699 97.66888038087004 pid43dc
17.705207891163667  0.6478467141092021 97.70520789116367 pid4509
17.852900116833  0.9490956558920082 97.852900116833 pid456c
18.014414504956683  0.9983708743644966 98.01441450495668 pid44ab
18.5709589922472  0.5979054203009841 98.5709589922472 pid4517
19.627528622053863  1.3929957640080408 99.62752862205386 pid4562
19.786291235924537  1.8898603791229807 99.78629123592454 pid442c
21.00192554248433  1.4921957002318735 101.00192554248433 pid43f1
21.22052964594771  0.6612892564553667 101.2205296459477 pid44bd
21.353371537053707  0.7224776989455224 101.3533715370537 pid43d0
21.610623333122202  0.7634802606201934 101.6106233331222 pid4469
21.969153850179918  1.2177064048717179 101.96915385017992 pid4471
22.009486507357117  1.0209776958892824 102.00948650735711 pid457e
22.535237247617168  1.8902139343254492 102.53523724761718 pid444c
22.547818145488367  1.2306086530034364 102.54781814548836 pid454d
22.635692240655818  1.9523576083167058 102.63569224065581 pid4478
22.810965873482846  1.3480873136040374 102.81096587348284 pid4416
22.960685860888354  0.7573991282372388 102.96068586088836 pid43d3
23.114985902697992  1.1620973001477455 103.114985902698 pid43e3
23.64096093287798  0.616392334394037 103.64096093287799 pid453a
24.013523046940033  1.9038118896254994 104.01352304694004 pid4566
24.27025055737864  1.9691728939103004 104.27025055737863 pid4512
24.38268319790081  1.543751286612917 104.3826831979008 pid44cc
24.401576190818858  1.6425335227813833 104.40157619081886 pid451e
24.871197801538713  0.6338403018695359 104.87119780153871 pid4502
25.206120191820723  0.7311602824921644 105.20612019182073 pid452c
25.444797938271215  0.547600025100667 105.44479793827122 pid4453
26.428497156570934  1.8498328711997776 106.42849715657093 pid4557
27.587693595118896  1.9499067656914157 107.58769359511889 pid43ca
27.62070387511678  0.5734344037425431 107.62070387511679 pid445f
27.92512097403721  1.7537667361319693 107.92512097403721 pid4537
28.676616176467927  1.2227288061340955 108.67661617646793 pid444b
29.14054914319099  1.884204979858209 109.140549143191 pid4521
29.350443391735826  0.5944733654420562 109.35044339173582 pid4488
29.653334670238372  1.204151922726065 109.65333467023837 pid43e4
29.782530657855204  0.7673919975396759 109.7825306578552 pid4484
30.01272306748371  1.1127481905043348 110.0127230674837 pid4479
30.141424464342144  0.6486940284041135 110.14142446434215 pid44b1
31.732765109083306  1.9296217558107083 111.7327651090833 pid4525
32.26588187044136  1.245053364104888 112.26588187044136 pid4466
32.431270690187496  0.7988140415248874 112.43127069018749 pid44d0
32.436864220401354  0.7655407194229102 112.43686422040136 pid4452
32.4724796125828  0.9983521059919471 112.4724796125828 pid44e4
32.49835102433199  1.712429720055374 112.49835102433198 pid452f
32.73816461486668  1.7216091766320167 112.73816461486669 pid44e0
33.449202338005094  1.0896081302586853 113.4492023380051 pid4541
33.885017920167485  0.9885214756343736 113.88501792016748 pid454b
34.18966346889485  1.802077951029958 114.18966346889485 pid43ff
34.341134679006636  0.9333226285036822 114.34113467900664 pid4418
34.36613700720017  1.4229188988176356 114.36613700720017 pid44af
34.913801755402304  0.8687780553147271 114.9138017554023 pid43d5
35.15463997859589  1.5683235706159218 115.1546399785959 pid4586
35.526356509141884  0.5262921919168501 115.52635650914189 pid4501
35.9651714958234  1.7563144675904239 115.9651714958234 pid44e5
35.98633337816172  0.7349661184359266 115.98633337816172 pid4400
36.59104519746541  1.4545602702210725 116.5910451974654 pid44aa
37.02282686820742  1.3296845816829417 117.02282686820742 pid456e
37.42260847587149  0.822976062070844 117.4226084758715 pid43fb
37.872319064600916  1.694564349224665 117.87231906460092 pid44f8
38.00807275754184  1.37970208501213 118.00807275754184 pid4543
38.04871577325586  1.5754635354461413 118.04871577325585 pid44dd
38.1196081179224  1.651136597027555 118.1196081179224 pid4513
38.752610638570765  1.3929934076770183 118.75261063857076 pid44ad
38.873616477409556  1.8834319842916223 118.87361647740956 pid441a
39.150999892919444  0.9934836866243286 119.15099989291944 pid43c6
39.45286560794109  1.3370504198455218 119.45286560794109 pid44be
41.37534107427007  0.9791865190767078 121.37534107427007 pid44fc
41.476280237004154  1.2074314547783431 121.47628023700415 pid448a
41.53467730378945  1.3804441632225632 121.53467730378945 pid4499
41.55931399367832  0.8564370230797984 121.55931399367833 pid4587
41.923164016963426  1.634491878874043 121.92316401696343 pid4564
42.16793618034869  1.3161699424134137 122.16793618034869 pid44d6
42.457883756315645  1.9562593391471033 122.45788375631565 pid4413
42.968681758827344  1.5396117325838263 122.96868175882734 pid44e1
43.004326546667606  1.0801345584987005 123.00432654666761 pid44ba
43.108244219710286  0.768507330259191 123.10824421971029 pid4530
43.389855952227705  1.7819261189007107 123.3898559522277 pid444f
43.68744696988126  1.4126803680692108 123.68744696988125 pid44b4
43.72866695077384  1.2709196959302849 123.72866695077384 pid4539
43.74499621451144  1.8631077083269023 123.74499621451145 pid451f
43.824275443611846  1.7934266020302778 123.82427544361184 pid44c3
43.98763982161957  0.7633890230554287 123.98763982161957 pid4414
44.36931780890921  0.8025394299475787 124.36931780890922 pid457c
44.436206433769335  1.4114783871064083 124.43620643376934 pid451d
44.74447516074589  1.828885220708146 124.74447516074589 pid4508
45.37094692887623  1.7079235592721906 125.37094692887624 pid4454
45.97406141295936  1.1705087943921901 125.97406141295936 pid4554
45.9822877167499  0.8763269715576532 125.98228771674991 pid441e
46.0841789258306  0.5804432979367462 126.0841789258306 pid44f0
46.12379970591544  1.929495168409078 126.12379970591545 pid4405
46.17793351855411  1.158008498272887 126.17793351855411 pid4542
46.4989282540133  0.9719579697538798 126.4989282540133 pid44dc
46.95140986616827  1.2000447306201956 126.95140986616826 pid442d
47.1863119061839  1.4830793708441903 127.1863119061839 pid44b6
47.440051196295144  1.9149075483740114 127.44005119629514 pid446c
47.66197569787538  1.7098096481875795 127.66197569787538 pid4409
48.120754263027536  1.0440027303404116 128.12075426302755 pid44b5
48.53616983465253  1.8765060975859529 128.53616983465253 pid4563
49.33734604192657  0.8365370046933336 129.33734604192657 pid457a
49.76848754464121  0.8889075371596409 129.7684875446412 pid4494
49.822524059895485  1.7609295725489593 129.8225240598955 pid4531
50.078688240766944  0.5968960412302675 130.07868824076695 pid4459
50.23084294800563  1.646550381885866 130.23084294800563 pid4463
50.318310423875076  0.8091719819782316 130.31831042387506 pid445e
50.40416966600037  1.1380284868388806 130.40416966600037 pid4552
50.47191983375231  0.6040796276934881 130.4719198337523 pid44a0
50.49426355577247  0.9571863159620532 130.49426355577248 pid44b0
50.5096349829646  1.481542088414416 130.5096349829646 pid4515
51.29415568544851  1.506390721965484 131.29415568544852 pid443c
51.364172424716536  1.573211668197613 131.36417242471654 pid44db
51.502057506436984  0.8467669523225894 131.50205750643698 pid440e
51.615290200359354  1.5601675115442915 131.61529020035937 pid44ae
52.85673966047868  1.252731166696886 132.8567396604787 pid450a
53.184630031926346  0.9290288468262171 133.18463003192636 pid445a
53.26654784906004  1.221922637721478 133.26654784906003 pid43f4
53.456097422528025  1.6296138899150914 133.45609742252802 pid4462
53.8783787624745  1.452558716571626 133.87837876247448 pid455d
54.33140762749095  1.4669737126789086 134.33140762749093 pid4439
54.47320226996261  0.5751503000005953 134.4732022699626 pid44f2
54.593463508409805  1.7013871268754353 134.5934635084098 pid443e
54.66639854777548  1.8077500997431857 134.6663985477755 pid4581
54.68535978477378  0.8479684393240892 134.68535978477377 pid442b
55.884352914865666  1.4660519983098914 135.88435291486567 pid4436
56.0838678756065  1.3780380453186658 136.0838678756065 pid4448
56.905347075646986  1.9154564763583628 136.905347075647 pid449b
57.1386503095305  1.5093027504281222 137.1386503095305 pid44fb
57.346234631382856  0.9719083518430655 137.34623463138286 pid44f3
57.694069178606426  1.445060198341923 137.6940691786064 pid4473
57.70737104541929  1.739000728739598 137.70737104541928 pid4559
58.01810738464132  1.0986001880233187 138.01810738464133 pid454f
59.272420319999  1.2196092180361526 139.27242031999901 pid43cb
60.44065035017197  0.858000015875032 140.44065035017198 pid44f4
61.509576165454796  1.08435881776487 141.5095761654548 pid447b
61.82129147480412  0.5033829948155074 141.82129147480413 pid447f
62.0672260570587  1.1357969130492365 142.0672260570587 pid43c7
62.38399946854457  1.9771614217773876 142.38399946854457 pid44a8
63.03399339850216  1.5755403777001178 143.03399339850216 pid44fd
63.238957478483435  1.160376994715609 143.23895747848343 pid4445
63.361981728392784  1.2668783569161184 143.36198172839278 pid44e2
63.6661752300887  0.6289341716215717 143.6661752300887 pid43ee
63.89115272564656  0.5020277952243619 143.89115272564658 pid44f7
64.84304528575265  1.401779008961002 144.84304528575265 pid44c5
64.97447332980174  0.6467615498467388 144.97447332980175 pid4474
65.07824562987346  1.0096602720414547 145.07824562987346 pid4401
65.22912656056312  1.3185641966770945 145.22912656056312 pid4578
65.71753768956683  0.9252992438145944 145.71753768956683 pid4556
66.01815460125718  0.5804627143918684 146.01815460125718 pid455a
66.28373875046805  1.7490251970529682 146.28373875046805 pid44df
66.3013658008929  1.9890706171326205 146.30136580089288 pid4573
66.44863696400972  0.9385883829079258 146.44863696400972 pid4558
66.98326117812793  1.0771188614993863 146.98326117812792 pid4442
67.67207613176211  1.48805156721922 147.6720761317621 pid455c
67.68934472250483  1.278795336462743 147.6893447225048 pid44bc
67.80169641954559  1.659864485269671 147.80169641954558 pid4585
68.12070218338498  1.076767363417326 148.120702183385 pid43c9
68.29506185275245  1.204246844452817 148.29506185275244 pid4450
68.59875877373696  1.8077214877961538 148.59875877373696 pid4490
69.88815886505158  1.3199199617783803 149.8881588650516 pid4408
69.90419064536255  0.7569154500290995 149.90419064536255 pid452a
70.60275319623753  1.041343721866638 150.60275319623753 pid4560
70.74055373835236  1.9761936643571012 150.74055373835236 pid44a5
72.13722171258239  0.5459219837006924 152.1372217125824 pid4549
72.47974457297205  1.53389541738931 152.47974457297204 pid443a
72.66973611256832  1.6951364473646202 152.66973611256833 pid4527
72.68308902446071  1.7819991675879823 152.6830890244607 pid441b
72.7416555451827  1.0407148604426235 152.7416555451827 pid4410
73.42428962581562  0.8336919198163837 153.42428962581562 pid43f2
73.5227856760327  0.517500678996123 153.5227856760327 pid451c
74.1372430221458  1.640645314942325 154.1372430221458 pid43e2
74.57479969910992  1.5684956643138719 154.57479969910992 pid4519
74.85523187284703  0.6928335227772617 154.855231872847 pid44bb
74.90445459379613  1.3482735320069397 154.90445459379612 pid448c
74.9892054791893  1.0317094587882136 154.9892054791893 pid44b8
76.08068482823856  0.9781958284794843 156.08068482823856 pid455b
76.32538301039253  1.2925154244699713 156.32538301039253 pid4583
76.3600955416822  1.5130738944946271 156.3600955416822 pid446d
76.76362855394872  0.9996904637702448 156.7636285539487 pid4550
76.84806616188371  0.7850292797216654 156.8480661618837 pid457d
77.03728186880116  1.285669645472159 157.03728186880116 pid44ca
77.23132014090028  1.8598004118956326 157.23132014090027 pid4492
77.5474674609174  1.7796297341832914 157.5474674609174 pid4526
77.58892755514995  1.5322934899021727 157.58892755514995 pid44d7
77.62262730745496  1.3949521750608442 157.62262730745496 pid445d
77.6956655503379  1.9365458916334628 157.6956655503379 pid4497
78.22047401886287  1.568997247806046 158.2204740188629 pid4421
78.31628596518932  0.7488932089888969 158.3162859651893 pid43f5
79.69460409719102  1.9215790460508375 159.69460409719102 pid44e8
79.90879661330655  1.5297444599931114 159.90879661330655 pid4464
80.04192352217959  1.1469633715581746 160.0419235221796 pid44eb
81.38958172628193  1.4219932310928352 161.38958172628193 pid441c
81.62331498229075  1.6816237228201452 161.62331498229076 pid44a1
81.80635053072717  0.6598887003346761 161.80635053072717 pid450e
82.33813921030654  1.7588333195515966 162.33813921030654 pid441f
82.57233116932238  1.7828785012228496 162.57233116932238 pid454e
82.58803537183752  1.992692490345088 162.58803537183752 pid440f
82.99560655895783  0.6262608104093704 162.99560655895783 pid454c
83.19826007907272  0.9707230451920634 163.19826007907272 pid44d8
83.4637950491749  1.8242302509604897 163.4637950491749 pid4572
84.28914080532985  0.5977827850351445 164.28914080532985 pid43fa
84.39657274199726  1.1024850629522125 164.39657274199726 pid44ef
84.40798996729546  1.465633566132031 164.40798996729546 pid44c2
84.6057300338643  1.000000586819965 164.6057300338643 pid44d5
84.73564006034995  1.2915932310080962 164.73564006034997 pid446e
85.17688757977324  1.8138200430356322 165.17688757977322 pid4503
85.18178748853761  1.4639119100957625 165.18178748853762 pid4428
86.00892778221561  1.391427515321745 166.0089277822156 pid4514
86.35998560744632  1.9144603922059633 166.35998560744633 pid4425
86.5589750593677  0.7157483011173251 166.5589750593677 pid4434
87.00578211453606  1.396109784181562 167.00578211453606 pid448f
87.0408537570864  1.4434331361549018 167.04085375708638 pid453e
87.67416710745123  1.752708343780058 167.67416710745124 pid4486
88.24455195465701  0.6477513671444906 168.24455195465703 pid4533
88.44868340806255  1.8154564713714922 168.44868340806255 pid456f
88.98476756957463  0.7207582165879196 168.98476756957461 pid4461
89.19595254456785  1.5833439870664106 169.19595254456783 pid44c4
89.85570552464434  0.749581189951538 169.85570552464435 pid449f
89.95603358867528  1.4808241982810157 169.95603358867527 pid4441
89.98537256956014  1.2934116130737843 169.98537256956013 pid43d8
90.29608960313911  1.1969941878287136 170.2960896031391 pid44ea
90.72597226888038  1.9038566575799138 170.72597226888038 pid4522
90.84769035652509  1.7191527602239975 170.8476903565251 pid450c
90.94283051100206  0.870670590733664 170.94283051100206 pid453b
90.99022732326047  1.7811299794779147 170.99022732326046 pid43e7
92.1233508325862  1.2478283433024808 172.1233508325862 pid44f6
92.44582426506324  1.6533491002721943 172.44582426506324 pid44ac
92.5242341898584  0.9809717367478926 172.52423418985842 pid4431
92.86482494326212  1.0456379121530186 172.86482494326214 pid44d9
93.75222670451012  1.1135358462328329 173.75222670451012 pid4504
94.12865999598726  1.158029559756641 174.12865999598728 pid4429
94.23267130514736  1.7887404084234355 174.23267130514736 pid444a
94.57065370374022  0.6348912235326666 174.57065370374022 pid4523
94.65500694960716  0.9065589090682383 174.65500694960716 pid44b3
95.18164483758048  0.7557638187500807 175.18164483758048 pid43fd
95.63783720004054  0.6099837591090421 175.63783720004054 pid4449
95.66754488671289  1.667240793457683 175.6675448867129 pid4412
95.80481582076078  1.9167581191249115 175.80481582076078 pid4472
96.47637660705743  0.721134114960696 176.47637660705743 pid44da
96.58040883519618  0.5922246196419281 176.58040883519618 pid442e
96.7314144067026  1.9585766565642582 176.73141440670258 pid4520
96.89213716421108  1.7408656604737829 176.89213716421108 pid446b
96.9829126067001  1.9620239103228783 176.9829126067001 pid4420
97.12895193488336  1.6540398398243619 177.12895193488336 pid43eb
97.39442558453547  1.5758578766453897 177.39442558453547 pid4480
97.57914264651014  0.8511881073881289 177.57914264651015 pid4415
98.14860479628794  0.9329338081085646 178.14860479628794 pid444e
98.67929323595865  1.2127598608660586 178.67929323595865 pid455f
99.57652281204139  1.7351406217059644 179.5765228120414 pid43f6
100.4749735549469  0.6303265251534167 180.4749735549469 pid455e
101.09027399506232  1.619951852413757 181.09027399506232 pid44c0
101.1520985889738  1.20084834175438 181.1520985889738 pid43db
101.2657196271609  1.0138248223091813 181.2657196271609 pid4435
101.37614461790398  0.6697421329671522 181.37614461790398 pid43da
101.42156432752397  1.6345804802685693 181.42156432752398 pid4577
102.07837929819463  1.6641219397231457 182.07837929819465 pid4570
102.56147233901493  1.1377148409877793 182.56147233901493 pid44ce
103.1606308333466  1.822844684941295 183.1606308333466 pid4446
103.47493849599813  1.3849712713384446 183.47493849599812 pid43d6
103.93120460265006  1.9949167315855814 183.93120460265004 pid44b2
105.1104910669375  1.892706108610381 185.1104910669375 pid43e6
105.53409305603668  0.7491659655064218 185.53409305603668 pid449d
105.95723465509299  1.421111446155936 185.95723465509298 pid4535
105.95915577109673  1.1763340096299388 185.95915577109673 pid43cd
106.53035708298827  0.8815835443710427 186.53035708298827 pid44a6
106.55763548766389  1.0427570238178623 186.5576354876639 pid4580
107.47495717360123  1.107653574026707 187.47495717360124 pid4460
107.69759485639047  1.849563098470515 187.69759485639048 pid4500
108.05753651500937  1.4228131896144784 188.05753651500936 pid43fe
108.09090809435335  0.7408166000305343 188.09090809435335 pid43dd
108.18140553779652  1.8408494240237572 188.18140553779654 pid4403
108.42173671091334  0.8692697409111101 188.42173671091334 pid43cf
108.77079691542647  0.6895396794226327 188.77079691542647 pid4540
108.87456188935212  0.8840568367824219 188.87456188935212 pid4485
109.04365396153204  1.1141688280921551 189.04365396153204 pid44ff
109.3292828424359  0.7057567556204085 189.3292828424359 pid4547
109.63977425822559  0.8637014819356631 189.6397742582256 pid4476
109.88699551072281  1.4793539645794183 189.8869955107228 pid4455
109.95874484223869  1.867229726036202 189.95874484223867 pid449a
111.52219809825259  1.1555519463598904 191.5221980982526 pid44ec
111.71399503276581  1.948972492015939 191.7139950327658 pid44cf
112.06393937219862  1.821196370438385 192.0639393721986 pid4496
112.18079680243783  1.1752851033922878 192.18079680243784 pid43d2
112.31149406741926  1.69301242063356 192.31149406741926 pid4582
112.36766950334489  1.3382406250709704 192.36766950334487 pid4447
112.5321149839222  1.270921086881052 192.5321149839222 pid4567
112.6890150958497  1.5739622056254596 192.6890150958497 pid452b
113.39463915417032  1.5275263049044017 193.3946391541703 pid456b
113.82982362409528  1.9488020539976367 193.8298236240953 pid43de
113.91728308441941  0.9404190045145309 193.9172830844194 pid4483
114.5671680771716  1.485760312738646 194.5671680771716 pid4458
114.58370423400045  1.8729582220949708 194.58370423400044 pid450d
114.73253125324858  1.2943268647161321 194.73253125324857 pid44a7
114.78018093177097  1.2262054255645425 194.78018093177099 pid4432
114.99503028791811  0.9176471973266114 194.9950302879181 pid442a
115.11057840083619  1.0942316842442572 195.11057840083618 pid43f0
115.2142076429368  1.278729899490667 195.2142076429368 pid4553
115.74052660945563  1.307722687135357 195.74052660945563 pid4438
115.74900756305802  1.7704604257957424 195.749007563058 pid4440
115.92452205639063  0.6877844813096301 195.92452205639063 pid4584
116.07917668627805  0.6553594007559498 196.07917668627806 pid43e5
116.61894527972768  1.6100025446065425 196.61894527972768 pid4505
116.76447805223252  0.9782270368130215 196.7644780522325 pid4510
116.85812087736588  1.2793675855760416 196.85812087736588 pid44b7
117.45205882349003  1.840487098994911 197.45205882349003 pid43d9
117.49625613312014  1.3877226904426432 197.49625613312014 pid440a
117.50332075403144  1.5826928889924368 197.50332075403145 pid4465
117.8923024497357  1.508833051753369 197.8923024497357 pid450f
118.15544330548556  1.9203808882488174 198.15544330548556 pid43c8
118.29963537838702  0.8802356732165625 198.29963537838702 pid4538
118.70944621814823  0.8018693320205904 198.70944621814823 pid447e
119.01993543441718  1.3590200817837497 199.01993543441716 pid4470
119.39756941743929  0.8000342979250706 199.39756941743929 pid4443
119.60944640998589  0.7632968684231916 199.60944640998588 pid4511
119.69364858403712  1.6754439003313624 199.69364858403713 pid4506
119.80893066119503  1.0590942392490406 199.80893066119503 pid44cd
120.53106732165809  1.4994743248947593 200.5310673216581 pid447d
120.57835480934371  1.965165895914386 200.5783548093437 pid457f
121.18961126558602  1.9751152475897276 201.18961126558602 pid4444
121.57484997997037  0.9084215771615208 201.57484997997037 pid44cb
121.64880163336817  1.9762437259917707 201.64880163336818 pid451a
121.73911760946679  0.6344914372245887 201.7391176094668 pid44c8
121.85726655676  0.8030949978893605 201.85726655676 pid44f5
121.87551543112951  1.403428943849804 201.87551543112951 pid4491
121.880585644457  1.3987098013971673 201.880585644457 pid4574
122.05802466430077  0.7321910877087165 202.05802466430077 pid4529
123.04209625033857  1.2869610023275901 203.04209625033857 pid4555
123.4289225514763  1.0487429654017428 203.42892255147632 pid43f3
123.4817397420675  0.852445636148048 203.4817397420675 pid4507
123.52347173004243  1.9992356995060845 203.52347173004244 pid44d3
123.68772412702576  1.6895488975406117 203.68772412702577 pid43e8
123.70457416543908  1.2627137517807152 203.70457416543908 pid43cc
123.98365463950711  0.9644204268740121 203.9836546395071 pid43ea
124.40155802701517  1.1201811575877392 204.40155802701517 pid44c6
124.90848928430889  0.6270568073692173 204.90848928430887 pid442f
125.1324739080795  1.8188297654850145 205.1324739080795 pid4569
125.16553970304388  1.5828985185358022 205.16553970304386 pid43ed
125.26833662201193  1.140849433121976 205.26833662201193 pid440d
125.72470987585541  1.0858323466074533 205.7247098758554 pid44de
126.18586948407  0.8984162926193004 206.18586948407 pid4482
126.44721506176634  1.9212184791110944 206.44721506176634 pid453d
126.98433190432488  1.1328284834935134 206.98433190432488 pid4423
129.41338245649936  1.3605163746890563 209.41338245649936 pid44bf
129.4253191497719  1.9353253399930983 209.4253191497719 pid43d7
130.86911904883166  1.6665825280228022 210.86911904883166 pid44c9
131.1758211342146  1.7395460015955524 211.1758211342146 pid43f8
131.42490321354373  1.4083029075143303 211.42490321354373 pid43ef
131.78496445396223  1.1397877300502715 211.78496445396223 pid43e1
131.94828159362714  0.7311616313464979 211.94828159362714 pid4426
132.6770138420085  1.4169337242676485 212.6770138420085 pid445b
132.94398097919853  1.8605763773454052 212.94398097919853 pid43e9
132.97698096356933  1.353722368419345 212.97698096356933 pid443f
133.1967653359803  1.4817481484579131 213.1967653359803 pid4437
133.39309787816902  0.9628833922659403 213.39309787816902 pid44a9
133.41949678579655  0.5542966288670922 213.41949678579655 pid43ce
133.5325709285798  1.4441362728151819 213.5325709285798 pid446a
134.0661648933225  0.8162828713236603 214.0661648933225 pid4568
134.8457786705422  1.7512716602285492 214.8457786705422 pid4576
135.12824157928293  0.7793235060464505 215.12824157928293 pid4411
135.45568726256474  1.8512027471644625 215.45568726256474 pid44f9
135.51641648199683  0.7311588053539322 215.51641648199683 pid44e9
135.54520578367973  1.773993163395743 215.54520578367973 pid4534
136.21562929063924  1.9363443163833698 216.21562929063924 pid440c
136.87637419485824  0.7170903211177093 216.87637419485824 pid4571
136.89783134429283  0.8587512794210626 216.89783134429283 pid43f9
137.3991411792845  1.1114599471613902 217.3991411792845 pid44fa
137.53598907231037  0.8492557182585458 217.53598907231037 pid4430
137.67435284311694  1.6145377186253373 217.67435284311694 pid44d2
138.0822143490276  0.5237220917402835 218.0822143490276 pid448d
138.6021052307108  1.032976651824197 218.6021052307108 pid453f
138.6249038842918  1.1348912592043918 218.6249038842918 pid456d
138.64945254029328  0.9988830074047124 218.64945254029328 pid4481
138.95944182270972  1.5465739421424756 218.95944182270972 pid4402
139.1330467450096  1.5615873103005087 219.1330467450096 pid4524
139.1632108550335  1.8377264780793654 219.1632108550335 pid4404
139.20094045169054  1.835516159485739 219.20094045169054 pid44a3
139.20863459248446  0.9122273331109876 219.20863459248446 pid44ee
139.215663601147  0.5053188188998954 219.215663601147 pid44e3
139.24581130964708  0.5758202756445374 219.24581130964708 pid4518
139.26595127023404  0.8240617926984575 219.26595127023404 pid4406
139.30446428930972  1.6739749644382653 219.30446428930972 pid4548
139.47980958571395  0.9932132485485496 219.47980958571395 pid447a
139.74329493475474  1.0828144480818203 219.74329493475474 pid443b
139.80807743309705  0.8378305446493999 219.80807743309705 pid4516
139.89177999492475  1.8636458772720605 219.89177999492475 pid44b9
140.2141001613761  0.8778798415325008 220.2141001613761 pid4477
140.4612354439194  0.6291092679232784 220.4612354439194 pid4433
140.62553979031955  1.2968302344451739 220.62553979031955 pid4532
140.74138715886113  1.4455122027264362 220.74138715886113 pid4575
140.89340906699698  1.6672459650868765 220.89340906699698 pid43f7
141.2665693091398  1.4590555822908722 221.2665693091398 pid44a4
141.2854500604301  1.6540915435467214 221.2854500604301 pid4528
141.67436994055222  0.7842621009825577 221.67436994055222 pid444d
142.2829569636363  1.5312622818388595 222.2829569636363 pid4489
142.6819635568235  0.6195322027517357 222.6819635568235 pid43fc
143.8396259440142  0.6178485721164915 223.8396259440142 pid448e
144.13234624675547  0.6445515338006279 224.13234624675547 pid449e
144.15524255844596  1.9891100398328818 224.15524255844596 pid44c7
144.59751877674825  1.713622200519513 224.59751877674825 pid44c1
144.63289556869995  1.096693749335404 224.63289556869995 pid44f1
144.76228697874052  1.362946173533635 224.76228697874052 pid449c
144.95672594931375  0.6329036463136434 224.95672594931375 pid441d
146.13404843015624  1.0136945136601547 226.13404843015624 pid4467
146.32608075669407  0.8012273744414371 226.32608075669407 pid4451
146.3670261848503  0.6736163840756704 226.3670261848503 pid43df
146.93175922684688  1.2713688623493824 226.93175922684688 pid4407
147.92478096738063  1.1249109510933435 227.92478096738063 pid43e0
148.0518593016589  1.2944112389428866 228.0518593016589 pid4551
148.52829461877963  1.0329399238121963 228.52829461877963 pid4419
148.86584178232073  1.1960504818653448 228.86584178232073 pid447c
149.7294398359174  1.815617463456113 229.7294398359174 pid446f
149.99269412750732  1.9646376882408656 229.99269412750732 pid44a2
