1.9058400993074542  2.775634059387351 7.457108218082157 pid14bc
1.9604974580024748  2.000585220340311 5.961667898683096 pid14a5
2.3307856750619638  1.7096551019975537 5.750095879057071 pid1489
3.1308243154756776  0.5530167162407622 4.2368577479572025 pid148d
3.6855944894811032  1.7688464764371714 7.223287442355446 pid14db
3.9184350876450114  2.7203436313172045 9.35912235027942 pid145f
5.822343451782297  2.687895740180103 11.198134932142503 pid14a0
6.204478407826541  2.8030235527093033 11.810525513245148 pid14a8
6.62671547460576  2.279202109149025 11.185119692903811 pid1472
6.822701109806872  2.2691735195709475 11.361048148948768 pid14e2
7.1907057671029335  0.4128912363565204 8.016488239815974 pid145a
8.268490795829386  2.6793755660819176 13.627241927993222 pid14dd
8.957002144468252  2.9889203108802245 14.934842766228702 pid148c
8.976581762747038  0.4146147324945053 9.805811227736049 pid1495
9.625678132120875  2.471401534353538 14.56848120082795 pid146f
11.2507133825416  1.141467819487406 13.53364902151641 pid14e4
11.72798772109439  2.41689029199632 16.56176830508703 pid14da
13.76348107995714  0.4390318167838812 14.641544713524903 pid14ce
13.843057559284588  0.940614996771083 15.724287552826754 pid14d4
14.337690909756006  1.2160979694539333 16.769886848663873 pid1461
14.405316485112019  2.3035990428712583 19.012514570854535 pid1470
14.575263659562287  0.8777139604321719 16.33069158042663 pid14bd
14.594379076348318  1.8921191645439217 18.37861740543616 pid149c
15.184749332014814  2.291287975239617 19.76732528249405 pid1476
15.968157294151519  1.5383937176579598 19.04494472946744 pid14e1
16.436601826706575  1.2050653485235352 18.846732523753644 pid14a9
17.633193434581095  0.7848721410941697 19.202937716769434 pid147b
17.708775829616552  0.4712459822118121 18.651267794040177 pid146a
18.32924897921976  0.6410306116026601 19.61131020242508 pid1473
19.03064404533008  2.7514325623646383 24.533509170059357 pid14aa
19.579092624185733  0.4415424822088292 20.462177588603392 pid1499
19.973853628321425  2.4309535848118844 24.835760797945195 pid1494
20.279038545625106  2.695579394681183 25.67019733498747 pid1492
20.573853105632033  2.5402442525769593 25.654341610785952 pid14d1
21.254573048872828  1.7630403309639053 24.78065371080064 pid14cd
21.297844464993744  2.8897245255866193 27.077293516166982 pid149a
21.488641154507114  1.3615992214255388 24.211839597358193 pid14a2
23.255185089747997  1.6901015404793527 26.6353881707067 pid1475
25.210413054288217  0.7107219180861215 26.631856890460462 pid14e3
26.473595686952066  1.6841709978843453 29.841937682720758 pid14a6
26.884786661173234  0.6842341278606949 28.253254916894623 pid14b5
27.2936720101864  0.40429801090391027 28.102268031994218 pid14e0
28.39228818012106  0.8874196077282155 30.16712739557749 pid1483
28.97235602603364  1.2351194126734413 31.442594851380523 pid14cc
29.262882682211245  2.66671197500372 34.596306632218685 pid1468
30.83030071855414  2.3584149739847677 35.54713066652367 pid148f
31.286037148686784  1.5496486210964804 34.38533439087975 pid1457
31.58346085474396  1.4285428941432787 34.440546643030515 pid14ca
31.782527409881634  2.728458441828374 37.239444293538384 pid1484
33.44307786751178  2.523564707968286 38.490207283448356 pid14c6
33.914234472641944  1.8489328467428452 37.61210016612763 pid1488
34.578899559090296  1.8736250872464177 38.32614973358313 pid14bf
34.81639894044086  1.2970017759414425 37.41040249232375 pid149d
35.65910279756746  2.5530659541993286 40.76523470596612 pid14de
36.58512391686103  2.2302119491146533 41.04554781509034 pid1454
36.58857810480198  2.2048234589373625 40.998225022676706 pid14b1
36.61369935210149  0.980616126929234 38.57493160595996 pid145d
37.02066926115718  2.141843073313929 41.30435540778504 pid146c
37.13361451356326  0.797154787710652 38.727924088984565 pid14ad
37.286839909355585  1.6748359509694315 40.63651181129445 pid149e
37.36401275320167  1.5471507691031392 40.45831429140795 pid14ba
38.439810864232115  0.9067867130732434 40.253384290378605 pid1477
39.45399791154354  2.3451436428862795 44.144285197316094 pid14b2
39.55174230524787  2.867111812953398 45.285965931154664 pid1485
41.31901317350668  0.7196562104666394 42.75832559443996 pid1450
41.573682452598746  2.634584372067492 46.84285119673373 pid14cf
42.14960525590061  1.0713898718764536 44.29238499965352 pid146b
42.62541993560153  2.853442345945277 48.33230462749208 pid1464
43.86926535255456  2.350332320353247 48.56992999326105 pid14b7
44.310947894729026  2.9444191768237538 50.19978624837653 pid14af
44.40381121220486  2.4509070132233157 49.30562523865149 pid1451
44.4112728392018  2.280654836026801 48.9725825112554 pid14d0
44.70781707112417  1.9125974694833245 48.533012010090815 pid148a
46.25834874555639  1.95084912647732 50.16004699851103 pid145e
46.501322279617256  2.1580936115165357 50.817509502650324 pid14a7
46.849965670144876  2.8220567189068726 52.49407910795862 pid14c4
46.99354140245009  0.653961262121515 48.301463926693124 pid14c2
47.57001433924041  1.447776817968173 50.465567975176754 pid1466
50.08197316379523  1.06699705176973 52.21596726733469 pid1452
50.21313451801079  0.8216367659559646 51.85640804992272 pid1490
54.76500776137968  2.326675525368609 59.41835881211689 pid14b4
56.806854797334296  2.4603554358799693 61.72756566909423 pid14d7
58.82018677856872  2.552629398804501 63.92544557617772 pid1458
58.82562109661551  1.688921523696242 62.20346414400799 pid148b
59.399833540520255  2.1342054588044594 63.66824445812917 pid1498
62.58622852523396  0.6526417163030315 63.891511957840024 pid1481
63.51427861674587  2.6849741766350665 68.884226970016 pid146e
64.2447612182789  2.3272901069999357 68.89934143227876 pid14cb
64.37893701518504  2.768290645486232 69.91551830615751 pid147e
64.84125695493755  2.9893265129267026 70.81990998079095 pid147d
65.04503057226019  2.668618213672356 70.3822669996049 pid14b6
65.0683573066156  1.8179738597678359 68.70430502615127 pid1460
65.25410884493698  1.3691122437312455 67.99233333239947 pid1478
65.94474115458347  1.7869929935646374 69.51872714171274 pid14a1
66.20218810186324  2.8354709069052095 71.87312991567366 pid149b
66.80556901459414  2.6063465389437193 72.01826209248158 pid14b9
67.7694189308648  0.7716493921359213 69.31271771513664 pid14ac
67.81322207301291  0.707157290293086 69.22753665359909 pid14c3
69.04312032261498  0.6802823982738886 70.40368511916276 pid1462
71.70469986008155  1.555474036339592 74.81564793276073 pid147a
72.05271842412964  1.5466724811299102 75.14606338638946 pid14a3
72.12791471457115  2.6812400763850697 77.49039486734128 pid1467
72.60593695307553  1.7766651297455645 76.15926721256666 pid146d
72.93389236508628  1.6880370585591549 76.30996648220459 pid1471
73.83961646575405  2.4764012640439956 78.79241899384203 pid14d8
73.89667047530646  0.7212934467845613 75.3392573688756 pid1455
74.92625050901962  1.4336206078659228 77.79349172475148 pid1456
75.5639214137  1.9981476909852232 79.56021679567044 pid14c0
78.4995730108083  0.7938169318658834 80.08720687454007 pid14e5
79.03346332842754  0.537707598023293 80.10887852447414 pid14dc
79.0956362499288  2.346960832165333 83.78955791425946 pid14d6
79.25260835438267  1.5056025274287763 82.26381340924023 pid1459
79.839721531209  0.5484775919454055 80.93667671509981 pid14ae
80.01196609696053  1.348138580707937 82.70824325837641 pid14d5
80.61720446525622  2.031335895468854 84.67987625619394 pid1497
80.8132155219149  1.520106124491932 83.85342777089876 pid14ab
81.42778599026906  2.0732200430187016 85.57422607630646 pid147c
81.59130277370765  2.5754766667338425 86.74225610717534 pid14d2
82.1773967880133  1.5432283121072965 85.26385341222789 pid1469
82.35417068391392  1.645356897722368 85.64488447935865 pid1496
82.3721766776714  1.7819019235160067 85.93598052470342 pid14be
82.60452688409488  2.148411862336461 86.9013506087678 pid14d9
82.60745185286667  2.9972198577544176 88.6018915683755 pid1480
83.14912120802414  2.334004562229213 87.81713033248256 pid14c9
84.39043788139455  2.390002822446957 89.17044352628847 pid14c1
84.98522978523383  0.46682801858226064 85.91888582239835 pid147f
87.45950549296109  2.344675173980724 92.14885584092254 pid14b8
88.21451226180844  2.878187997204367 93.97088825621717 pid1463
88.23700736787457  1.1465185220097296 90.53004441189402 pid1479
89.43532000242901  1.4745851068887879 92.38449021620659 pid14b3
89.94455016725618  1.842766372660364 93.63008291257691 pid14c5
90.0241535836671  2.6083408072496685 95.24083519816644 pid14df
90.0917909291184  2.876329280417719 95.84444948995385 pid14d3
90.64223843406455  2.653638730933589 95.94951589593173 pid145c
90.73631216751147  0.8946873136369711 92.52568679478541 pid145b
91.0223326191812  2.577574009338534 96.17748063785827 pid14bb
91.21175461122569  2.344290935367309 95.90033648196031 pid1487
91.24658642674088  2.476628618096812 96.1998436629345 pid1482
91.68966977292766  2.445511242809756 96.58069225854717 pid1486
91.82792715413169  2.107476354021603 96.04287986217489 pid14a4
91.89743395757866  1.0314209954135485 93.96027594840575 pid14b0
92.22789216729865  0.8096729046396476 93.84723797657794 pid1491
92.74336124023716  2.9300874174384606 98.60353607511408 pid1465
93.3744505889522  1.0024246923254507 95.3792999736031 pid14c7
96.738550654417  2.742736538211623 102.22402373084024 pid1453
96.79666536925144  2.327788999440363 101.45224336813217 pid149f
98.23480963329023  0.9707758414898653 100.17636131626996 pid14c8
98.42465838001331  1.086447007526004 100.59755239506532 pid148e
98.42751309970767  1.1975659788775954 100.82264505746286 pid1474
99.55576991372672  2.767651562683669 105.09107303909406 pid1493
