0.27799043139223656  1.0458389538593327 2.369668339110902 pid1c8b
1.3868812429467625  3.1299580082861214 7.646797259519005 pid1ced
1.4776866959631163  4.84574615165959 11.169178999282297 pid1b58
1.851118652842627  3.1305983508942004 8.112315354631027 pid1c97
2.1867370410333975  1.6884037109071914 5.56354446284778 pid1bc8
2.5949689990153346  4.351011929291498 11.29699285759833 pid1c1c
2.8371948874773967  3.4330300329659114 9.70325495340922 pid1c51
3.221761593596326  2.137823258300565 7.497408110197457 pid1cc1
4.1919536211314785  2.796188091065814 9.784329803263105 pid1c99
4.326382256486827  4.635231494592246 13.59684524567132 pid1c86
4.610912437016868  3.2715705039398366 11.15405344489654 pid1bd4
6.379673711819356  4.220729306458159 14.821132324735673 pid1b7a
6.872454557463465  1.5778677508136312 10.028190059090727 pid1bd3
7.5907449476243105  2.611382250378379 12.813509448381069 pid1c46
7.627895291079718  1.5655387119065107 10.758972714892739 pid1cb7
7.907252136707554  2.1390686953131923 12.185389527333939 pid1ce5
8.184307385041897  3.308632335411499 14.801572055864895 pid1b7c
8.373119109822223  2.913257427154111 14.199633964130445 pid1c2e
8.42273829229298  3.5119627022076942 15.446663696708368 pid1c6a
8.767918722049657  4.749214389800173 18.266347501650003 pid1bf0
8.940565790286357  2.4979287419368985 13.936423274160154 pid1b60
9.330215455717578  4.746970276183401 18.82415600808438 pid1c73
10.331024713515628  4.070181410538139 18.471387534591905 pid1b78
10.613057824960084  1.51603613060241 13.645130086164905 pid1bb4
10.788632243205921  2.7592860221043405 16.307204287414603 pid1ccc
11.039479828609862  1.5981862953592638 14.235852419328388 pid1cfe
11.27151166204457  4.826842119621444 20.92519590128746 pid1b71
11.566310829443335  2.824205837843191 17.214722505129718 pid1ce0
11.589704473121461  3.005325875119743 17.600356223360947 pid1ce6
13.102108081650293  3.8607222470376685 20.82355257572563 pid1bf4
13.899976085960226  4.028312938719184 21.956601963398594 pid1cee
14.099348165917835  1.2487186234984295 16.596785412914695 pid1bb2
14.301193776923931  2.947547153326117 20.196288083576164 pid1ca4
14.397200308529236  1.5771662740455246 17.551532856620284 pid1bdd
14.750315895271008  4.087534596203832 22.92538508767867 pid1bed
15.155300476850124  1.1244229964571453 17.404146469764413 pid1c2b
15.251874924970446  1.0002555283353365 17.25238598164112 pid1bdf
15.560250689441784  3.23044488970511 22.021140468852003 pid1ba5
15.67807712978655  1.0202889682967058 17.71865506637996 pid1c70
15.98839048333515  2.2474393432397184 20.483269169814587 pid1c9e
16.31126431567605  3.173436869413173 22.658138054502395 pid1d14
16.372008799414917  2.1671353167296146 20.706279432874148 pid1d19
16.384142182187766  3.898764382063981 24.181670946315727 pid1bc3
16.44162004403519  4.208930584201597 24.859481212438382 pid1b6c
17.381801061131686  3.983989858857123 25.349780778845933 pid1ce7
17.40591759932062  4.324267408561562 26.054452416443745 pid1bcf
17.962262375286944  4.8810379678610545 27.724338311009053 pid1c90
18.683235161828286  4.341021466970304 27.365278095768893 pid1c8c
18.978763470389477  3.041912231832949 25.062587934055376 pid1b8a
19.372230252303474  4.069752744788895 27.511735741881264 pid1c63
19.61312586509278  1.9457657122187455 23.50465728953027 pid1c04
19.976773654734806  1.4566488533113895 22.890071361357585 pid1cf2
20.73884751904809  2.158112045323779 25.05507160969565 pid1ce8
21.84891138320613  1.3830763844388634 24.615064152083857 pid1cc5
22.28515383676398  3.65226498675554 29.58968381027506 pid1d0d
22.30435520552321  1.0716881895311925 24.447731584585593 pid1bf1
22.41665352638248  3.636139959522596 29.688933445427672 pid1c98
23.473790205376833  4.244262251237257 31.96231470785135 pid1c20
24.241398818931874  1.9666030277788247 28.174604874489525 pid1c43
24.767275364408377  2.0760094525885298 28.919294269585436 pid1be8
25.028081710268985  4.413463272889142 33.85500825604727 pid1be9
25.59604474806747  3.099071648896407 31.794188045860285 pid1ba7
25.97887164062766  3.655618589099484 33.290108818826624 pid1cea
26.13780856441143  4.5114331398398715 35.160674844091176 pid1b5c
26.162133757241573  2.839111472596461 31.840356702434494 pid1bda
26.65615770098384  4.908379709925285 36.47291712083441 pid1bfb
26.943781603973854  2.100096767752302 31.143975139478457 pid1c22
27.31423875445255  3.76007960401872 34.83439796248999 pid1c93
28.52386468171134  2.6699348427885976 33.86373436728854 pid1bad
28.633618143625675  1.108501803477028 30.85062175057973 pid1b7b
28.9008857837623  4.468448235506774 37.837782254775846 pid1c2a
29.924116246166808  3.9333257891747917 37.790767824516394 pid1cd5
30.49157441932454  4.4766010280634845 39.444776475451505 pid1bc6
30.869514853277764  1.2460964448433058 33.36170774296438 pid1bd2
31.50182062579787  1.05560443868442 33.61302950316671 pid1ba8
31.551822054301333  2.5421909286657143 36.63620391163276 pid1b64
31.996873552689166  3.8042725171065332 39.60541858690223 pid1cb4
33.18912218062462  1.3475899410807464 35.88430206278611 pid1cb2
33.7125355217402  4.112677539943354 41.937890601626904 pid1cbe
34.035956608143266  1.4156124882883083 36.86718158471988 pid1c2f
35.03086856079746  4.394844828530662 43.82055821785878 pid1ce3
35.18923962861395  1.180136028945542 37.54951168650503 pid1b62
35.306105134951665  4.228272069365136 43.76264927368194 pid1cfa
35.80041147249496  1.0452640455637066 37.89093956362237 pid1d05
35.883928465869175  4.041183664877754 43.96629579562468 pid1b9c
36.41779276095705  1.5758105806857765 39.5694139223286 pid1cb0
36.44237122844859  3.9023228550762257 44.24701693860104 pid1b6d
36.78023400110452  2.066648145761128 40.913530292626774 pid1c1d
37.36772257444585  2.13889166822525 41.64550591089635 pid1c27
37.47652237921466  1.176227020868287 39.82897642095123 pid1bc5
37.51250649444281  1.0666203666980154 39.64574722783884 pid1bbb
39.55336322958026  2.8552682067244 45.26389964302906 pid1c85
39.75280886968194  4.74177701629856 49.23636290227906 pid1c39
39.76317338159075  2.9478697596065917 45.65891290080393 pid1c5c
40.10582718024597  3.418364280545717 46.9425557413374 pid1c4a
41.611588094032335  3.6250995627642015 48.86178721956074 pid1c69
41.747549510630414  1.192767553954949 44.13308461854031 pid1d0c
42.1983033226831  4.289823431280972 50.77795018524505 pid1c4f
43.27798587690048  3.091663307433829 49.46131249176814 pid1b74
43.92207953014732  3.91025347493305 51.74258648001342 pid1c64
44.1158870775399  3.059718987951166 50.23532505344223 pid1cca
44.1721919229571  3.8629695662900296 51.898131055537156 pid1c9d
44.85090804522425  4.074634913661489 53.000177872547226 pid1c1b
45.153270451362786  2.8802348169273273 50.91374008521744 pid1cc0
45.330340316655  2.4475166792913976 50.22537367523779 pid1d0f
45.5102399882412  3.0175406149446977 51.545321218130596 pid1cae
46.06930758274652  3.7569287929390596 53.58316516862464 pid1b7f
46.176988772793514  3.8955952818751203 53.968179336543756 pid1cd2
46.71301343083813  2.425962169592853 51.56493777002384 pid1bde
47.952773955485036  2.629437418114918 53.21164879171487 pid1cf6
48.0118196917514  4.644195904179702 57.300211500110805 pid1c58
48.17469539311572  1.5450469641850484 51.264789321485814 pid1c6e
48.7296178881741  2.3847678096705507 53.499153507515196 pid1c33
48.988869613954975  2.115654866733413 53.220179347421805 pid1c34
49.16492525398154  4.156925785062372 57.478776824106276 pid1cf3
49.19904655182636  4.2819239321740294 57.76289441617442 pid1b82
49.421917493829  1.6027085699364734 52.62733463370195 pid1cde
49.48109820876858  4.055059890807665 57.59121799038391 pid1cc3
49.6882878407408  2.441572062225281 54.57143196519136 pid1c45
51.74461265523586  3.6988901599856168 59.142392975207095 pid1b97
51.92819975267437  3.844678471858182 59.61755669639073 pid1bc1
52.428190327217706  4.882864706070915 62.193919739359536 pid1c77
52.87245057080368  2.926378087958589 58.72520674672086 pid1ca1
53.1434162674684  4.474959698621933 62.09333566471227 pid1c8a
54.23042499999775  3.3448790046875407 60.920183009372835 pid1b61
54.89252900723837  4.36841790999972 63.629364827237815 pid1d00
55.19559449022499  4.157985440782116 63.511565371789224 pid1b73
55.25133352490792  3.2998551449638343 61.85104381483559 pid1bf5
55.279120591817026  2.77105736350049 60.821235318818005 pid1cbd
55.46182033087889  4.331428780670787 64.12467789222046 pid1bbd
56.22230502940807  2.2988322646885884 60.819969558785246 pid1b69
56.36272770679144  4.937765379356678 66.2382584655048 pid1b7e
56.39510531332004  1.2313965083681455 58.85789833005633 pid1c62
56.72565595482977  4.7718517211802665 66.2693593971903 pid1cc9
57.578216186818594  2.9741733869312483 63.52656296068109 pid1b5f
58.114970114446095  2.2311215980748367 62.577213310595766 pid1d15
58.1292928170283  3.3154431513459954 64.76017911972029 pid1d10
58.177686240459515  1.6323440040510127 61.44237424856154 pid1bec
58.876624303287805  4.315962746865473 67.50854979701876 pid1d17
59.04712517892742  3.6893389720958063 66.42580312311904 pid1bc7
59.06212622491194  3.2152752544287857 65.49267673376951 pid1b9d
59.50680143931956  4.5782065964681555 68.66321463225587 pid1c8d
59.76527574018865  3.336778389325906 66.43883251884046 pid1c3f
60.099329237205815  4.337132596905411 68.77359443101663 pid1c94
60.985309839821646  1.642235970676547 64.26978178117474 pid1c0e
61.42428829048875  3.771126282159408 68.96654085480756 pid1b81
61.80727625875844  2.994114014196755 67.79550428715196 pid1ca5
62.011617686078395  1.996314687116263 66.00424706031092 pid1ceb
62.236572409339615  2.7874925782999416 67.8115575659395 pid1cdd
62.76257822413463  4.683232387834085 72.1290429998028 pid1bb6
63.45264678893751  2.7103032360511254 68.87325326103976 pid1cdf
63.50576434041982  4.1960170040694225 71.89779834855867 pid1b5e
63.573195464668345  1.1774568553192242 65.92810917530679 pid1d18
64.10930203690869  3.9297307313089798 71.96876349952664 pid1c78
64.15954248825493  3.8135263166620033 71.78659512157894 pid1c41
64.18949901052312  4.541873985986177 73.27324698249548 pid1cf5
64.83655245886641  2.71220085035775 70.26095415958191 pid1c4c
65.10649900295915  1.908081449656001 68.92266190227116 pid1bcc
65.16761321294356  3.445413904315097 72.05844102157376 pid1c50
65.64337115499512  1.5519644056306068 68.74729996625634 pid1c89
65.71085818872886  2.0470473457351104 69.80495288019908 pid1d0b
65.98239163191738  4.994773555852163 75.9719387436217 pid1bae
66.21500449439225  4.080734762022366 74.37647401843698 pid1cd0
67.90437329102495  2.306097599048717 72.51656848912239 pid1cf9
67.9145889415172  2.1004981188202243 72.11558517915765 pid1b72
68.52580980577693  4.123246305835041 76.77230241744701 pid1b95
68.57430519016064  3.22740969446701 75.02912457909466 pid1cdb
68.69393866497211  2.9572143772322623 74.60836741943663 pid1c42
69.64680596730935  1.7548933124826815 73.1565925922747 pid1b68
70.0064947997128  1.2749151868511528 72.5563251734151 pid1c56
70.14514660697354  1.9610912977780104 74.06732920252956 pid1cb6
71.26771715624919  2.0536595659339154 75.37503628811702 pid1d04
71.85232959814623  3.285280528364624 78.42289065487547 pid1b77
72.02007814274282  1.83270730149037 75.68549274572356 pid1c53
72.99683935561698  4.538361169457592 82.07356169453217 pid1d08
73.7335126086878  3.9676660900572522 81.6688447888023 pid1cd3
73.99995155233678  4.294853239099538 82.58965803053586 pid1b5a
74.19724665754109  2.7867876701828456 79.77082199790678 pid1b76
74.72064228239229  4.372368523954802 83.4653793303019 pid1c3c
75.16279257012894  2.9793087920988 81.12141015432654 pid1b86
75.72145070150108  3.337044644338935 82.39553999017896 pid1c8e
75.99517636412926  2.5368682719751545 81.06891290807957 pid1c31
76.20471545103227  3.7069790949230854 83.61867364087844 pid1b83
76.2379109535845  1.6664635074749659 79.57083796853443 pid1ba3
76.6239214423403  1.7316946967546438 80.08731083584959 pid1c01
76.71802077246257  3.3191913702908407 83.35640351304424 pid1d0a
77.33194237300435  4.360762073499427 86.05346652000321 pid1c52
77.71241412286619  4.308189722847164 86.32879356856051 pid1c18
77.89400440583074  1.1970150908824455 80.28803458759563 pid1c03
78.22098614352085  4.136870103648318 86.49472635081749 pid1bd9
78.44016017644627  3.833933645741315 86.1080274679289 pid1c3e
78.6362771291768  4.620862727102836 87.87800258338248 pid1b96
79.56401773784518  3.5412974621125985 86.64661266207037 pid1c68
80.13036325270336  1.3684230569563636 82.8672093666161 pid1c74
80.30065695147216  1.6719879070296613 83.64463276553148 pid1c17
81.6612598432382  1.6388700342665494 84.9389999117713 pid1cac
81.77731156250434  4.352433136433146 90.48217783537063 pid1c16
81.9049191741802  2.422251575976743 86.74942232613368 pid1c47
82.47490763450669  2.8784883235464642 88.23188428159962 pid1c91
83.36481876815033  3.12505908461994 89.61493693739021 pid1c87
83.8077764455378  3.584824351209631 90.97742514795706 pid1b85
84.32357053084564  1.1472536762303478 86.61807788330634 pid1bee
84.75745940685121  1.3260421937940086 87.40954379443923 pid1bdb
84.77188887082967  2.998610846121326 90.76911056307232 pid1c80
84.97545012426158  4.439648597523463 93.85474731930852 pid1c1e
85.42277296728187  4.544149144608248 94.51107125649837 pid1be7
85.58385933167905  1.9317738392943746 89.4474070102678 pid1ccd
85.81691905603978  3.96144673341023 93.73981252286023 pid1c7f
85.91296761416555  2.368069800711105 90.64910721558776 pid1be3
86.53619452309945  2.9908329682384904 92.51786045957644 pid1c54
86.7709545002781  1.9703383191152803 90.71163113850865 pid1c38
87.35464890507474  3.617855920127995 94.59036074533073 pid1bdc
87.77075629831953  1.9880190890962965 91.74679447651212 pid1ca8
87.98957723303079  2.925959151126553 93.8414955352839 pid1ce9
88.00126805419238  3.9788973711885816 95.95906279656954 pid1c75
88.56002823196222  3.2587202141637897 95.0774686602898 pid1cc6
88.70510704431832  1.2897990475470507 91.28470513941242 pid1bfd
89.04181632579721  3.111677822872181 95.26517197154158 pid1bd1
89.54045665523581  4.277959434725595 98.096375524687 pid1b6b
89.79778994107438  3.6030658261760324 97.00392159342645 pid1beb
90.64370883738704  2.882408584004229 96.4085260053955 pid1bb0
90.69059009863614  1.1199600268787195 92.93051015239358 pid1c57
90.71553605834876  3.5740615877572957 97.86365923386336 pid1ce1
90.84292120841823  1.4380743849744286 93.71906997836709 pid1c24
91.19522944816718  4.387641794159496 99.97051303648618 pid1b89
91.30618191634119  4.636283585828436 100.57874908799806 pid1bb1
91.42548114548768  2.469559610590047 96.36460036666777 pid1b84
91.62418079660803  1.7931602625698666 95.21050132174776 pid1c88
92.18095879023365  3.911241768830575 100.0034423278948 pid1c30
92.41830184426698  4.24724959736995 100.91280103900688 pid1c5f
93.0733814741212  1.4849845218190452 96.0433505177593 pid1d11
93.08277699292678  2.54984492005277 98.18246683303232 pid1cdc
93.24402004069572  2.957526177726029 99.15907239614778 pid1c4d
93.28191473216275  3.0779453338789873 99.43780539992072 pid1c79
93.79586620073471  4.0852619021834204 101.96639000510154 pid1c0f
93.92192514069406  3.9249172457477157 101.77175963218949 pid1cf0
93.93853873487319  2.0955569055899255 98.12965254605304 pid1ba0
94.95522528747482  3.020909551857685 100.99704439119019 pid1bd0
95.04420428980626  1.9262111421225474 98.89662657405135 pid1b6e
95.59107817428304  3.9068489625496174 103.40477609938227 pid1cb8
98.14946369482709  4.257367831710349 106.66419935824779 pid1ca7
98.40602190355129  3.811814146388925 106.02965019632914 pid1b87
98.55249230691204  2.307009196740694 103.16651070039343 pid1c67
98.57896883195487  4.100313875947873 106.77959658385062 pid1b98
99.82930230708669  3.4694930132259856 106.76828833353866 pid1bc9
99.84427693425873  3.8296648756050047 107.50360668546874 pid1cfd
99.91134040800183  3.5958519083390494 107.10304422467993 pid1c0d
100.03619083314443  3.9974812848327574 108.03115340280995 pid1c3a
100.11771534596636  1.1266360759163874 102.37098749779913 pid1cd7
100.19003534053427  4.089570194211142 108.36917572895655 pid1b63
100.30869186534495  4.341733851883516 108.99215956911199 pid1ba6
100.31208176136042  3.2035578338918156 106.71919742914405 pid1cbb
100.51253817397657  2.6845967168237888 105.88173160762415 pid1d13
101.42223186479633  3.060654379106894 107.54354062301012 pid1cd9
101.79662442224011  4.216039605793938 110.22870363382799 pid1c0a
101.84277295581887  4.326814175196196 110.49640130621127 pid1c6d
102.16926647468249  3.0699112622091045 108.3090889991007 pid1bbe
102.21584935855358  4.1420101475969044 110.4998696537474 pid1bf8
102.97526070839062  2.5159403784880725 108.00714146536677 pid1c19
103.37781545624978  3.9630072627559323 111.30382998176164 pid1c3b
103.73966223443273  1.8163694093758145 107.37240105318436 pid1cbc
103.82228959904553  2.3908854894427 108.60406057793094 pid1c65
104.06334657172886  3.3839237318911644 110.83119403551119 pid1b8b
104.16711048465895  3.493790064933189 111.15469061452532 pid1b65
104.4129708289311  2.3413347412805643 109.09564031149222 pid1bbf
104.47499066325165  4.0364506910831786 112.547892045418 pid1c29
105.08988323024265  1.915288125280338 108.92045948080333 pid1bd8
105.47328658834608  4.717384511728229 114.90805561180254 pid1d02
106.06928938848927  2.3187864892468553 110.70686236698297 pid1b59
106.29528075781633  1.745282149537875 109.78584505689207 pid1ba1
106.40765853603352  2.0310745615058905 110.4698076590453 pid1b9f
106.62916828737566  4.915064785574668 116.45929785852499 pid1cce
106.65509384047218  4.223717127690532 115.10252809585324 pid1cfb
107.53473882608385  1.7234291612456345 110.98159714857512 pid1b94
108.28551649690161  2.183443044173293 112.6524025852482 pid1ce4
109.69145187695116  1.228612185278037 112.14867624750724 pid1c2d
109.83548476401143  2.7105978336857715 115.25668043138297 pid1d07
109.96050824354025  3.230377780349525 116.4212638042393 pid1ce2
110.11436781001856  1.4473856672266217 113.0091391444718 pid1c36
110.57766166325905  4.249607396841901 119.07687645694286 pid1c4b
110.81253126055483  3.4021185881965117 117.61676843694786 pid1cb9
112.01306191301748  2.1600081950832837 116.33307830318405 pid1c06
112.53624688034496  4.052152352671102 120.64055158568716 pid1c21
112.71417051707988  4.395639100220779 121.50544871752143 pid1b79
113.276720917348  3.6183494491653185 120.51341981567865 pid1b6a
113.94708374351517  1.9057408421071442 117.75856542772945 pid1bb8
114.33429983568391  2.0238495951779654 118.38199902603984 pid1c9f
114.34198170793923  3.1863690659706867 120.7147198398806 pid1bf6
114.45397903177852  3.781876630896896 122.01773229357231 pid1c05
114.47956890752403  1.7591849067125374 117.9979387209491 pid1d16
115.00503911728741  4.291511163120967 123.58806144352934 pid1c26
115.01293114558372  3.7917520754312135 122.59643529644615 pid1bbc
116.07430112381311  1.6078465358841743 119.28999419558146 pid1b91
116.38257427133684  1.8143752922191756 120.01132485577519 pid1bc2
116.5503732046162  4.179459221376955 124.90929164737011 pid1bcd
116.8813382992635  2.486492481780099 121.8543232628237 pid1c72
116.91001038323083  1.2866996501658985 119.48340968356263 pid1c2c
116.98968760138439  4.986706801465488 126.96310120431536 pid1d09
117.14720689990313  1.2877183864450452 119.72264367279321 pid1cab
117.22761338260126  4.620757235797544 126.46912785419636 pid1cd4
118.96036374024585  2.4417553350639074 123.84387441037367 pid1c82
119.28357511496786  2.845792420040189 124.97515995504824 pid1c71
119.57269693756012  4.709005915925385 128.9907087694109 pid1be5
119.7342107785881  3.107556403112726 125.94932358481356 pid1c83
120.34451830552862  1.1257787021538488 122.59607570983633 pid1c9b
120.57738285876437  1.5332523074881297 123.64388747374062 pid1c1a
120.74327976190224  1.9401272165929933 124.62353419508823 pid1c92
121.04730780789278  4.483288618120657 130.0138850441341 pid1cc8
123.35893757800876  2.8816812499522793 129.1223000779133 pid1c81
123.75886711552819  1.9283161764506165 127.61549946842942 pid1bd5
123.87274864927998  3.851943245089982 131.57663513945994 pid1c15
124.12850375626516  1.554779896126747 127.23806354851865 pid1b8d
124.42984446977432  4.143390176256732 132.7166248222878 pid1ba4
124.74883315852443  2.033500576940784 128.815834312406 pid1ca6
125.49692880885435  1.8401262443394133 129.17718129753317 pid1c76
125.870000738915  1.7316692177691428 129.33333917445327 pid1d06
126.49551669419762  1.1665970045036254 128.82871070320488 pid1c00
126.56173536499561  4.572523840876153 135.70678304674792 pid1b5d
127.01712435039191  2.4554904851455652 131.92810532068304 pid1ccb
127.04033997102466  2.0083931863101716 131.057126343645 pid1c66
127.043823607308  2.4222821020938166 131.88838781149562 pid1be1
127.09677170154532  2.584794883863286 132.26636146927189 pid1b75
127.29704453927265  2.2239650694553417 131.74497467818333 pid1c55
127.43975782027464  1.1360106161197847 129.7117790525142 pid1cf8
127.96325986260226  2.0704653159144253 132.1041904944311 pid1c08
128.82977726563917  3.097533911905308 135.02484508944977 pid1ccf
128.9162969148018  2.88430167985972 134.68490027452123 pid1c7c
129.91992540603354  2.221920983262096 134.36376737255773 pid1bd6
130.03910839125714  1.267374231250796 132.57385685375874 pid1b8e
131.32449515094325  4.6768673993346574 140.67822994961256 pid1bfc
131.43727387399065  1.369504225495687 134.17628232498203 pid1bea
131.7612703600059  4.347784729210894 140.4568398184277 pid1c14
131.99089749177105  4.350579962716505 140.69205741720407 pid1c10
132.34128540159617  1.7119692773589086 135.76522395631397 pid1bf9
132.40978780490985  1.4070562365167927 135.22390027794344 pid1c5e
133.2915211658232  3.594886642679482 140.48129445118218 pid1c7b
133.9095787419796  2.137425023876333 138.18442878973227 pid1cff
134.04891637740874  1.2808498102745496 136.61061599795784 pid1c7d
135.2696495414032  4.846313610937001 144.9622767632772 pid1b8f
135.497579592725  3.6667491171040223 142.83107782693304 pid1bca
135.64050885624988  1.6770618027654014 138.9946324617807 pid1be2
135.85914754716333  3.9722965122995157 143.80374057176238 pid1b88
136.05781738171314  3.7502221096722184 143.55826160105758 pid1baa
136.3989387971653  1.0537634155612494 138.5064656282878 pid1bba
136.9206730503815  3.9451346940983925 144.8109424385783 pid1b66
137.3883875801545  4.169398912821514 145.7271854057975 pid1b9e
138.02786376341078  4.0085151324658606 146.0448940283425 pid1ca9
138.15170849279073  2.3015290847715173 142.75476666233376 pid1cf1
138.70681559450168  3.7389062519890697 146.1846280984798 pid1cc2
139.0354681975889  3.251078866179639 145.53762592994818 pid1c37
139.1341787771985  1.3992443954897817 141.9326675681781 pid1bcb
139.92529189517407  3.5644725057281392 147.05423690663034 pid1bef
139.96386636252407  2.6591344143631193 145.28213519125032 pid1cd6
140.0590640435849  2.1487872243295763 144.35663849224406 pid1b5b
140.4651849148587  3.4376124309411242 147.34040977674096 pid1caa
140.79892975713486  3.57745595847066 147.9538416740762 pid1cba
141.0921555034069  1.258974360536104 143.6101042244791 pid1cc7
141.28517503946787  2.229890452649309 145.7449559447665 pid1c09
141.99544252358095  4.114412545139306 150.22426761385955 pid1cf7
142.41599991037236  2.525215004426172 147.4664299192247 pid1ba2
142.43570014263784  3.6003147093049455 149.63632956124772 pid1b92
142.52176127646754  3.5720529765707405 149.66586722960903 pid1b80
142.66324709443597  4.452222445225685 151.56769198488735 pid1b6f
142.78356762630904  2.326857588222675 147.4372828027544 pid1c59
142.94698431368397  1.7284328728518172 146.4038500593876 pid1b90
144.4171762712911  1.4915758229287395 147.4003279171486 pid1c13
145.63916761741854  3.6327051561495427 152.90457792971762 pid1c49
145.87349143622623  1.234208639109878 148.341908714446 pid1bfa
145.99460235707747  4.213936427882584 154.42247521284264 pid1bb3
146.3011362962375  1.533466781061637 149.36806985836077 pid1c0b
146.58158875064248  2.2033754254426947 150.98833960152788 pid1c1f
147.1396529311336  3.640026206685254 154.4197053445041 pid1bf7
147.2941359670035  2.0264041791097545 151.34694432522303 pid1b7d
147.3717373636223  3.9951783402209164 155.36209404406412 pid1be4
147.5536210670953  4.467922146089917 156.48946535927513 pid1b93
147.5962430772886  3.012445479985987 153.62113403726056 pid1c6c
148.07342857434983  2.7568773663794905 153.5871833071088 pid1bfe
148.35581868901792  3.3892226473960454 155.13426398381 pid1c02
148.46124304085566  2.1242801553490374 152.70980335155375 pid1c9a
148.76918851348677  3.6432746733560273 156.05573786019883 pid1c12
149.00853617314408  1.7213223839001524 152.4511809409444 pid1c61
149.65048779580823  3.8732367181793745 157.39696123216697 pid1b99
149.6593438489974  1.3783420174545875 152.41602788390657 pid1bc4
150.51075235618887  4.5395210908337225 159.5897945378563 pid1c40
151.39663128392678  3.1491048445634275 157.69484097305363 pid1bd7
151.64323580019501  4.592917912201446 160.8290716245979 pid1cec
152.0520659882029  2.4806938391817597 157.01345366656642 pid1ca2
152.3492692389526  3.641813745481539 159.63289672991567 pid1cef
152.8167166078261  4.165105686286807 161.1469279803997 pid1b67
153.48144397351143  2.8047076430854085 159.09085925968225 pid1bb7
153.6719863435965  4.706104863461492 163.08419607051948 pid1cf4
154.06292100032607  4.21320555860118 162.48933211752842 pid1bff
154.25025802249033  1.2225856450545227 156.69542931259937 pid1cb1
154.3566627328009  4.837188093216028 164.03103891923297 pid1ba9
154.42203107526186  4.467018042468628 163.3560671601991 pid1be6
154.64380650846908  4.4745394334710955 163.59288537541127 pid1c96
155.04779693009627  2.6213094564206765 160.29041584293762 pid1b9b
155.1322256033541  4.369930447378527 163.87208649811114 pid1cfc
155.3066392300099  1.0774516369478992 157.4615425039057 pid1c60
155.58091759661176  4.9816371366422185 165.5441918698962 pid1cc4
155.6325629891545  1.4260078700716936 158.4845787292979 pid1b9a
155.69043437181648  3.5171087866915314 162.72465194519955 pid1c11
156.77219688577048  3.869885831250921 164.51196854827234 pid1ca3
158.88711857426605  1.0343758291376468 160.95587023254134 pid1c95
159.2218003495781  4.992299169760733 169.20639868909956 pid1cb5
159.35028438521297  3.25232799989162 165.8549403849962 pid1c5d
159.8219086950133  2.791682819901305 165.4052743348159 pid1c23
161.08766522257994  1.8177462977432248 164.7231578180664 pid1bac
162.2187458483389  1.3445116510663038 164.9077691504715 pid1cd8
163.79513957862352  2.7140474008520172 169.22323438032754 pid1d12
164.0146881535424  4.0491074994061425 172.1129031523547 pid1c07
164.02195495725798  1.478625610375265 166.9792061780085 pid1bf2
164.21511195677553  4.391126281547956 172.99736451987144 pid1bc0
164.88052568526865  2.8027240656583516 170.48597381658536 pid1bab
164.88549857756638  1.37280338709237 167.63110535175113 pid1c32
164.9228173880646  4.383634526950326 173.69008644196526 pid1c8f
165.02864093559876  3.837502917182639 172.70364676996402 pid1bf3
165.11690002440443  2.847390208485396 170.81168044137522 pid1c6b
165.3763653918443  2.506682449527413 170.38973029089914 pid1b70
165.65214974897378  1.6840338863454938 169.02021752166476 pid1ca0
167.12886030281228  1.9159918835787018 170.96084406996968 pid1baf
167.93970115605657  1.1391938625910742 170.2180888812387 pid1c25
168.50304778978906  2.151147111628841 172.80534201304675 pid1d0e
168.53386745726672  2.5214400515403588 173.57674756034743 pid1c35
168.55887885777676  1.0611779008595246 170.6812346594958 pid1c44
168.5930127250614  4.575610768105655 177.7442342612727 pid1bce
170.46089996300265  2.2719253999991293 175.0047507630009 pid1be0
170.8391945744126  1.2170340418510408 173.27326265811467 pid1bb9
170.88757741710094  4.223444288593633 179.33446599428822 pid1caf
171.77217665063247  1.2826868149303703 174.33755028049322 pid1cd1
172.38193766103197  1.711581840341935 175.80510134171584 pid1c84
172.92344156478924  3.193772781150053 179.31098712708936 pid1d01
172.98597969199372  1.2955433866412576 175.57706646527623 pid1c28
173.13082683919527  3.7133038198722574 180.55743447893977 pid1c9c
173.20015311823016  4.890044220068001 182.98024155836617 pid1c3d
173.5999274555082  1.2695182224740793 176.13896390045636 pid1b8c
173.6255608288117  4.775943209139655 183.177447247091 pid1cad
174.16316517787482  3.271744387124113 180.70665395212305 pid1c48
174.3726907054233  1.859006181524515 178.09070306847235 pid1c7e
174.86390118650834  1.350505697802439 177.5649125821132 pid1cb3
176.0655361883815  4.621760267526195 185.30905672343388 pid1cbf
176.9950616941435  4.772516229293559 186.5400941527306 pid1c6f
178.89052552063865  3.858183811637548 186.60689314391374 pid1c4e
179.01120036072808  2.6542266412513986 184.31965364323088 pid1bb5
179.29178505923113  4.713893132115847 188.71957132346282 pid1c5b
179.3487189559486  1.3826250084572722 182.11396897286315 pid1cda
179.3553237814383  3.980174982709576 187.31567374685744 pid1c5a
179.39150769356868  2.7794540919092623 184.9504158773872 pid1d03
179.6081947009246  4.051654097014152 187.7115028949529 pid1c7a
179.76705512642255  1.2447076395450187 182.25647040551257 pid1c0c
