0.7437765049615686  1.309466329958409 80.74377650496157 pidc17
2.183881167426188  1.0156078956243901 82.1838811674262 pidc03
2.589532425532287  0.8156541462540541 82.58953242553228 pidbc9
3.801862861271638  1.0297552814827111 83.80186286127164 pidbbe
3.8151297668842012  1.2739326193632414 83.8151297668842 pidbd8
6.664708058088769  1.6524579025995894 86.66470805808876 pidbfd
6.9452964462887845  1.809163377100888 86.94529644628878 pidbad
8.294261239832995  0.6691719610234683 88.29426123983299 pidbc3
8.495825911752036  0.8264066488786663 88.49582591175204 pidbb6
8.828444164264448  0.6733348070911114 88.82844416426445 pidbc6
9.356158589005087  0.5596205916756577 89.35615858900509 pidb90
10.670815793544925  1.044208761727389 90.67081579354493 pidba9
10.97028372583923  1.9058674347493496 90.97028372583924 pidbae
11.378082509963178  1.476668697587202 91.37808250996318 pidbe2
11.379226792360264  1.2974301886315305 91.37922679236027 pidbc1
11.459070586031817  1.924108590176685 91.45907058603181 pidba7
11.90128387444876  1.6691867072699391 91.90128387444877 pidc19
12.715841608984652  0.6574796785832843 92.71584160898465 pidc04
14.739559659923406  1.227333318479279 94.7395596599234 pidbef
15.25469248751431  1.622306136016232 95.2546924875143 pidbaf
15.375252999632782  0.5358826964711891 95.37525299963278 pidb86
16.441580758564665  1.2008669294886056 96.44158075856467 pidc13
16.493988790654342  1.9753082465611962 96.49398879065434 pidba6
16.53737396725955  1.1610287642744013 96.53737396725955 pidc01
16.623925225643188  1.4652256918904512 96.62392522564319 pidbca
16.72495321384804  1.8888958121946315 96.72495321384804 pidb8d
17.861645145269613  1.8435691834693786 97.86164514526962 pidb94
20.913733408078382  1.8270217448020543 100.91373340807839 pidbb2
22.24524502330351  1.687685262568258 102.24524502330351 pidbc7
22.781700209038462  1.1798414977837932 102.78170020903846 pidbb3
25.780180539594316  1.9691762550400185 105.78018053959431 pidbd1
25.858329335742596  1.6602651553507992 105.8583293357426 pidc02
27.234351668523527  1.6232838628755275 107.23435166852353 pidbfa
27.44928742132759  1.1113203938724792 107.4492874213276 pidbb9
28.363418211358223  0.5139591031456751 108.36341821135822 pidc07
28.469802037018354  1.371624285570861 108.46980203701835 pidb99
29.364406889184284  1.585963992116706 109.36440688918428 pidbe8
31.698086548702197  0.5268052126838989 111.6980865487022 pidbcf
36.931219058119964  1.6875113437916416 116.93121905811996 pidc15
37.09509221220745  0.9240605753266783 117.09509221220745 pidbe7
37.61270707654024  0.9886943643427502 117.61270707654023 pidbaa
38.7397444067909  0.587431832934215 118.73974440679089 pidbce
39.58710016099673  0.7071716990373826 119.58710016099673 pidc0b
39.64592751173653  0.5994908958465857 119.64592751173653 pidb9b
40.81764426490592  1.0780946642241434 120.81764426490592 pidbe5
40.9743606657578  1.0293961502706974 120.9743606657578 pidbdc
42.93403994071988  1.268915639584087 122.93403994071988 pidc10
43.06669213819478  0.7509702217657594 123.06669213819478 pidba3
43.39321447654593  1.2759331916752186 123.39321447654592 pidc0e
47.63737928693885  1.9691927122394912 127.63737928693885 pidc0d
49.56171526835745  0.9246765460607518 129.56171526835746 pidc00
51.25663669715252  1.4948010705592456 131.25663669715252 pidba8
51.268681736462966  1.4559563169138081 131.26868173646295 pidc0f
52.181429443492775  1.7881486804610063 132.1814294434928 pidbd3
52.495625433507534  1.762619303165196 132.49562543350754 pidb92
52.7056114283414  0.6203269615703175 132.7056114283414 pidb88
54.504745094904045  1.927898916781983 134.50474509490405 pidbf7
55.35074699165588  0.680231079270962 135.35074699165588 pidbf5
56.33781413447737  1.901831011933178 136.33781413447736 pidbd6
56.34110058487699  1.7692990198680638 136.34110058487698 pidb87
57.68607081072128  0.5379361529217024 137.68607081072128 pidb9a
60.696895074251316  1.3396435828810906 140.6968950742513 pidb91
61.812546692530915  1.279400276108182 141.81254669253093 pidbd0
61.96278027016756  1.8512020102966198 141.96278027016757 pidbc5
65.45680026461152  1.3683865905490276 145.4568002646115 pidbe0
66.24170077434191  0.6240810070029016 146.2417007743419 pidb8a
67.48396157337864  1.2992723625251794 147.48396157337862 pidba1
68.0456114371329  0.8595535519058165 148.0456114371329 pidc09
69.26348246068089  0.7364760202235731 149.2634824606809 pidbe6
70.61063121421186  1.603589745973783 150.61063121421188 pidc14
71.27300561788745  1.0762196098522916 151.27300561788746 pidb89
71.5001693906464  1.7565217724569657 151.50016939064642 pidbcd
71.7927779388407  1.4424662486401023 151.7927779388407 pidb93
71.82128530724755  1.1596362764227344 151.82128530724754 pidbcb
75.21757397639885  0.8989309859357155 155.21757397639885 pidbdd
78.3192313722817  1.6988298429653603 158.3192313722817 pidb8c
82.13822118120859  1.719847900686577 162.1382211812086 pidbf1
83.12477207790673  0.6894331538971157 163.12477207790673 pidbec
83.9010772502813  1.0931215999550794 163.9010772502813 pidbbf
84.51188003641359  1.041651338357873 164.51188003641357 pidbc8
85.42692489469746  1.6410296976896968 165.42692489469746 pidc05
85.83001890198508  0.6902316205876003 165.83001890198508 pidba0
86.19601903693547  0.7658685750898442 166.19601903693547 pidc1b
86.50530250125436  0.6146475293577334 166.50530250125436 pidb96
87.70952676161271  1.2797379358122107 167.70952676161272 pidbeb
88.51649243243865  1.101630770299844 168.51649243243867 pidbf9
90.75431659707097  1.4303533791779581 170.75431659707095 pidc1a
91.01467825456673  1.604418316736417 171.01467825456672 pidb8e
91.06863378925583  1.6733872752605294 171.06863378925584 pidbe4
91.15102723670635  1.9039321379763379 171.15102723670634 pidb8f
92.9834351156477  1.71656109172933 172.9834351156477 pidbd9
93.40791768220012  1.467019530458505 173.40791768220012 pidbb1
93.48781182658327  0.590238941665622 173.48781182658325 pidba4
94.56331318559016  1.0470661935115748 174.56331318559018 pidbc2
94.92761085354877  1.8665775907049722 174.92761085354877 pidb9e
95.04326290008319  0.600672749907466 175.0432629000832 pidc11
96.17280928976199  1.4958062368650762 176.17280928976197 pidbb4
98.28974334458235  0.8613213344483135 178.28974334458235 pidbfc
99.87478232938255  1.2408070244886562 179.87478232938255 pidbde
101.77696355952665  1.7464427970449552 181.77696355952665 pidbea
102.1584580424118  1.7968669141716709 182.15845804241178 pidbfe
103.08160176514464  0.7180761437263163 183.08160176514463 pidc0a
105.704629898072  1.4775865201251244 185.704629898072 pidb9d
108.0795936148164  0.800655751174778 188.07959361481642 pidbd2
108.27132494609413  1.169006737480427 188.27132494609413 pidbd5
108.72518053087217  1.0794874649596022 188.72518053087217 pidbb0
110.11138285785846  1.6638650446620689 190.11138285785847 pidbe1
111.42248314537416  1.7131708598040507 191.42248314537414 pidc08
111.87852998767434  1.6780304687075507 191.87852998767434 pidbf4
111.97857002675879  1.7514075792304622 191.9785700267588 pidbc4
112.73382143221716  1.1359574365497447 192.73382143221716 pidc0c
114.08879221871793  1.6068177129372725 194.0887922187179 pidbda
114.32095401650668  0.5161333734627636 194.32095401650668 pidbbd
116.04534995683096  1.0825989862592307 196.04534995683096 pidbed
116.09491515684891  0.7481687084718158 196.0949151568489 pidbbc
117.07484973663239  1.060737298571343 197.0748497366324 pidbe3
117.2444754927483  1.788618449204095 197.24447549274828 pidb97
117.99474270173646  1.1663657610439486 197.99474270173647 pidbf3
119.50198608161175  0.6907061444693317 199.50198608161173 pidba2
119.60381039257257  0.574189060714219 199.60381039257257 pidbf6
119.79033584442647  1.9952909600212994 199.79033584442647 pidb9c
120.53191875505748  1.783418501516926 200.53191875505746 pidbf0
125.1316336716063  0.9368319026920926 205.1316336716063 pidb95
126.28266483412125  1.8738238365991686 206.28266483412125 pidc18
126.65115845416207  0.6427915653205629 206.65115845416207 pidbf2
128.18620127010902  1.7908129093936995 208.18620127010902 pidbd7
130.67094984766405  1.5217900555763983 210.67094984766405 pidbba
130.8051850637233  0.835081080046072 210.8051850637233 pidbd4
132.13665339507807  1.99998230913354 212.13665339507807 pidbc0
132.25868139722456  1.1843923517732788 212.25868139722456 pidbab
132.3466839456365  1.2835137379065407 212.3466839456365 pidbcc
133.90330576635824  0.8234593540918322 213.90330576635824 pidb8b
134.2285018592356  1.0950872825475761 214.2285018592356 pidbdf
135.73274296885884  1.0078961252470866 215.73274296885884 pidb98
137.63374656397784  1.5197736353159765 217.63374656397784 pidbdb
139.4704421428379  1.5412722798725038 219.4704421428379 pidba5
139.60192060664315  1.592477478922522 219.60192060664315 pidbff
139.88161705149992  1.0933299568522399 219.88161705149992 pidb9f
140.85712982889711  0.5766321043516589 220.85712982889711 pidbfb
141.94584329005883  1.9759339614597091 221.94584329005883 pidbb7
144.69052907607986  1.9843552150634756 224.69052907607986 pidbb8
144.98120396875754  1.1927238902308295 224.98120396875754 pidc06
145.02693182142534  1.6563569396164692 225.02693182142534 pidbe9
145.68652557849205  0.6105063967453939 225.68652557849205 pidbee
145.71643109359542  1.673630714736242 225.71643109359542 pidc12
146.5817149628922  1.958651971543698 226.5817149628922 pidbbb
146.92879189964202  1.4642052111471255 226.92879189964202 pidbb5
148.00734698821623  1.834164989511871 228.00734698821623 pidc16
148.14627966007566  1.8104029707114586 228.14627966007566 pidbf8
148.48947851025545  1.3897018290693013 228.48947851025545 pidbac
