0.7436662321889054  1.0109226822679995 80.7436662321889 pid354c
0.9900830743812816  1.5039545829404977 80.99008307438127 pid3536
1.0218244186901426  0.8097911049400517 81.02182441869014 pid34fb
1.3331984951686748  1.4467538916491214 81.33319849516867 pid3447
1.5019669295213256  1.0507460272851774 81.50196692952133 pid347c
1.5647051449575122  1.709199004312736 81.56470514495751 pid355e
1.7969184768515  1.7950271977007164 81.7969184768515 pid3484
2.396328997761926  1.2356435289663341 82.39632899776193 pid353e
2.498792883381562  1.2243488094303672 82.49879288338157 pid357a
2.5180283175375076  1.5407242882796746 82.51802831753751 pid34c1
2.5221803011468644  0.7433654054129771 82.52218030114686 pid34ac
3.0751551987372396  1.1715030215826805 83.07515519873724 pid34d4
3.9345631548818707  0.7149008229902593 83.93456315488187 pid349d
4.631111629245227  1.1425580778887179 84.63111162924523 pid3443
5.2373440553471315  0.6112843253058707 85.23734405534714 pid3544
5.672007106389032  0.7348419864830573 85.67200710638903 pid344e
5.720604044758848  0.8038164622681065 85.72060404475884 pid34c0
5.895550573032432  1.290375086875907 85.89555057303244 pid348f
5.934608491077798  0.9890296353611332 85.9346084910778 pid3505
6.267365972950584  1.1952755186576858 86.26736597295059 pid3599
8.006323728615822  1.3723826723517372 88.00632372861583 pid34e0
8.077076472702927  0.5239986603673079 88.07707647270293 pid346b
8.10082778771683  1.023398244138499 88.10082778771682 pid350e
8.116999063300517  1.07624131903277 88.11699906330051 pid3520
8.528019193746623  1.0647894766576502 88.52801919374662 pid347b
9.059806549336196  1.0145636250035022 89.0598065493362 pid33fe
9.169468607178993  1.5510239453880477 89.169468607179 pid3519
9.25170827151659  1.305434203389739 89.25170827151659 pid3452
10.409078470992533  0.8422905424157449 90.40907847099254 pid3521
10.469104897507869  1.796761500196479 90.46910489750786 pid34d9
10.506926586729492  1.9060178105439873 90.50692658672949 pid343a
11.333685255314913  1.7934704196347289 91.33368525531492 pid3515
11.916794647867434  1.664496281368181 91.91679464786743 pid35b5
12.287009363412821  1.3490216887054958 92.28700936341282 pid3423
12.484726793021167  1.767553745020862 92.48472679302117 pid357f
12.532816095760019  1.9776095345086806 92.53281609576001 pid3562
12.581560229420925  1.4545913060874998 92.58156022942093 pid3591
12.598395393653734  0.8881086360421486 92.59839539365373 pid3499
12.736111901956804  0.8088143016671892 92.7361119019568 pid342f
13.554192468855202  1.7103249750156677 93.5541924688552 pid3438
13.953002697322564  1.2686354181556359 93.95300269732256 pid356f
14.542227317404045  0.6587491797016578 94.54222731740404 pid3540
14.542985391071317  1.8198063543564593 94.54298539107131 pid34d8
14.995029173000429  1.0228330484919752 94.99502917300043 pid3539
15.245724918094572  1.2273108096162364 95.24572491809457 pid352b
15.45290844681082  1.700533151686954 95.45290844681082 pid341a
15.4961495374772  1.2557686906493768 95.4961495374772 pid354e
15.832127099750426  1.9177264976496704 95.83212709975042 pid348d
16.209662587911726  0.5706695193026359 96.20966258791172 pid3543
16.34579662911742  1.0788185480918555 96.34579662911742 pid3491
16.730226708313843  1.5624973161146534 96.73022670831384 pid346a
17.10105437486315  1.503538472091701 97.10105437486315 pid345f
17.751816744696008  0.8003540111457654 97.75181674469601 pid35af
17.764359332141495  1.327789681966496 97.7643593321415 pid345d
18.316126257081145  0.693559478234663 98.31612625708115 pid3502
18.42177395190186  0.7506313520023596 98.42177395190186 pid341b
18.852434582164424  1.7493539870916233 98.85243458216442 pid3463
19.01399272510258  1.2378535459288484 99.01399272510258 pid356b
19.741520484082148  1.7673492607158057 99.74152048408214 pid3594
20.13517552175556  1.2746726355018834 100.13517552175556 pid3400
20.474150320832102  1.4473286579339437 100.47415032083211 pid349f
20.49739033738004  1.7269291521477532 100.49739033738004 pid3433
20.655078116975428  1.3672753551103587 100.65507811697543 pid35aa
20.684548400307396  1.9795413756672247 100.68454840030739 pid3585
21.115024334323113  1.2620650148230814 101.11502433432311 pid3453
21.15570407306988  1.6903958424925878 101.15570407306988 pid3574
21.70004961647347  1.7446263481378224 101.70004961647348 pid355f
22.4109746999263  1.0796884723361098 102.4109746999263 pid343f
22.586885620676846  0.869598179884822 102.58688562067684 pid34e6
23.09577883089243  1.977472592242963 103.09577883089243 pid3563
23.713522717331426  1.8575057645088378 103.71352271733143 pid3465
23.739400988705317  1.4329361542707588 103.73940098870531 pid3522
23.84681444309726  1.6202195672094564 103.84681444309726 pid3561
24.269439836634117  0.5497493096019026 104.26943983663412 pid34cc
24.47006988957701  1.4160755221280394 104.47006988957702 pid341f
24.7003258021545  1.2381128647171513 104.7003258021545 pid357e
24.707770001866525  1.8953498330060787 104.70777000186652 pid3462
25.018410232923845  1.1785655199767233 105.01841023292384 pid35ac
25.360379747696975  1.3925227934337796 105.36037974769698 pid3419
26.186384856411145  0.7794781158278499 106.18638485641114 pid3510
26.20587310027769  1.9549627081262122 106.20587310027769 pid3409
26.25534962465635  0.8142867369857463 106.25534962465635 pid34eb
26.514968484376915  1.8506444361850296 106.51496848437691 pid344b
26.613165336274676  1.6872400753166834 106.61316533627468 pid3414
26.699392752607054  1.5424426920318322 106.69939275260705 pid3555
26.758330538383753  1.7642665759076999 106.75833053838375 pid351d
26.846042774829975  1.3343438308100364 106.84604277482998 pid3494
26.86016785257618  0.6956768375979038 106.86016785257618 pid33fc
27.256496409391428  1.9676911934720769 107.25649640939143 pid34ea
28.167164202629852  1.064805615827824 108.16716420262985 pid33f6
28.570508007209565  1.7979764793486641 108.57050800720957 pid3550
28.74305229250836  0.9354302006645532 108.74305229250837 pid3410
29.216100565741538  1.4999532949069398 109.21610056574154 pid34b1
29.30258744585681  0.5834331149616974 109.3025874458568 pid34b6
29.31231692738978  1.114600793942669 109.31231692738979 pid3430
30.140840054631486  1.0976848159899917 110.14084005463148 pid34a0
30.253423460067115  1.8885787881470542 110.25342346006711 pid33f8
30.490758601532647  1.3934918571194999 110.49075860153265 pid34c8
30.877404232835516  1.2435135553073706 110.87740423283552 pid350b
31.05783817937548  1.5022475984543708 111.05783817937548 pid3424
31.127795700208804  0.8600249788018509 111.12779570020881 pid35b1
31.151380938804408  1.3236902967542759 111.15138093880441 pid352e
31.4721704643663  1.0317017248106726 111.4721704643663 pid341e
31.477338575132425  0.9829940711399361 111.47733857513242 pid34be
31.557106380119098  1.9667601120383187 111.5571063801191 pid3473
31.64499402854908  1.026337012328606 111.64499402854908 pid3467
33.35820417375784  1.6747810016018583 113.35820417375784 pid3444
33.45055637032587  1.4964712348729268 113.45055637032587 pid346f
33.665904364006785  0.7455203697652298 113.66590436400679 pid34ca
34.33809364711959  0.5139946995407041 114.33809364711959 pid3512
34.39075254635925  1.196154852063727 114.39075254635925 pid340e
34.96670966278962  1.7851772534295907 114.96670966278961 pid3482
35.871627906628994  1.02991535036673 115.87162790662899 pid35a0
36.248897284651456  1.7441613302647707 116.24889728465146 pid34d6
36.32013814441191  1.5103780798848276 116.32013814441191 pid34f1
36.47572592828679  1.3941571494495444 116.47572592828679 pid3451
36.52658991021083  1.7829450102252689 116.52658991021083 pid3449
37.33318601622463  0.5427825168308269 117.33318601622463 pid3538
37.47718355535906  1.8068394975083562 117.47718355535906 pid353d
37.78461461539662  1.780621322507264 117.78461461539662 pid349a
38.18462777765503  1.3849735797616098 118.18462777765504 pid351a
38.44371221339789  0.9541648149837325 118.44371221339789 pid3595
38.99441526273168  0.5550858459169979 118.99441526273168 pid3508
39.04088621517316  1.723345195059861 119.04088621517316 pid34dc
39.34867993622001  0.7189923991284572 119.34867993622001 pid34d3
40.27299393134562  0.9406983795843817 120.27299393134561 pid3587
40.273265635982995  1.6903754594734444 120.273265635983 pid3458
40.53203787171981  1.934556133548233 120.53203787171981 pid34a7
40.69177431800117  1.050463463468263 120.69177431800117 pid35a3
40.711113734737246  1.040099062690627 120.71111373473724 pid3511
40.80822078083502  0.8962793469879158 120.80822078083503 pid34e4
41.11131700486675  1.4686708495434686 121.11131700486675 pid3435
41.52950958296691  1.124596615908006 121.52950958296691 pid33f7
42.19494778407067  1.6199251022765249 122.19494778407068 pid3518
42.425182088687286  1.4686218402295919 122.42518208868728 pid34ba
42.59777958677285  1.2465947195917282 122.59777958677284 pid3408
42.769776645860134  0.7288302060809704 122.76977664586013 pid35a5
43.310142525036234  1.8309147645702022 123.31014252503624 pid3489
43.62889736604663  1.2538813020779918 123.62889736604663 pid343d
43.982737753120944  1.1474930217627892 123.98273775312094 pid3547
44.44225621351784  1.040950714256854 124.44225621351784 pid3529
45.365464326885444  1.303079952073217 125.36546432688544 pid3471
45.55198649381336  1.5464364718073964 125.55198649381336 pid34fe
45.646975194117836  0.7572491964006196 125.64697519411783 pid342c
46.591175279392736  1.4814465575707412 126.59117527939273 pid3549
46.75042377963706  1.9217175070856942 126.75042377963706 pid3579
47.10219894196026  1.2486272193223362 127.10219894196027 pid344c
47.45494491504825  0.6154474909613963 127.45494491504826 pid34df
47.524751202493995  0.5397274392451934 127.524751202494 pid3527
47.62820322742536  1.873224117657087 127.62820322742536 pid34ec
47.72690817736982  0.7529875680193974 127.72690817736982 pid3528
48.477652346791686  1.9234558086212066 128.47765234679167 pid358e
49.11050871289863  0.7951483343759007 129.11050871289862 pid358a
49.20279855968062  1.3078987797203296 129.20279855968062 pid3428
49.322856623913665  1.4771588240015383 129.32285662391365 pid3441
49.466590764286494  1.9972134499474021 129.46659076428648 pid359a
51.48149857299227  0.5360624427569027 131.48149857299228 pid35a2
51.48368031859512  0.5758555176949578 131.48368031859513 pid3450
51.53818222885706  0.7881612259402443 131.53818222885707 pid349b
51.98683275353484  1.4860139590169237 131.98683275353483 pid356c
52.12612769379263  1.3922192936477233 132.12612769379263 pid348c
52.25171269731136  1.6609709300518465 132.25171269731135 pid35a6
52.49777094911051  1.924310945706286 132.4977709491105 pid346e
52.57876375203541  1.2984125284223833 132.5787637520354 pid33fb
53.0160254230876  0.5411798642102408 133.0160254230876 pid3565
53.60129802041856  1.6980477229198088 133.60129802041857 pid340d
53.64395655642874  0.7577475913251057 133.64395655642875 pid3445
54.368234815932695  0.5907850643536925 134.36823481593268 pid34bb
54.37314880333691  1.8589990313233309 134.3731488033369 pid3533
54.52832452668227  1.4569615266082674 134.52832452668227 pid3583
54.75128757091725  1.446397523982746 134.75128757091724 pid3596
54.85673780955278  1.169062986307626 134.85673780955278 pid3422
55.453312071256796  0.6980593317012185 135.4533120712568 pid34c9
55.93509518085851  1.9204362815131273 135.93509518085853 pid342b
56.11744484511419  1.8518134137034408 136.1174448451142 pid34ef
56.257783476340485  0.5261993433883597 136.25778347634048 pid3425
56.267334844221125  0.8074737056587253 136.26733484422112 pid358b
57.37120476260804  1.6387082687553223 137.37120476260804 pid34bd
57.59045592208326  1.3666289495573911 137.59045592208327 pid351c
58.1524092963265  1.5975578437818045 138.1524092963265 pid35b3
58.222352271462526  0.7738669702702019 138.2223522714625 pid3429
58.661456157516966  1.0799643113383957 138.66145615751697 pid33f5
59.336533268127475  0.8018838774820527 139.33653326812748 pid3490
59.54728122107959  1.1198479750401191 139.54728122107957 pid34de
59.705863843969325  1.1921058505556785 139.70586384396933 pid3503
59.833449769564886  0.5662300705429146 139.83344976956488 pid348b
59.970523610061285  0.7853840189610644 139.9705236100613 pid35a7
60.398021985739305  0.5441417929022059 140.39802198573932 pid3474
61.8311367181663  1.7508634627930928 141.8311367181663 pid350d
61.897735043078164  1.8974404142951449 141.89773504307817 pid3427
62.22626201012278  0.6325845072805224 142.22626201012278 pid3417
62.51325688125253  1.9794948828979724 142.51325688125252 pid340c
62.8043158192436  1.2405282530660942 142.80431581924358 pid34a2
62.888218158946245  1.8662192820097794 142.88821815894624 pid3421
63.00458895433485  1.426049087960545 143.00458895433485 pid3524
63.04574268726797  0.8831758839552742 143.04574268726796 pid358f
63.73313137306755  0.9196762116508059 143.73313137306755 pid3500
64.24009145021869  1.9730335514589386 144.2400914502187 pid3436
65.06853091714967  1.4829147636188607 145.06853091714967 pid346d
66.11424007451976  1.9105344786156895 146.11424007451976 pid356a
66.16276869131582  1.7904338483785338 146.16276869131582 pid34ce
66.1740392220355  0.5016047702888826 146.1740392220355 pid34ad
66.987982396889  0.5791811196247557 146.98798239688898 pid34f4
67.32328000339196  1.281355905750862 147.32328000339197 pid3461
67.3973683366267  1.1628948801902492 147.3973683366267 pid34f9
67.529812375942  1.3483316615734098 147.52981237594202 pid34bf
67.9982093888  1.0174180762490737 147.9982093888 pid350a
68.80727576593873  1.9513800795963612 148.80727576593873 pid3403
70.02337845196337  1.214346642793871 150.02337845196337 pid3588
70.10927815851542  1.509131820798729 150.10927815851542 pid3405
70.34735003126167  1.528972348540333 150.34735003126167 pid359c
70.51778776285063  0.7244900609448787 150.51778776285062 pid343b
71.90768899594178  1.4526507328919442 151.90768899594178 pid34b8
72.43873354496061  1.4246274575578621 152.4387335449606 pid34e5
72.71427085944627  1.4026662023836647 152.7142708594463 pid3551
73.17665129344884  0.8918954372474661 153.17665129344886 pid348a
73.43208537090888  0.8755031212903678 153.43208537090888 pid355c
73.53488631867626  1.644248003252207 153.53488631867626 pid34b4
73.61640484744046  0.9846389109844514 153.61640484744046 pid3401
74.10415665587699  0.9611509764718931 154.10415665587698 pid341c
74.20963125565599  1.0281171572382846 154.209631255656 pid3434
74.24895381751946  1.341872504007435 154.24895381751946 pid3560
74.87506686925273  1.764223043030814 154.87506686925275 pid3498
75.37302413842157  0.9794255156366237 155.37302413842156 pid3439
75.49640610420887  1.4560588297863242 155.49640610420886 pid3523
75.93539258276971  1.4771754405500586 155.9353925827697 pid3481
76.0206509651183  1.3301608438628494 156.0206509651183 pid3580
76.04101689144262  1.317666556920844 156.0410168914426 pid3568
76.09057163712123  1.9618159671917612 156.09057163712123 pid355b
76.65487340992289  1.521923704949111 156.65487340992289 pid35ad
76.7051415301873  0.9674405576207845 156.7051415301873 pid34d0
76.885889714789  1.3122620873447337 156.88588971478902 pid34fc
77.13433938144854  1.8032168463170108 157.13433938144854 pid3553
77.40408283376257  0.5047870623800927 157.40408283376257 pid3567
77.57548338241291  0.8436363590523359 157.57548338241293 pid352f
77.59216038856412  1.9036322130610173 157.59216038856414 pid3545
77.83952242636089  0.7076046830490148 157.83952242636087 pid3598
78.23503341843481  0.9110372206226718 158.2350334184348 pid34cd
78.43728376845957  1.0327036205512101 158.43728376845957 pid3513
78.66889323050331  1.5761757889482189 158.66889323050333 pid34e9
79.42667225418363  1.4427969277383832 159.42667225418364 pid3459
79.72608373265004  1.684797261359774 159.72608373265004 pid3486
79.79305854339958  1.7487202083318865 159.79305854339958 pid3495
80.42070576537196  1.4270704986999592 160.42070576537196 pid340b
80.75544232177296  0.7439173482980794 160.75544232177296 pid3472
80.78965108736355  1.962383133288249 160.78965108736355 pid352c
81.18798539651937  1.476846057317442 161.18798539651937 pid3478
81.26823533883336  0.8821016334487373 161.26823533883336 pid344d
81.41825705066442  1.403911299168265 161.4182570506644 pid3404
82.38672384884583  1.1087498410772478 162.38672384884583 pid354d
82.41849614511496  1.09495386911262 162.41849614511494 pid359d
82.45043345410201  1.5348023109147373 162.450433454102 pid3437
83.32523504888916  1.9800718851073804 163.32523504888917 pid3480
83.39811717959932  0.957077254970848 163.39811717959932 pid34bc
83.60768938190716  0.6180460149173805 163.60768938190716 pid3566
83.6304935089971  0.8940721513256924 163.63049350899712 pid34f3
83.78402897745178  1.9859270740226431 163.78402897745178 pid34aa
86.27515944005357  0.8192013367573012 166.27515944005359 pid34b0
86.38178802089341  1.1157878425565837 166.3817880208934 pid3552
87.29406876851974  0.7152045046660928 167.29406876851974 pid34b7
87.29541623934415  1.1363204613536106 167.29541623934415 pid347f
87.91218752438323  1.3403564594941981 167.91218752438323 pid3535
88.09145682858414  1.7473339444124272 168.09145682858414 pid3530
88.11929327313209  1.4171397566607744 168.1192932731321 pid35a8
90.02379340448809  1.7543596539631512 170.0237934044881 pid34e3
90.34920206914681  1.4044569721739066 170.34920206914683 pid3556
91.92127944444965  1.2305166620814645 171.92127944444965 pid34e7
91.94949495149  1.0246884028132128 171.94949495149 pid34b5
92.05360832942925  1.07602428421504 172.05360832942927 pid351b
92.53518761297173  0.639909169747481 172.53518761297173 pid358c
92.69358703541158  1.089638486315043 172.69358703541158 pid359f
93.13037649488712  0.9832832690881125 173.13037649488712 pid342e
93.40728175266803  0.6408610113323085 173.40728175266804 pid3525
94.30965834062698  0.6992671705052687 174.30965834062698 pid353f
94.34445155673122  0.5430770066796928 174.3444515567312 pid342a
94.49129772632914  0.679704344018335 174.49129772632915 pid344f
94.50792449126605  0.9454612014480599 174.50792449126607 pid3420
94.59836916599413  1.685537546253552 174.59836916599414 pid3466
94.62018298225449  1.3211894525107843 174.6201829822545 pid356e
94.69035071422235  1.8935255468826475 174.69035071422235 pid3448
94.70513786570466  1.1995395382640894 174.70513786570467 pid34c2
94.76301033851715  0.8759912113015385 174.76301033851715 pid3418
94.82572522648826  1.535290421988107 174.82572522648826 pid357b
94.8899889914401  0.9225309099058587 174.8899889914401 pid3509
95.38437248952376  1.1135779537766943 175.38437248952374 pid34c3
95.39241237866837  1.5676234523364538 175.39241237866838 pid34b3
95.44236781139087  1.258204779989222 175.44236781139085 pid34fd
95.46324291813454  1.317509412578485 175.46324291813454 pid34ae
96.19898227049026  0.759741529027337 176.19898227049026 pid34e8
96.42440903365181  1.0995324455977156 176.4244090336518 pid3570
96.55090131803021  0.6109518070948652 176.5509013180302 pid3455
96.68116089158207  0.9742061872798392 176.68116089158207 pid356d
96.78156715679688  0.6673495938802911 176.78156715679688 pid354b
96.89109947372788  0.7664038444757547 176.89109947372788 pid3485
97.07450479887521  1.83792822641245 177.0745047988752 pid33fa
97.46406707995396  1.1382059406401859 177.46406707995396 pid352d
98.36914094149282  0.6058061173370359 178.36914094149282 pid34ed
98.56070100228025  0.6627291905628286 178.56070100228027 pid33ff
98.77022638281744  0.5896296177264084 178.77022638281744 pid355a
99.03491090928337  0.8699728111047005 179.03491090928338 pid350c
99.26155926713555  0.6387637930808014 179.26155926713557 pid3578
99.48506930517897  0.5767376606879389 179.48506930517897 pid34f6
100.06098749254681  1.5953717529597473 180.06098749254681 pid3440
100.1374584850643  0.8842186646195631 180.13745848506431 pid34d1
100.45994623093921  1.0001176033615917 180.4599462309392 pid349e
100.50864129681409  1.7054863480520466 180.5086412968141 pid351f
100.62180043330184  1.2666551466149125 180.62180043330184 pid3586
100.82340352045678  1.654140593430369 180.8234035204568 pid354f
101.08315600039506  1.3788378784091733 181.08315600039506 pid35b0
101.17715642685154  1.612699616893094 181.17715642685152 pid347a
101.44763649425087  1.6020547818874453 181.44763649425087 pid35b4
102.02955799375651  1.8110184866455894 182.0295579937565 pid34ff
102.17078923185568  1.5638241221624551 182.17078923185568 pid357c
102.19677997431076  1.9236367586804282 182.19677997431074 pid3573
102.84111404624458  1.4359428555503926 182.84111404624457 pid3590
103.16886717354828  1.7327923413060922 183.16886717354828 pid353a
103.9825818970602  0.7743911705568475 183.9825818970602 pid34e1
104.22185083237046  0.6968351070178009 184.22185083237048 pid34fa
104.22953982709537  0.962090078916984 184.22953982709538 pid3569
104.6146996080959  1.6068408094771058 184.61469960809592 pid35a1
104.85459771346123  1.807075990481879 184.85459771346123 pid3597
105.25381684267958  1.4172700629773587 185.25381684267958 pid3446
105.37858195168653  1.3886367228212262 185.37858195168653 pid34cb
105.63954046520546  1.535887402709547 185.63954046520547 pid3537
106.46512965448936  1.452841764249826 186.46512965448937 pid3572
106.65449280178552  0.7397637950064886 186.65449280178552 pid342d
106.83484121878588  0.8445620355702245 186.83484121878587 pid3497
106.83652114076256  1.8060049124939128 186.83652114076256 pid3548
107.47349901542006  0.7826196065501703 187.47349901542006 pid3412
107.50100590607013  1.5936808638414643 187.50100590607013 pid3557
107.58723372325449  1.5507330002379704 187.58723372325449 pid3483
107.69224480146636  1.4679064014674523 187.69224480146636 pid3558
107.78268459021382  1.8138523140288505 187.78268459021382 pid34a3
108.56497330428924  0.7908882155333024 188.56497330428925 pid3589
109.16990009354512  1.8086657949971485 189.16990009354512 pid34a9
109.3096332758883  1.3569127294546786 189.3096332758883 pid346c
109.53117704040005  0.7957658580710577 189.53117704040005 pid3432
110.32015559135877  0.5509246323514532 190.32015559135877 pid349c
111.01723226656684  1.913757016490686 191.01723226656685 pid3592
111.1437199679993  0.524781768398616 191.1437199679993 pid345b
111.21559718358527  1.01474282273023 191.21559718358526 pid3413
111.22624597049786  1.2426640402109095 191.22624597049787 pid34db
111.89647332694163  1.6495152958926766 191.89647332694165 pid35b2
113.06126371148238  1.6005618326775726 193.06126371148238 pid34a4
113.53554407981437  1.4193239008609413 193.53554407981437 pid34a1
113.71132641215019  1.748307437263924 193.71132641215019 pid3470
113.71974803455112  1.6917193949483051 193.71974803455112 pid3516
113.96239107610407  1.3254959727046836 193.96239107610407 pid3476
114.48712491831685  1.5450364632767952 194.48712491831685 pid3506
114.48851835181577  0.7775680774818189 194.48851835181577 pid357d
115.70521093224444  1.8162073909006717 195.70521093224443 pid3457
116.40955307300122  1.6927750719014267 196.40955307300123 pid34f8
116.43782808525536  1.347563354738101 196.43782808525538 pid3460
116.68153773139515  1.939828249025976 196.68153773139517 pid3531
117.00900214034229  0.8257294404014754 197.0090021403423 pid350f
117.37472077336393  1.9288148893438235 197.37472077336395 pid359e
117.75495955708341  0.5055755621877606 197.7549595570834 pid3504
117.80651614484535  0.7117400460252512 197.80651614484535 pid3468
117.93652348069985  1.9489012714486893 197.93652348069986 pid351e
118.34872367536687  1.3611636638130242 198.34872367536687 pid35ab
118.92260562871262  1.7900945681020572 198.92260562871263 pid34a8
118.96438965085198  0.821017133016312 198.96438965085198 pid344a
120.02711019983315  1.4284590759733342 200.02711019983315 pid3542
120.90656063908882  0.7641743854813903 200.9065606390888 pid343e
121.01346515318912  1.3274452045740508 201.01346515318912 pid35a4
121.50843818563267  1.4598824661279104 201.50843818563266 pid3406
121.74580826903941  1.9316425217529356 201.7458082690394 pid3517
121.74874490149907  0.7363242344193361 201.74874490149907 pid34f2
122.06979856969569  1.3309304785736429 202.0697985696957 pid34d5
122.42188957600096  1.475305696265803 202.42188957600098 pid3501
122.99514319082809  1.2129026946701726 202.9951431908281 pid34d2
123.0588978262463  1.0521171034093777 203.0588978262463 pid348e
123.28521226019906  1.8398849067683243 203.28521226019905 pid3541
123.34277873302169  0.5919392746656799 203.3427787330217 pid3492
123.98855042592065  0.5745457432563468 203.98855042592066 pid3407
124.17666728936341  1.324212954321884 204.17666728936342 pid34af
124.76260137674663  0.918652738068414 204.76260137674663 pid3488
125.55286885879632  1.951952309398336 205.55286885879633 pid3415
125.63204565518026  0.5594529005044446 205.63204565518026 pid359b
125.75526656970256  0.9315945076041521 205.75526656970254 pid3507
125.95025413851059  1.5818516987404143 205.9502541385106 pid3564
126.24283198144006  1.168286118036402 206.24283198144008 pid3469
126.61338947970278  0.5396871731447328 206.6133894797028 pid34c4
126.69342959971722  1.546463726935377 206.6934295997172 pid3534
126.75401409653985  0.6702214408122673 206.75401409653983 pid34f0
127.09136512030304  0.7702426519460083 207.09136512030304 pid3571
127.10206998695541  0.5500495540380326 207.10206998695543 pid3402
127.16293191953505  0.863109102078398 207.16293191953505 pid347d
127.26678823303844  0.6350192495330411 207.26678823303843 pid345a
127.26767956307154  1.1344478996393599 207.26767956307154 pid34a5
127.27942443893811  1.3625205187396385 207.27942443893812 pid3493
127.46703394016704  0.9609595417432144 207.46703394016703 pid3479
127.87048247323558  1.43051709495742 207.8704824732356 pid354a
128.08018832216985  1.9389556830132546 208.08018832216985 pid358d
128.53219251787223  0.7186932392826496 208.53219251787223 pid3464
128.63431754329903  1.7124319968683581 208.63431754329903 pid34dd
128.75791357499543  1.1302756034722627 208.75791357499543 pid3526
129.44639041489467  1.965362668017756 209.44639041489467 pid3582
129.50355625413138  1.828434706703315 209.50355625413138 pid3593
129.64106480555313  1.5834084787009095 209.64106480555313 pid34ee
130.10413894545522  1.0793593198463927 210.10413894545522 pid34c7
130.49256646489025  0.5412136853144829 210.49256646489025 pid33fd
131.2763667630133  1.8469200858247379 211.2763667630133 pid3532
131.57847372364242  1.1164115731536501 211.57847372364242 pid3496
131.96175638925504  0.9624571667777408 211.96175638925504 pid343c
132.51931409807244  1.881389051817453 212.51931409807244 pid353c
133.17933452411367  1.5398928307236668 213.17933452411367 pid35ae
134.89252073518188  0.6442337531305669 214.89252073518188 pid3487
135.32766259186218  1.5561699988678748 215.32766259186218 pid34d7
135.60615557756603  0.9817513545307415 215.60615557756603 pid3456
135.77111113136638  1.6761873371366467 215.77111113136638 pid34b9
137.03334242642586  0.9448919187693898 217.03334242642586 pid3581
137.26842098081892  1.8062057276089516 217.26842098081892 pid3554
137.3755971543895  0.5044317828349131 217.3755971543895 pid3575
137.59391225390075  1.9847616145642806 217.59391225390075 pid340a
137.91408456431665  1.2577640678994622 217.91408456431665 pid33f9
138.02911704057666  1.4995171030449002 218.02911704057666 pid352a
138.14181139069694  1.5374439676938485 218.14181139069694 pid34f7
138.97891537990233  0.844372373156635 218.97891537990233 pid34ab
139.14460447033954  0.5971827939008365 219.14460447033954 pid3584
139.45395262183703  1.2269577567518433 219.45395262183703 pid3411
140.25426046757102  1.6891530444117406 220.25426046757102 pid3442
140.2834138488313  0.8389174264693189 220.2834138488313 pid345c
140.80323856886466  0.8695417418551139 220.80323856886466 pid3454
140.8593835589984  1.9550127437808205 220.8593835589984 pid3477
141.18167570711367  0.5505304674497545 221.18167570711367 pid34b2
141.32917810877802  0.5742929084162867 221.32917810877802 pid3426
141.40051859810208  0.5141938031199773 221.40051859810208 pid34cf
141.41873091431373  1.498345354394306 221.41873091431373 pid34f5
141.55138729550328  0.690748838147157 221.55138729550328 pid3431
141.55252460162936  1.8284667566431545 221.55252460162936 pid34e2
142.1452360915194  1.1752424985425833 222.1452360915194 pid34c6
143.11341516654147  1.972002827438864 223.11341516654147 pid355d
143.28456840660994  0.6622026762867214 223.28456840660994 pid340f
143.48345497512557  1.1942621852039665 223.48345497512557 pid3546
143.48827565743855  0.9139709870807776 223.48827565743855 pid347e
143.80740528939444  0.7876582174940037 223.80740528939444 pid35a9
144.1703194580959  1.2922061079099996 224.1703194580959 pid33f4
145.14110972502456  0.7649299400516425 225.14110972502456 pid341d
145.36725753343586  1.8471292624905395 225.36725753343586 pid3559
145.3925154396577  1.167653191273979 225.3925154396577 pid3514
145.74334879947503  0.6739411168947056 225.74334879947503 pid345e
146.48549327570515  1.1321142070868428 226.48549327570515 pid3416
146.6967841038497  1.9649615808651824 226.6967841038497 pid353b
147.28813632397788  1.7425948317378879 227.28813632397788 pid34c5
147.553730613209  1.4322811677273342 227.553730613209 pid3576
147.87379176336535  1.7167808635221036 227.87379176336535 pid3577
149.7208609099357  1.1858903652033743 229.7208609099357 pid3475
149.73496297886717  1.0016044239276152 229.73496297886717 pid34a6
149.91180259410427  1.0666888454879513 229.91180259410427 pid34da
