5.786947904425588  2.6041047238649475 10.995157352155484 pid9ab
8.245942052722627  2.7728915923091053 13.791725237340838 pid9b3
10.324859302181938  3.669740844890775 17.66434099196349 pid994
11.414902432833836  2.846164730507266 17.10723189384837 pid9a1
12.426650364141212  1.0933666331417173 14.613383630424646 pid997
14.694407010570348  1.7328009892600047 18.160008989090358 pid9bb
16.74375971155426  2.3031455839424364 21.350050879439134 pid9a3
17.99262941335708  4.16697288657483 26.326575186506737 pid9c0
29.768915520983636  2.5385336217817174 34.845982764547074 pid9af
31.646947489008976  4.3382996251134 40.32354673923578 pid99c
34.99498174205841  1.2347665193280215 37.46451478071445 pid995
39.04994926811413  4.265953574298075 47.58185641671028 pid9a4
43.7419073519236  1.704068259724516 47.15004387137263 pid9bd
45.66255715137004  3.6658531428585426 52.99426343708712 pid9a5
56.15299191044969  3.9688432122066724 64.09067833486304 pid9a7
56.24697901333521  1.3332836956604859 58.91354640465619 pid9c3
58.345971820864534  3.6691320574173365 65.6842359356992 pid9ba
65.76856650803359  4.262343379714463 74.29325326746252 pid9a2
70.79239397574307  2.256007836926727 75.30440964959652 pid9ae
77.1433579528946  2.3001726892587664 81.74370333141214 pid993
83.94881868595184  1.6833472298586791 87.3155131456692 pid99e
87.64287129277048  4.517251103545674 96.67737349986183 pid9aa
89.9795611347254  4.484081414668229 98.94772396406186 pid99b
100.77088580596042  3.9230576289774572 108.61700106391534 pid9ad
101.15385063924015  4.306694285951535 109.76723921114322 pid9b5
104.882335700186  4.011823776081997 112.90598325235 pid9ac
107.90468936227062  3.934174304574781 115.77303797142018 pid9b0
110.33449468249259  1.1011881904552583 112.53687106340311 pid9bc
110.53345778974669  3.5218179094225457 117.57709360859178 pid9bf
111.97699400874976  1.561016614186539 115.09902723712284 pid9a9
116.63897800257998  4.008072208358814 124.6551224192976 pid99f
118.93933526720897  4.93839179233667 128.81611885188232 pid9a0
122.60344006265461  2.32519923113379 127.25383852492219 pid9a8
122.94281507259439  3.6318277143615894 130.20647050131757 pid9b6
127.95162745621431  3.6899762442968433 135.331579944808 pid9b9
131.7638314515343  3.6721821449194736 139.10819574137324 pid9c1
139.5299696705142  4.76053284120882 149.05103535293182 pid998
141.7537873516345  1.6755133606504669 145.10481407293543 pid9a6
145.55613172532898  4.662123436850535 154.88037859903005 pid9c2
149.09094052422455  3.6289855430112117 156.34891161024697 pid992
154.09772408474444  1.246847675438195 156.59141943562082 pid9b1
158.90100136184896  1.9196007113020173 162.740202784453 pid99a
159.91563607879812  4.950008293855182 169.81565266650847 pid996
164.23149158848696  1.2288051168470706 166.6891018221811 pid9b4
166.23414355154426  4.707797567919743 175.64973868738375 pid999
169.96667597343026  3.64444699362217 177.2555699606746 pid9b7
171.55316134551026  2.9800899292819705 177.5133412040742 pid99d
172.89858757391087  2.297744198040488 177.49407596999185 pid9be
173.8911219737047  4.519452230746493 182.9300264351977 pid9b2
178.83190054520145  1.136043116029672 181.1039867772608 pid9b8
