0.05949675063023352  1.0012610216768318 80.05949675063023 pid428e
0.3084960992359609  1.2378334545607668 80.30849609923597 pid4220
0.9251321961388337  1.4191386150620486 80.92513219613883 pid429e
0.9673761116308133  1.7100321638437546 80.96737611163081 pid4270
1.426586754906628  0.7466316499045177 81.42658675490662 pid4204
1.6473807954336006  1.2356466760118552 81.6473807954336 pid4353
1.7063931114429332  1.575707772354196 81.70639311144294 pid4261
1.7991242712229405  0.6161637822389829 81.79912427122294 pid4335
2.4417362058352987  0.8556665412854214 82.4417362058353 pid4371
3.0119949052437978  1.396320408085296 83.0119949052438 pid4397
3.2196437068305936  1.285018425576035 83.2196437068306 pid422f
3.7459814644944798  0.5885717281934519 83.74598146449448 pid4219
3.9646377561039503  1.2123887458476479 83.96463775610395 pid42a9
4.018884887656126  1.9761294386604666 84.01888488765613 pid43a7
5.726544401458505  0.8578530381839622 85.72654440145851 pid4362
6.67699241597865  0.6471094944714424 86.67699241597865 pid4300
6.835112238597663  1.6830572188970443 86.83511223859766 pid4356
7.143256629510225  1.8627200643049127 87.14325662951022 pid4326
7.225181943921333  1.3003135446161327 87.22518194392133 pid42ca
8.09047429919053  1.2741305829245888 88.09047429919053 pid43a9
8.238469300925516  1.8392161008229022 88.23846930092552 pid426d
8.543473483945746  1.8753102535367563 88.54347348394575 pid42bb
8.752259215949021  0.5748683886395309 88.75225921594902 pid43ac
8.903140293956058  1.2544089719912663 88.90314029395606 pid42bf
8.9856594755027  0.7828749953394777 88.9856594755027 pid4296
9.559286741860795  1.4053223942836435 89.5592867418608 pid42a4
9.598692394515668  1.2094234518102398 89.59869239451567 pid424e
9.824396065507518  1.8106864323519047 89.82439606550751 pid42ce
10.025843225287357  1.0486731057285443 90.02584322528736 pid4377
10.054324867697545  1.1074281566499404 90.05432486769755 pid436f
10.721599196102376  1.1339258518290913 90.72159919610237 pid429f
10.909137327867569  0.5880518874138789 90.90913732786757 pid4334
11.032655108088523  1.7157606027210432 91.03265510808852 pid42b3
11.139812385360049  1.7523017974439725 91.13981238536005 pid433d
12.171007525667005  1.9572243387520922 92.17100752566701 pid4315
12.184998627430282  1.6745532438135213 92.18499862743028 pid43b2
12.455912822646814  1.314336216044667 92.45591282264681 pid42ee
12.781548958937105  0.6505896364726074 92.78154895893711 pid42fb
13.116324475810531  0.6874056294510689 93.11632447581053 pid432d
13.354721514696093  1.0668567631706933 93.3547215146961 pid4264
14.745913280018952  1.2985936300158682 94.74591328001895 pid426a
14.943559239610593  0.9616482207777877 94.9435592396106 pid4274
16.299130618924057  1.9739681514686287 96.29913061892405 pid42c7
16.453770858004418  1.2980135404956719 96.45377085800442 pid42ed
17.12969542027612  0.721912032605682 97.12969542027612 pid4276
17.572323833806212  0.9355351635569915 97.57232383380621 pid439e
18.112565572284005  0.5406629993086196 98.11256557228401 pid4267
18.398505692093043  1.031072024338143 98.39850569209304 pid421e
18.785393157839614  0.9215566824090309 98.78539315783962 pid4366
19.87379373497641  1.582500701573633 99.8737937349764 pid4231
20.00849383443769  0.8247057657848567 100.00849383443769 pid4215
20.085325207414467  0.7454090182626103 100.08532520741447 pid4250
20.16776514307376  0.7251557528466639 100.16776514307375 pid4302
21.51606634909467  0.8898793702627932 101.51606634909467 pid435b
21.68914966876825  0.8022670161677435 101.68914966876825 pid4245
22.412442247529125  1.1454091803511903 102.41244224752913 pid42e9
22.502508650853454  0.6481887191246567 102.50250865085346 pid420e
23.049734692023023  1.9131305644901069 103.04973469202302 pid4395
23.078487608055127  1.4763429959742511 103.07848760805513 pid4298
23.22070398904941  1.6261313842012197 103.22070398904941 pid42e4
23.932282072468958  1.8521136572513612 103.93228207246895 pid42ec
24.23246582683072  0.7336483874758075 104.23246582683072 pid424c
24.439666494995127  1.6887281654262072 104.43966649499512 pid42f9
24.449039353213802  1.3661992497295699 104.4490393532138 pid4381
24.92291818719366  1.78206229655913 104.92291818719366 pid43a0
24.94832477413637  1.5378649441328895 104.94832477413637 pid4347
25.01860115390685  0.8265628862946586 105.01860115390684 pid425e
25.072631459508  1.859393743351896 105.072631459508 pid4272
25.56751398728203  1.2162722606811684 105.56751398728203 pid42cc
25.966294646317557  1.5125412873176218 105.96629464631755 pid424a
26.162387082947923  0.5418414742462497 106.16238708294793 pid42aa
26.224247965161755  1.381703576073442 106.22424796516175 pid4251
26.289560217506413  1.711020757196862 106.28956021750642 pid4212
26.321502282166563  1.8682256605133603 106.32150228216656 pid42b5
26.64252398029548  1.948028511295314 106.64252398029548 pid42dd
26.68012130676103  1.7452050701590984 106.68012130676104 pid4299
26.780950721935127  1.172175974415203 106.78095072193513 pid42ff
26.971753469928018  1.7371204280164878 106.97175346992802 pid42fe
27.152710089039306  1.5690180507515885 107.1527100890393 pid4216
27.20307626068782  0.5648631902184437 107.20307626068782 pid4312
27.24305228442074  1.0740677943608532 107.24305228442074 pid4227
27.29909617415854  0.7844745361637354 107.29909617415854 pid43b9
28.293034589386707  1.8472529444096608 108.2930345893867 pid4360
28.82030352380666  0.8308730083117091 108.82030352380666 pid42d1
29.243536838312632  1.5387057182524908 109.24353683831264 pid42f5
29.31771356197499  0.5648194322251981 109.31771356197498 pid4314
29.378770429925304  1.4853820083842095 109.37877042992531 pid43c5
29.517696533311106  0.8082157337418657 109.51769653331111 pid43c4
29.655560655813808  1.9172903401406112 109.65556065581382 pid4292
29.94320421429831  0.7099517841513175 109.9432042142983 pid4290
30.1583021449775  1.3628197244681246 110.1583021449775 pid4223
30.951409183042344  0.9239905849063799 110.95140918304234 pid438b
31.05355429497087  1.364436607743624 111.05355429497087 pid430b
31.251934920031303  1.922254657419727 111.2519349200313 pid4332
31.41200470590545  1.0753399053414998 111.41200470590545 pid421c
31.57488682936619  1.331792939686391 111.57488682936619 pid4228
31.57938521281101  0.654648788420006 111.57938521281102 pid438c
31.989594905809682  0.5365842539474619 111.98959490580968 pid4382
32.03309629224522  1.7633651163491744 112.03309629224522 pid420d
32.515762473368746  1.3654762400179519 112.51576247336874 pid42d0
33.04008271582876  1.727004332091089 113.04008271582876 pid428d
33.12838420017999  1.5692596086702295 113.12838420018 pid42ac
33.4245140675767  1.590960968764168 113.4245140675767 pid42c4
34.00522124256569  1.863313729896321 114.00522124256568 pid43b0
34.17792695431502  1.5377389022216805 114.17792695431501 pid4226
34.53975704237537  1.273184102964804 114.53975704237537 pid4207
34.66067772308906  1.9595804353737831 114.66067772308907 pid4387
35.00154978969419  1.1470675174468332 115.0015497896942 pid4247
35.03472305410774  0.8465515903941978 115.03472305410773 pid4208
35.30696978784681  1.1587657059768546 115.30696978784681 pid4308
35.59285822231662  1.2670613496179794 115.59285822231662 pid42f1
37.55626293469403  1.2011650437785368 117.55626293469403 pid422a
37.56323998242756  1.0043543514625206 117.56323998242756 pid423c
38.37169738821166  0.9213299372573129 118.37169738821166 pid4234
38.812672224104986  1.7186673504028769 118.81267222410499 pid4286
39.123160641721846  1.5415420611231543 119.12316064172185 pid432e
40.477258781979465  1.3495698534219471 120.47725878197946 pid4213
40.84581601183472  0.9205163826863652 120.84581601183473 pid428a
40.884254877595296  1.8575985576003688 120.8842548775953 pid4337
41.24208624689511  1.7957268615110509 121.24208624689511 pid4258
41.260788558570795  1.5794841012425542 121.2607885585708 pid42d7
41.33934909412546  0.6442743840447228 121.33934909412545 pid425c
41.42184532057936  1.0667789830196739 121.42184532057937 pid437d
42.05530739045663  0.5794684048167971 122.05530739045663 pid43bc
42.123774169827485  0.5078672108415931 122.12377416982748 pid4313
42.133475047059164  1.5938326568213195 122.13347504705916 pid4293
42.49116203732235  0.7143439631892138 122.49116203732234 pid43b4
42.57406195527443  0.8398978255766103 122.57406195527443 pid4269
42.92970756247384  0.8206261434209537 122.92970756247384 pid4391
43.33488591001523  0.6685623037203057 123.33488591001523 pid435c
43.39663440884911  1.3387439785671114 123.39663440884911 pid4257
43.6377299073047  1.55537225480103 123.6377299073047 pid422e
44.03557928379643  1.72351226065348 124.03557928379644 pid4304
44.362699441961475  0.9640757365136303 124.36269944196147 pid4354
44.785953810324735  0.710173603817339 124.78595381032474 pid425b
44.81566069046598  0.6764007830735435 124.81566069046599 pid42a7
44.88439025430768  1.3388505916353965 124.88439025430768 pid43a4
45.88753541618719  0.5510660870362188 125.88753541618719 pid4393
46.06746265563104  1.4667368159185408 126.06746265563103 pid42bc
46.24302258348387  1.8521691562386409 126.24302258348388 pid4378
46.67351997124842  1.6896644843887536 126.67351997124842 pid439a
47.15890383825611  1.7192699276837313 127.15890383825611 pid4242
47.45525068762964  1.435820049766067 127.45525068762964 pid4295
48.12436941005254  0.9941401860253656 128.12436941005254 pid42fc
48.15369910022794  0.5850001876577031 128.15369910022793 pid4211
48.22106640307265  0.6454949191122444 128.22106640307265 pid4364
48.36926196655523  0.5997325718914064 128.36926196655523 pid426f
48.63208316253299  1.4786089147260948 128.63208316253298 pid43c0
48.93526903047014  1.5011706510177392 128.93526903047012 pid43a2
49.69831550156948  0.5084328968191435 129.69831550156948 pid4350
49.78282143617146  1.4133174545744756 129.78282143617145 pid42ef
50.255963413316785  1.8345241253962814 130.25596341331678 pid433f
50.523441098173286  1.9582300993962851 130.5234410981733 pid42a3
50.65942177132523  1.8045020722579739 130.65942177132524 pid4379
51.038120865873736  0.9606663505402031 131.03812086587374 pid434b
51.04130892610201  1.7761369775326898 131.041308926102 pid43a6
51.31734249878196  0.7570341583565846 131.31734249878195 pid4289
51.73840652316548  1.5079147809114706 131.73840652316548 pid4390
51.92705198778315  1.0516165949428489 131.92705198778316 pid435e
52.159672485323654  1.954781107138923 132.15967248532365 pid43c3
52.377901958034  1.3073067176662259 132.377901958034 pid435a
52.70836453588992  1.109418040745708 132.70836453588993 pid4345
52.79356424598021  1.493467994944068 132.7935642459802 pid42b9
53.09309857663429  1.488884723568338 133.0930985766343 pid42dc
53.18101665580679  0.9500416811261143 133.1810166558068 pid42b2
53.268983374281305  1.7922185302656841 133.2689833742813 pid43a8
53.38283701790107  1.6345064317611062 133.38283701790107 pid4262
53.871686343078274  0.7369565862534772 133.87168634307827 pid4225
54.16546454344168  1.8790508466273041 134.1654645434417 pid433b
54.307809134601065  1.8354671826920297 134.30780913460106 pid4355
54.58276260947127  1.7575271179945977 134.58276260947127 pid4287
54.61571730790387  1.3427772482409979 134.61571730790388 pid4224
54.79289360467591  1.2415826879869143 134.7928936046759 pid4305
54.86432061510301  1.425723620374981 134.864320615103 pid4348
54.90528585261942  0.988650094063698 134.90528585261941 pid4380
54.976128717929825  0.9859218234952176 134.97612871792984 pid4265
55.012115300452884  1.3863411104423913 135.01211530045288 pid4375
55.14099366280471  0.9271897815044408 135.1409936628047 pid42a8
55.26602476716723  1.137083672165708 135.26602476716724 pid4232
55.5798169581846  0.5222693548111059 135.5798169581846 pid432b
56.16089473300478  1.123530172590459 136.1608947330048 pid42c6
56.37412016598321  1.5303641801151597 136.37412016598321 pid420c
56.94591906087934  1.7969030354218054 136.94591906087933 pid42c3
57.64013431212703  0.5431571974555158 137.64013431212703 pid4339
57.73221846953521  1.8013439634574797 137.7322184695352 pid42f4
58.13579943841756  1.6613503855327232 138.13579943841756 pid4384
58.154012133993376  0.6101348319833605 138.15401213399338 pid4361
58.5887846027286  0.791012453714669 138.5887846027286 pid4349
59.12499344660701  0.5542645346220838 139.124993446607 pid42f0
59.232730049691085  0.707973617830884 139.2327300496911 pid4368
59.335949753661176  1.269088291923797 139.33594975366117 pid4338
59.38428656121999  1.3596544858033526 139.38428656122 pid427d
59.76139157352449  1.6415315113542919 139.7613915735245 pid421b
59.96797736986433  0.622103380517933 139.96797736986434 pid4351
60.70861510482595  1.6503884000959335 140.70861510482595 pid432f
60.74118995493734  1.022717538583204 140.74118995493734 pid4336
60.810413915114815  1.2207334410558568 140.81041391511482 pid4319
60.968610268888476  1.9936751753331343 140.96861026888848 pid4344
61.790604485315825  1.24018982967949 141.79060448531584 pid42ad
61.90675147460539  1.9165016935656072 141.9067514746054 pid431f
62.15632167581501  1.9838395501509805 142.156321675815 pid436e
63.13605039301324  0.5863603792474786 143.13605039301325 pid4343
63.753168609406764  1.3005880952845796 143.75316860940677 pid42e8
63.962655269147255  1.1230197780592275 143.96265526914726 pid4214
64.08242965128562  1.0214523223013163 144.08242965128562 pid4246
64.4916962641927  0.7344327688479657 144.49169626419268 pid42d6
64.88443822102076  1.9797647917503673 144.88443822102076 pid42ea
64.92091320972595  0.6689815877852567 144.92091320972594 pid4280
65.02091847333628  1.45296075622122 145.02091847333628 pid437f
65.03703580358834  1.3310594664402697 145.03703580358834 pid4398
66.09320798168727  0.7063082330882715 146.09320798168727 pid4235
66.90168546268931  1.520255700874537 146.90168546268933 pid427c
66.92629274091381  1.6816239061179543 146.92629274091382 pid438e
67.26945985411596  1.435639595391461 147.26945985411595 pid42d4
67.59073369350435  0.9732459574872446 147.59073369350435 pid421a
67.7323128423008  1.349178753614064 147.73231284230081 pid431a
67.84548682528606  1.9907377048943355 147.84548682528606 pid428f
67.89990258427753  0.9150114884907099 147.89990258427753 pid43af
68.3417463656046  1.2303183477630069 148.3417463656046 pid422b
68.55367063837369  1.2860020955527354 148.5536706383737 pid434e
69.97447777805584  1.2735946039977433 149.97447777805584 pid4279
70.166222096626  1.2045383902588052 150.166222096626 pid423f
70.20881997444401  0.8968328294952569 150.208819974444 pid4376
71.68137086560921  1.2347041871997977 151.6813708656092 pid42f8
71.80224458391623  0.9619774566696839 151.80224458391623 pid4243
72.12751674508849  1.9700529267039957 152.12751674508849 pid42e5
72.2815193206072  1.1783275018766826 152.2815193206072 pid42fd
72.51163867321483  1.9971932056849757 152.51163867321483 pid4237
73.03480112963521  1.296591408903746 153.0348011296352 pid4217
73.54412156607647  1.2329202774334656 153.54412156607646 pid433e
74.01863623086743  0.5927125535220646 154.01863623086743 pid429d
74.95849814447297  1.508223536307638 154.95849814447297 pid438a
75.29158176520153  1.657898154323499 155.29158176520153 pid4284
75.37849600671761  1.8466182968967355 155.37849600671763 pid4333
75.44433298697062  1.2213228252669581 155.4443329869706 pid430f
75.52940685829525  1.9493056518262735 155.52940685829526 pid427f
75.58089567425036  0.9740877160046906 155.58089567425037 pid4209
76.01557140450684  1.159264162563866 156.01557140450683 pid42cd
76.51599846088229  1.932885766039557 156.5159984608823 pid4307
76.5207013406145  1.4280099219227873 156.5207013406145 pid431d
76.96962651154763  1.744193037643371 156.96962651154763 pid420f
77.27119260530748  0.8331283903058173 157.27119260530748 pid4394
77.5982602975566  1.2760050014081237 157.5982602975566 pid4252
78.02652618305433  1.7615488913710404 158.02652618305433 pid42cf
78.67620946930107  0.5861474606968601 158.67620946930106 pid425d
78.76383012142344  1.0190019350475699 158.76383012142344 pid42df
79.1688261283722  0.7970130415919063 159.1688261283722 pid4233
79.78217898567134  0.6739757463647988 159.78217898567135 pid42b0
80.24258836121706  1.703005695540283 160.24258836121706 pid4266
81.01538093336542  1.7497467695108113 161.0153809333654 pid43ae
81.0266065736166  1.9805765458655102 161.02660657361662 pid436c
81.30094524857695  1.9785810551142933 161.30094524857697 pid4396
81.85817059895649  1.8242777395386627 161.8581705989565 pid42f2
82.22024942438561  0.675157846027128 162.2202494243856 pid4263
82.42868205045608  1.4800655630987904 162.42868205045608 pid4278
83.12168844436816  0.9986222686189561 163.12168844436815 pid432a
83.31434656937458  1.3251789579633586 163.31434656937458 pid4309
84.16218717345821  1.767483953403233 164.16218717345822 pid429b
84.21472725387439  1.7067073614817436 164.2147272538744 pid42c8
84.4166623313891  1.903918530316232 164.4166623313891 pid4221
85.8465524999019  1.2339376033926641 165.84655249990192 pid4218
85.86131131735421  1.3079778864532836 165.8613113173542 pid4244
86.49725652268938  1.0647353826154158 166.49725652268938 pid4229
86.75139809418397  0.7889124507453151 166.75139809418397 pid424b
87.43575632163669  1.980419848338496 167.4357563216367 pid4311
87.61411222917901  1.435037203216492 167.614112229179 pid42b7
87.69804642072715  1.2911249702296221 167.69804642072717 pid4329
87.7447551389781  0.9253938286703864 167.74475513897812 pid430d
87.95563076367719  1.985413631085017 167.9556307636772 pid4399
88.54711333836133  1.9402455241348497 168.54711333836133 pid431c
88.75597471663077  1.0198690680872446 168.75597471663076 pid42bd
89.07204805670456  1.5289691182227538 169.07204805670455 pid434d
89.6816896336044  0.7355588943424645 169.6816896336044 pid42a6
89.81645346370401  1.8958492462954393 169.81645346370402 pid4389
90.76751574354498  0.5663960090476798 170.76751574354498 pid4330
91.68179257472023  1.7475604724278748 171.68179257472025 pid4359
92.08930474530223  1.2223881639380718 172.08930474530223 pid42db
92.90853171153145  0.9768885624067221 172.90853171153145 pid426e
93.70841657808398  1.001190635051198 173.70841657808398 pid4297
93.878869601392  1.4969887006815275 173.878869601392 pid42e0
94.04420829994893  1.4622852003957865 174.04420829994893 pid4320
94.10226140726186  1.0499636202762448 174.10226140726186 pid4230
94.19104875434132  1.6830061628976956 174.19104875434132 pid434a
94.26642756434092  1.6463166051365892 174.26642756434092 pid4342
95.23573226072175  1.9067532026371115 175.23573226072176 pid434c
95.77944299202866  1.7562494454138435 175.77944299202866 pid434f
96.06013664030051  1.4095092770663347 176.06013664030053 pid43be
96.19652237133158  0.8974471157599201 176.19652237133158 pid4288
96.63068293877336  1.9395919541055102 176.63068293877336 pid437a
97.40172252664419  1.4315015627892778 177.4017225266442 pid42fa
97.65280063748385  1.2866056217831858 177.65280063748384 pid4255
98.00583965992423  1.1690856085802586 178.00583965992422 pid4277
98.33872431584393  0.8558369305646075 178.33872431584393 pid430e
98.35332197174473  1.7087599954760093 178.35332197174472 pid4271
98.9248027332636  0.7854139307645103 178.92480273326362 pid4323
99.22800953839439  1.1884662290276753 179.2280095383944 pid4310
99.25336041218573  1.592683373154206 179.2533604121857 pid4322
99.3910249900286  1.7090273901584778 179.3910249900286 pid4372
99.56044795122021  1.9069974449451728 179.56044795122023 pid426c
100.4889865041175  1.3264560059981614 180.48898650411752 pid4352
100.54574106105817  0.9051924403084468 180.54574106105815 pid42a1
100.66511193510806  1.1030274047771211 180.66511193510806 pid427b
100.91951438578612  0.5735936087182878 180.9195143857861 pid4294
101.20045842847232  1.3748561828104007 181.2004584284723 pid42ae
101.4198914463926  0.8480413894979686 181.4198914463926 pid43a1
101.49791606025343  0.8762716429142867 181.49791606025343 pid4357
101.66599987547121  1.5152117637139346 181.66599987547121 pid439f
103.5849511471365  1.6193956328029318 183.5849511471365 pid423b
103.5933069012423  1.8848100511787913 183.5933069012423 pid427a
103.99857550666749  1.6819901986469254 183.9985755066675 pid430a
104.2409352222376  0.9027365788209276 184.2409352222376 pid43b7
104.82842957602078  1.0852362474487847 184.82842957602077 pid4236
105.68150569251442  1.400221402301852 185.6815056925144 pid429c
105.7977345393294  1.8038101750361322 185.79773453932938 pid423e
106.4901785125611  1.8260786929619466 186.4901785125611 pid4365
107.12608416877218  1.9092812698988504 187.1260841687722 pid428c
108.08036076582952  0.6601870493369141 188.08036076582954 pid42c0
108.57357695288944  1.2663615599306435 188.57357695288943 pid4268
109.97663143056029  1.8518259062034634 189.9766314305603 pid4358
110.38598606762555  0.9077533271169816 190.38598606762554 pid424d
110.55452005798197  1.310133383475002 190.55452005798196 pid421d
111.07518159306305  0.9448648096877185 191.07518159306306 pid4260
111.32029008126815  1.9772891752298023 191.32029008126815 pid424f
112.32111702739678  0.9530888360061543 192.32111702739678 pid422d
112.33177214784553  0.664894049993231 192.33177214784553 pid42b4
112.63453204409353  1.011185591868664 192.63453204409353 pid43aa
112.8069371746277  1.292729408319139 192.8069371746277 pid4253
112.99112033284814  0.9696515743169754 192.99112033284814 pid431b
113.25513922258963  1.6516553373860154 193.25513922258963 pid4341
113.4704060942297  1.4686716418192163 193.4704060942297 pid42e1
113.61063102601537  1.6041928665101657 193.61063102601537 pid42da
113.82387601105971  0.7928794808429739 193.82387601105972 pid43ba
114.19513131812225  1.188849024036573 194.19513131812226 pid4374
114.47913856003518  0.8674344849564899 194.47913856003518 pid4282
114.67127826498562  1.6270342940005218 194.67127826498563 pid42e6
114.88714712224774  1.0707289069960302 194.88714712224774 pid433a
115.63792770845862  1.4626595383556005 195.63792770845862 pid42b6
116.06847876262093  1.3551939201172019 196.06847876262094 pid43b5
116.71833707002321  0.7303782997869698 196.7183370700232 pid4340
117.03802779685765  1.6001759275470346 197.03802779685765 pid42d2
117.38706937088216  0.9742633105258153 197.38706937088216 pid42a2
117.82329259758677  1.6337332255488535 197.82329259758677 pid420a
117.89968906173357  0.688126449786568 197.89968906173357 pid423d
118.04151454968279  0.5297798182447895 198.0415145496828 pid423a
118.10785919009342  0.7703657101665918 198.10785919009342 pid427e
118.75719108878074  0.8174461030312454 198.75719108878076 pid42c2
119.3959753843935  1.7352251959355534 199.3959753843935 pid4291
119.61372037263762  1.979523330585337 199.6137203726376 pid42ba
119.75858957908619  1.064470143357486 199.7585895790862 pid437c
119.79329119406289  1.3106375904369185 199.79329119406287 pid435f
119.86819138119493  1.8433948088657797 199.86819138119495 pid42b8
120.54566878915894  1.6303360598455898 200.54566878915892 pid42ab
120.73249970408838  1.3118866377752716 200.73249970408838 pid4386
121.28442036653071  1.0700532755004994 201.2844203665307 pid42d5
121.36816637103156  0.8185830408135149 201.36816637103158 pid43bf
122.29200412221975  1.5203549559832654 202.29200412221974 pid4285
122.53717593165457  1.849516673733072 202.5371759316546 pid439b
123.25396872176952  0.7562806861170674 203.25396872176952 pid438d
123.53061287459565  1.9640506655258463 203.53061287459565 pid4281
123.53810639061683  0.9662863800930457 203.53810639061683 pid435d
123.54416786899215  0.8423380271040009 203.54416786899213 pid43b3
124.09162652543215  0.834467871580244 204.09162652543216 pid43a5
124.19400359112058  1.51126696222228 204.19400359112058 pid4317
124.4310718324173  1.5370027015962469 204.4310718324173 pid4306
124.63886810981124  0.7375549424266667 204.63886810981126 pid42e2
124.86418029094791  1.187070573708298 204.8641802909479 pid43c1
125.06612044575256  1.4723708184166502 205.06612044575257 pid439c
125.24332867919948  1.2809412458589553 205.24332867919946 pid42cb
125.30190094742922  0.9741457078387579 205.3019009474292 pid42f7
125.90563660649916  1.7819026264341917 205.90563660649917 pid42f6
125.93085515915828  1.3452693271880583 205.93085515915828 pid4256
126.1839726049088  1.7258580471034257 206.1839726049088 pid420b
126.68304311569959  0.5036993028016822 206.6830431156996 pid4346
126.8119939351217  1.7071085388681664 206.8119939351217 pid438f
126.94324471739583  1.5947574458724778 206.94324471739583 pid4205
127.05676215386114  1.8891790207737662 207.05676215386114 pid422c
127.49178890003219  1.6542021967043894 207.4917889000322 pid439d
127.53364286109213  0.975391054869708 207.53364286109212 pid4249
127.63912723017873  0.9906669173072423 207.63912723017873 pid4369
127.65583977965981  0.7173099262079257 207.6558397796598 pid42c1
127.70247097457714  0.6467076245893755 207.70247097457712 pid4273
127.72121622446143  1.845209953716473 207.72121622446144 pid4388
128.05849219960822  1.8127031536331213 208.05849219960822 pid42d9
128.29288618029017  1.5467313962565927 208.29288618029017 pid42e7
128.70595049819423  1.2467190126953354 208.70595049819423 pid437b
128.79217500216353  1.4092907203835359 208.79217500216353 pid4239
129.16135477847808  1.4999334130547377 209.16135477847808 pid42b1
129.36550734367515  1.1121443740083536 209.36550734367515 pid421f
129.3986271692116  1.0690182458876563 209.3986271692116 pid4324
129.71048090772263  1.8483914687153853 209.71048090772263 pid4210
129.83846773573023  1.320149116639854 209.83846773573023 pid4238
130.1148937249025  1.174960458112625 210.1148937249025 pid4392
130.53781110854345  0.6725162984804096 210.53781110854345 pid4254
130.57766562841994  1.9666599954683044 210.57766562841994 pid428b
130.67488268441815  1.3627938847642525 210.67488268441815 pid42d3
131.26736701405062  1.788546710053786 211.26736701405062 pid42c5
131.32949593719334  1.2883943365308645 211.32949593719334 pid4328
131.88448081745005  0.5508911642143496 211.88448081745005 pid4240
131.96221257974923  0.9909850426554367 211.96221257974923 pid432c
132.51759775459325  1.3236637287993163 212.51759775459325 pid429a
132.99512290249083  1.6872935694778708 212.99512290249083 pid4363
133.05357892270644  1.8233426272246835 213.05357892270644 pid43ad
133.9019361863138  1.3588229703202321 213.9019361863138 pid426b
134.1307156389571  1.8544607695164719 214.1307156389571 pid43bd
134.29661521829698  1.4702305493423893 214.29661521829698 pid42af
134.9918952833782  1.3995126530323936 214.9918952833782 pid4301
135.19280987344672  0.5492204788992987 215.19280987344672 pid42a0
135.90690635414504  0.5002356361324121 215.90690635414504 pid42c9
137.6383478668274  0.6754591437265323 217.6383478668274 pid43bb
137.73673106574637  0.6066509017243304 217.73673106574637 pid425f
137.75704247585853  1.1800961856678787 217.75704247585853 pid43b8
138.02978688806436  0.8496995280672197 218.02978688806436 pid4325
138.51566124395006  1.2172228618143488 218.51566124395006 pid4385
138.58881264655065  0.7213083216862204 218.58881264655065 pid425a
138.59203455927386  0.6309107572640016 218.59203455927386 pid42e3
138.88764609465878  1.8229081780151823 218.88764609465878 pid430c
139.65455354907576  0.7515166048796105 219.65455354907576 pid43c2
140.0787381156326  0.6157992815782015 220.0787381156326 pid436d
140.46651169551464  0.5539395386719712 220.46651169551464 pid4259
140.86253508883013  1.0970763029702348 220.86253508883013 pid42a5
141.07993095267284  0.8384209157515756 221.07993095267284 pid4367
141.2509834115984  0.7754435061334531 221.2509834115984 pid43a3
141.56560106375193  1.1609894953320714 221.56560106375193 pid437e
141.62861432512454  0.9846294562208088 221.62861432512454 pid43b6
142.21460725914412  1.8220747488284121 222.21460725914412 pid436a
142.22802843535447  1.2017978770000537 222.22802843535447 pid4318
142.30319269127202  1.8439094759422958 222.30319269127202 pid4321
142.61712968193208  1.3182889362554377 222.61712968193208 pid431e
142.83040893437874  0.8415611009995609 222.83040893437874 pid42be
142.87941542493763  0.6711927078341257 222.87941542493763 pid4316
143.36468708088188  1.0757561084024256 223.36468708088188 pid42f3
143.38459979780004  1.6815488344159415 223.38459979780004 pid43b1
143.78896421568143  1.5045406873577645 223.78896421568143 pid4303
144.2286092093991  1.1966109886870149 224.2286092093991 pid4373
144.370834516106  1.4720633288211968 224.370834516106 pid4283
145.30463693428345  1.2244108085370504 225.30463693428345 pid4248
146.15844879756222  1.2675896622618017 226.15844879756222 pid42d8
146.37154317168697  1.0629471807467936 226.37154317168697 pid42de
147.19785230386395  0.9570859435723401 227.19785230386395 pid4383
147.45457067900338  0.8870855458229994 227.45457067900338 pid433c
147.52978539308955  1.5047301046749852 227.52978539308955 pid436b
147.68239564205683  1.3542802985957292 227.68239564205683 pid43ab
147.7299213769071  1.6976489963117154 227.7299213769071 pid4331
147.83438781523446  0.7341947784272889 227.83438781523446 pid4327
148.171270118899  0.5391970421160661 228.171270118899 pid4275
148.42205059351667  0.9745754046854327 228.42205059351667 pid4206
148.46580750752003  1.1846180875756995 228.46580750752003 pid42eb
148.89189023240996  1.6998846055234946 228.89189023240996 pid4222
149.186964885602  0.7502033374873376 229.186964885602 pid4241
149.6747881353859  1.0288950084265043 229.6747881353859 pid4370
