0.9367713016469881  1.5885023263452291 80.93677130164698 pidf4b
1.8391244669875073  1.5469687769383529 81.83912446698751 pidf14
2.2572789453305484  1.5132751879627984 82.25727894533055 pidf89
3.893761604329693  0.943654509625862 83.8937616043297 pidf1b
5.2861257810909335  1.4957196253535514 85.28612578109093 pidf74
6.330101728656901  1.1543908073906484 86.3301017286569 pidf21
6.925185347527762  0.7625869060618936 86.92518534752776 pidf24
8.009012026390677  1.392414187221654 88.00901202639068 pidf5b
12.603347271861349  0.5499011771695637 92.60334727186135 pidf2d
13.124505768902623  0.6018583947525911 93.12450576890262 pidf35
13.654449185475636  1.888812024619551 93.65444918547564 pidf85
14.031198890171325  1.3112301332958547 94.03119889017132 pidf0e
14.361420457573065  1.3009313603183765 94.36142045757306 pidf0b
14.649756585694373  1.9598757680960421 94.64975658569438 pidf37
14.796031857403126  1.0116420778251511 94.79603185740312 pidf90
15.136868568453881  0.7698834742524097 95.13686856845388 pidf12
15.480402621544664  1.2620135310028704 95.48040262154467 pidf22
15.66680855437147  1.8331102321721031 95.66680855437147 pidf27
16.871667093941817  1.4296359724820547 96.87166709394182 pidf56
22.725073542377867  0.9194707645481952 102.72507354237787 pidf7a
22.838544358074003  1.1192812912937224 102.838544358074 pidf7b
23.864718789945044  1.7280995239916481 103.86471878994504 pidf1c
24.579838666136755  1.2170754426870092 104.57983866613675 pidf5c
26.32627335829016  1.5459887642505044 106.32627335829017 pidf38
28.6050294111843  0.6745806961516903 108.6050294111843 pidf48
29.24076513874809  1.9728951629283409 109.24076513874809 pidf80
31.381437264175666  0.9006215501968662 111.38143726417567 pidf71
32.32800265083044  0.8574774388598305 112.32800265083044 pidf6c
32.37878307046872  0.9187258756992023 112.37878307046873 pidf98
33.811072615740635  1.4830115766822196 113.81107261574064 pidf6a
36.52509382541504  1.1603530065898977 116.52509382541504 pidf7d
36.529742997717186  1.9160628422473678 116.5297429977172 pidf84
36.824124526633405  1.8655309840011507 116.8241245266334 pidf76
37.55248084387199  0.8322706122110827 117.55248084387199 pidf2e
38.04221906391458  0.7612233372840855 118.04221906391459 pidf94
40.62080163535955  1.4658003206739896 120.62080163535956 pidf3d
41.859017850453526  0.8107306595238425 121.85901785045353 pidf28
42.18677854242127  1.9361460041018768 122.18677854242128 pidf77
42.72136093057714  1.2408271558323893 122.72136093057713 pidf0c
44.189270016155476  0.8288016315293405 124.18927001615548 pidf30
46.96474971626109  1.7718013579550362 126.96474971626108 pidf18
48.90803967409278  0.8754788398007061 128.90803967409278 pidf92
50.10519872635042  1.8422183252170552 130.1051987263504 pidf79
51.06120503798104  1.9087480464914037 131.06120503798104 pidf9c
51.28009673884741  1.5523293949668961 131.28009673884742 pidf87
52.655485817146754  1.058340498108704 132.65548581714677 pidf0f
53.88000464998562  0.762829588554623 133.8800046499856 pidf19
55.919395115240924  1.1964224768162455 135.91939511524092 pidf8b
55.95100171357386  0.9099001908810929 135.95100171357387 pidf4d
56.76669911552925  0.9699805362276275 136.76669911552926 pidf29
56.92169619586288  1.5284941464717055 136.92169619586286 pidf70
57.36030696650539  1.9283054416933854 137.3603069665054 pidf63
58.28404721350729  1.4524343316616248 138.28404721350728 pidf20
60.06320468169514  1.4416120578514104 140.06320468169514 pidf78
61.09798214560158  1.0557387252581814 141.09798214560158 pidf34
62.38551234144944  1.9515050573794832 142.38551234144944 pidf96
62.787783519306046  1.3163343163051058 142.78778351930606 pidf1e
63.90086611062433  1.0912563083309061 143.90086611062432 pidf60
65.74184884782281  1.1642441788882663 145.7418488478228 pidf36
66.4192891704946  0.820166153109089 146.4192891704946 pidf9b
67.41999504707968  0.50393421543265 147.41999504707968 pidf62
67.96188372477148  1.9408648703184532 147.9618837247715 pidf9f
68.44460095933806  0.7216303783861358 148.44460095933806 pidf1d
68.703653889219  1.1724148664195608 148.703653889219 pidf55
69.0672099359894  1.0805276778745259 149.0672099359894 pidf44
69.53425332504544  1.6369415232242883 149.53425332504543 pidf11
72.78537353054334  1.8823316789024882 152.78537353054332 pidf1a
73.07739817225536  1.9864022927024942 153.07739817225536 pidf46
75.995765439339  0.8116958794603826 155.99576543933898 pidf75
76.14062099581484  0.525959503374974 156.14062099581486 pidf4e
78.2033340581876  1.9943599350984733 158.20333405818758 pidf2b
79.88576025833176  0.6016256721764898 159.88576025833174 pidf43
80.62622671790727  1.7581852821986423 160.6262267179073 pidf91
81.87126837290391  0.5300882193172198 161.8712683729039 pidf86
82.49433106158794  1.918763051636503 162.49433106158796 pidf3c
83.69441688148574  1.3770164420038118 163.69441688148572 pidf4c
84.41443419439823  1.6616201976804088 164.4144341943982 pidf7c
85.23051979909368  0.5068018395296383 165.23051979909368 pidf9d
85.30066270351806  1.5658515989307298 165.30066270351807 pidf9a
86.45428320677347  1.3698157760984173 166.45428320677348 pidf68
87.30564631228825  1.203825936481608 167.30564631228825 pidf33
87.30605625557187  1.3369928714153723 167.3060562555719 pidf3e
87.64158428489127  1.2313947167876154 167.64158428489128 pidf7e
87.6882390399784  0.9292152976705892 167.68823903997838 pidf0d
88.86790736906009  1.2914656373609086 168.8679073690601 pidf64
89.77603704215349  1.665988279789576 169.7760370421535 pidf13
90.06639183578368  1.4463239269590829 170.0663918357837 pidf9e
90.83120634558927  1.0145338768486092 170.83120634558927 pidf81
91.33385199010192  0.8287399694967093 171.33385199010192 pidf54
91.518744212769  0.8204408485959913 171.51874421276898 pidf61
91.72571346241703  1.3680799967878432 171.72571346241705 pidf8a
91.87707249898442  1.4368538230033019 171.87707249898443 pidf5f
93.08546902599552  0.6307611376276161 173.0854690259955 pidf72
93.17255560514204  0.6445173135365005 173.17255560514204 pidf2c
93.3630606224545  1.1877785268190841 173.3630606224545 pidf65
96.50777946730805  1.1445126791424491 176.50777946730807 pidf59
97.71986487802162  0.8825709463366349 177.7198648780216 pidf1f
101.37487546486496  1.5831294628936838 181.37487546486494 pidf5e
101.95114035735392  1.799330340865187 181.95114035735392 pidf23
103.240273542214  1.7743972367870542 183.240273542214 pidf8f
103.67983623409332  1.9866482593803103 183.67983623409333 pidf41
104.03124442545605  1.855181809717981 184.03124442545607 pidf49
105.23847494783803  1.0872559667602226 185.23847494783803 pidf57
108.16593242565197  0.5527905366960946 188.165932425652 pidf88
108.92368369869816  1.1884604530726788 188.92368369869814 pidf95
109.61436152413424  1.9487784398221564 189.61436152413424 pidf32
110.69001718050284  0.5752283468513526 190.69001718050282 pidf10
111.0574815414755  1.4513544790290833 191.0574815414755 pidf50
111.34675381194266  0.930749904484108 191.34675381194268 pidf0a
111.79215329871907  0.8566297121602229 191.7921532987191 pidf3a
113.99945117089555  0.8887207946745435 193.99945117089555 pidf47
114.0724112997294  1.891037911233575 194.0724112997294 pidf52
116.9278245493838  1.2663314178043599 196.92782454938379 pidf6f
118.50389010196027  1.73644318497 198.50389010196028 pidf58
118.76413257466587  0.6662698030002387 198.76413257466587 pidf5a
119.15811430237326  1.304405829227249 199.15811430237326 pidf15
122.56246351948343  1.588669979485655 202.56246351948343 pidf99
124.40070163828017  1.706566253218795 204.40070163828017 pidf82
124.7307617847575  1.391406057247739 204.7307617847575 pidf83
125.74584018618498  1.3806267841530138 205.74584018618498 pidf51
125.8925271556523  1.2441463617079376 205.89252715565232 pidf4a
125.91680844235658  1.516087668624616 205.91680844235657 pidf3f
125.97525778138623  1.8480895726240771 205.97525778138623 pidf45
126.53859645847994  0.6944217807044656 206.53859645847996 pidf4f
126.82320473527248  1.776625160392182 206.8232047352725 pidf6b
127.09000413430077  1.4186665617815166 207.09000413430078 pidf67
128.1520749406077  1.7200834880010831 208.1520749406077 pidf93
131.28517274141205  0.58344599407366 211.28517274141205 pidf40
132.60628965433645  1.581549763796052 212.60628965433645 pidf2a
133.5196128005441  0.5169544793924843 213.5196128005441 pidf17
134.48317545476948  1.5743413511834543 214.48317545476948 pidf6d
135.51299471485785  1.4336521796260242 215.51299471485785 pidf7f
135.9684789446734  0.6214539027263695 215.9684789446734 pidf3b
137.5177716820418  1.0182649824692385 217.5177716820418 pidf26
138.039377450648  0.6596955644683747 218.039377450648 pidf16
138.38370540851437  0.6248202066279285 218.38370540851437 pidf2f
138.93107761612805  1.576360174146095 218.93107761612805 pidf42
139.66143161212378  1.5822565355729223 219.66143161212378 pidf53
142.19392352509695  0.922055033322102 222.19392352509695 pidf69
142.56545576262064  1.3777897088591806 222.56545576262064 pidf25
144.94878494159298  0.5837273386120156 224.94878494159298 pidf97
146.80173963960516  1.8161027615098906 226.80173963960516 pidf73
147.04051235721286  1.5368830522558743 227.04051235721286 pidf8c
147.352445803827  1.6372074120707596 227.352445803827 pidf39
147.40576746517118  1.813999340972246 227.40576746517118 pidf31
147.4814733125797  0.8218758093519962 227.4814733125797 pidf8e
147.60260342030438  1.7510233175170467 227.60260342030438 pidf8d
148.31716018007182  1.3966313761186555 228.31716018007182 pidf5d
148.31861044230305  0.9534655331135902 228.31861044230305 pidf66
149.16933967873786  1.826958376111861 229.16933967873786 pidf6e
