0.08851779693799244  1.4221805021996845 2.9328788013373615 pid428e
0.1607260299726132  2.239907630388925 4.6405412907504635 pid43b6
0.2446943596015494  1.0803032582598238 2.405300876121197 pid430e
0.3897459578059981  1.315301606136912 3.020349170079822 pid4261
0.5097458909814279  1.1630790480629014 2.8359039871072307 pid420c
0.6869495628122668  1.4585642148932418 3.6040779925987505 pid42a0
0.7534922146551271  1.1479736210509919 3.049439456757111 pid429a
1.2682995337613856  1.1461944957221062 3.560688525205598 pid4368
1.5492643517484361  1.6547527876610761 4.858769927070588 pid4216
1.8003917627237964  1.3336422122893454 4.467676187302487 pid4257
2.161223028262649  2.886962260407102 7.935147549076853 pid4333
2.2266022073601177  1.0878469769927341 4.4022961613455855 pid4287
2.828382599220136  0.9238293657316616 4.676041330683459 pid4230
2.8600860314271337  1.6356302888742378 6.131346609175609 pid42b1
2.897048931766133  0.6135594171811127 4.124167766128359 pid43c3
2.97874642257262  2.6362720952046064 8.251290612981833 pid43b9
3.2693447251330165  2.9464676365193907 9.162279998171798 pid421b
3.5328852249251086  0.789240654074308 5.111366533073724 pid4296
3.795865120236952  1.359551306235907 6.514967732708766 pid42fa
3.915075868773832  1.2832987943080598 6.4816734573899515 pid43a9
4.064542106146707  2.198389051730937 8.46132020960858 pid425b
5.038995259493384  1.619630637996925 8.278256535487234 pid42f6
5.052543797637254  0.49720179666917247 6.046947390975599 pid437f
5.204763888615959  1.557470047613935 8.31970398384383 pid439f
5.5432711972944855  0.5660366586644845 6.675344514623454 pid4343
5.8091426749516835  2.3526879962742435 10.51451866750017 pid432e
5.995318727734689  1.3873962559739068 8.770111239682503 pid433e
6.012773951483286  0.7502898748163109 7.513353701115908 pid4224
6.084667558700563  0.989932909499057 8.064533377698677 pid4369
6.401102013463578  2.8179630169286534 12.037028047320884 pid42d8
6.647472612247118  2.367982338127234 11.383437288501586 pid42ee
6.672939130796108  1.6679614995091514 10.00886212981441 pid4341
6.71035350026763  1.5299463188673137 9.770246138002257 pid422f
6.722655490059049  1.5369858141597117 9.796627118378472 pid4364
7.11294050238852  2.611058641177037 12.335057784742595 pid4312
7.1959572105691265  2.712227972561013 12.620413155691153 pid434a
7.204711686546961  1.6362164734473397 10.47714463344164 pid4241
7.287907703252994  1.860058053104451 11.008023809461896 pid42bd
7.448060236468157  0.7696967104757626 8.987453657419682 pid4354
7.771587363924947  1.097666517610993 9.966920399146932 pid4345
7.772227052206448  2.3698210291601 12.511869110526648 pid426e
7.974437536339529  2.5441635764384283 13.062764689216387 pid43ae
8.40361565005514  0.7572143987413362 9.918044447537813 pid4338
8.729799593211096  2.4901214154054405 13.710042424021978 pid4382
8.741650602163576  0.6621180523667745 10.065886706897125 pid42a5
8.983770742834796  1.5474720553784023 12.0787148535916 pid42bf
9.001270678461658  1.2526785304780699 11.506627739417798 pid425a
9.115740826481888  2.4808405604373447 14.077421947356576 pid433a
9.194073143393544  1.025208295916293 11.244489735226129 pid42bc
9.541277204846054  1.3977629022246814 12.336803009295416 pid428b
9.72920493267363  0.6285946256258333 10.986394183925297 pid42cd
10.442054753734132  1.7933074562143378 14.028669666162807 pid4204
10.474644628069885  2.7930352320468677 16.06071509216362 pid42ce
10.935780492194858  1.457312707904732 13.850405908004323 pid429b
11.114711165735358  1.9904096470636743 15.095530459862706 pid4285
11.132890119380246  2.9862549249894252 17.105399969359098 pid4273
11.356457102867212  0.8891214654788617 13.134700033824936 pid421a
11.393871482944162  1.778537254053422 14.950945991051006 pid42c4
11.471050348771005  0.7785436964966705 13.028137741764347 pid4293
11.831297601404344  1.684665541880086 15.200628685164517 pid42b9
11.93555882075039  1.6406269113745613 15.216812643499512 pid4396
12.132936483432744  1.2763953993148212 14.685727282062386 pid4309
12.138290886231307  1.3094011274841386 14.757093141199583 pid4394
12.235156909463974  0.7722958522223036 13.77974861390858 pid4242
12.959749627944028  0.6054297633208655 14.170609154585758 pid4377
13.154878364324718  1.971949697536155 17.098777759397027 pid4344
13.1629405861307  2.5062773055419245 18.17549519721455 pid4308
13.283345099404897  0.9606906922951751 15.204726483995248 pid435b
13.326907461029435  2.4824274653236635 18.291762391676762 pid4360
13.995685431452532  1.0300027931108326 16.0556910176742 pid42de
14.201816127647128  1.8740217386318134 17.949859604910756 pid4362
14.508780080594807  0.6050917459505113 15.718963572495829 pid42bb
14.832529605460765  2.7764900559153887 20.38550971729154 pid4395
14.877259814533561  0.9421045351393059 16.761468884812174 pid42d9
14.892210995241184  2.9772243002695924 20.84665959578037 pid4310
15.389943221295887  1.2636875813456836 17.917318383987254 pid43a4
15.964668356000066  2.2610516999674437 20.486771755934953 pid420e
15.981253011073237  2.8321861263975827 21.645625263868403 pid436f
16.62037574576255  2.035933529336884 20.69224280443632 pid42ec
17.33765240522448  2.5228811039014265 22.38341461302733 pid423d
17.684310358586288  0.862153670277928 19.408617699142145 pid42c6
18.05919874561979  2.0095512625515797 22.078301270722946 pid4240
18.07568841181607  0.6391940348866875 19.354076481589445 pid437c
18.243694604112047  2.219837363590255 22.683369331292557 pid436e
18.57342111202157  2.9242773745146162 24.421975861050804 pid424f
19.408643493699618  0.5253630095856694 20.459369512870957 pid4378
19.427848403436844  2.715593016399982 24.859034436236808 pid427f
19.714986431965286  1.4738210348467047 22.662628501658695 pid4231
19.895398932060004  1.863071820346065 23.621542572752134 pid43c4
20.111397214773174  1.0008547545527442 22.113106723878662 pid43b5
20.43259131793489  2.804504516552119 26.04160035103913 pid420d
20.74327939059949  0.985479893007762 22.714239176615013 pid432b
20.9107705886022  1.7943676010611371 24.499505790724477 pid4228
21.131707020530943  1.9616411275558852 25.05498927564271 pid4306
21.15564426339477  2.4715906476885507 26.09882555877187 pid42ad
21.52417024315918  1.8360372472076376 25.196244737574453 pid42d1
21.55434108393408  1.7116331852163063 24.97760745436669 pid4264
21.671171779893438  1.2476738306937354 24.166519441280908 pid42c7
22.16661516079659  0.5174554040773257 23.20152596895124 pid4303
22.379402613021814  1.1791910871977818 24.737784787417375 pid43a1
22.907251201390622  0.6667125228943604 24.240676247179344 pid4234
23.223835171131014  0.8912338220963292 25.00630281532367 pid435f
23.567351701112692  2.883051487361135 29.33345467583496 pid4274
23.65547641442608  2.4753715392365208 28.606219492899122 pid437a
23.934735711932497  2.4289633141683873 28.79266234026927 pid4244
24.059043470911888  2.83649533527695 29.73203414146579 pid4298
24.360884675946615  0.7530887768875065 25.86706222972163 pid4295
25.04483600920019  1.0600235838581535 27.164883176916497 pid42fc
25.234481808178444  0.8857510643121829 27.00598393680281 pid4292
25.301629758094613  1.4133821842191496 28.12839412653291 pid426a
25.307575566427754  2.4826670397892823 30.27290964600632 pid4307
25.327885787181405  2.1075533516492313 29.542992490479868 pid42e1
25.382419120566567  2.502306902858357 30.387032926283283 pid430b
25.42434171161775  0.6294316885772745 26.683205088772297 pid424e
25.458773507627885  1.3232998366945985 28.105373181017082 pid4239
25.488224812711778  1.7896367955283194 29.06749840376842 pid42fe
25.512586625288346  0.5164624753213947 26.545511575931137 pid434f
25.69742297533627  1.4022762488786316 28.501975473093534 pid4391
25.772252342365796  2.598469711637519 30.969191765640833 pid4245
25.84814079634289  1.09985491284864 28.04785062204017 pid4384
26.018661294221033  1.5646086274859377 29.14787854919291 pid43a6
26.07142322444479  1.1823854544902987 28.43619413342539 pid42d0
26.128537923283922  1.761805796129174 29.65214951554227 pid42df
26.2336164195613  1.5340428407062308 29.301702100973763 pid435c
26.476794474082666  0.7191652381865093 27.915124950455684 pid42aa
26.615962618341626  1.5742387946410301 29.764440207623686 pid4206
26.68933268368514  2.554435704259334 31.79820409220381 pid42c5
27.089344991281607  0.9390642002761678 28.96747339183394 pid42e0
27.951613004954112  0.6426418337581007 29.236896672470312 pid4304
28.028097332227443  0.5402833048560307 29.108663941939504 pid42a9
28.303278025320367  2.585061171557481 33.47340036843533 pid4317
28.614772231085574  1.8847476345624496 32.38426750021047 pid4386
28.72756326986584  0.8924448284807939 30.51245292682743 pid4385
28.87020507236674  1.9046896389631351 32.67958435029301 pid428c
29.52101969558768  1.8648569146744993 33.25073352493668 pid4223
29.73611836717831  2.4265566795413522 34.58923172626101 pid434d
30.05143413513174  2.7005124076494367 35.45245895043061 pid428a
30.22014884951395  1.6728379570370526 33.565824763588054 pid4320
30.465858011847747  0.9044793485389561 32.274816708925655 pid4336
30.623271279675702  0.8967315656979548 32.41673441107161 pid420f
30.723718323564896  0.9424577632322253 32.60863385002935 pid4381
30.817034605089166  0.46537511243288127 31.747784829954927 pid43ba
31.007794615142803  2.0560977359907735 35.11999008712435 pid426b
31.338949502251268  1.5374179074401457 34.413785317131556 pid4358
31.56724317988805  2.219487735056101 36.00621865000025 pid42a3
31.659813615665566  1.43518576703997 34.530185149745506 pid4248
31.905625178472174  1.2824987554515852 34.47062268937535 pid4217
32.37616573015076  2.758402896115441 37.89297152238164 pid42ab
33.22668075261327  2.1234545512225758 37.47358985505842 pid4291
33.48794686252592  2.8078757621159784 39.10369838675787 pid431e
33.5638519100533  2.4213866862697304 38.40662528259276 pid424c
33.729431225012654  1.0931830631395503 35.91579735129176 pid4374
33.924857251740015  2.621319068996325 39.167495389732665 pid4220
34.02449207433066  1.0140194021893214 36.052530878709305 pid4314
34.34992095795395  1.2768235903778336 36.903568138709616 pid4324
34.57311196588145  0.456124952978502 35.48536187183846 pid4380
34.63650962106898  1.8441258855912186 38.32476139225142 pid432d
34.7565057910814  2.8309716495716324 40.41844909022467 pid423e
34.77048797400777  1.718785304943287 38.20805858389434 pid42d6
35.38438695732719  1.2894282241934136 37.96324340571402 pid42f3
35.41225041419397  2.358548430492735 40.12934727517944 pid4397
35.430688877274385  2.153715056259779 39.738118989793946 pid4221
35.46704285401104  0.8823517157555159 37.23174628552207 pid42ed
35.585469402034  2.2508366556570754 40.08714271334815 pid42e7
35.82175912690245  1.7159944161949943 39.25374795929244 pid4390
36.18438829960991  0.735809297769584 37.656006895149076 pid4211
36.40655688805441  0.879856344823267 38.166269577700945 pid42cb
36.58596872960441  1.767068035965063 40.12010480153454 pid436d
36.79380918112525  0.982264682456203 38.758338546037656 pid4268
36.827451682267665  2.612105976511429 42.051663635290524 pid420a
36.98200363766924  0.6387463422356999 38.259496322140635 pid4326
37.33787095099497  2.3529980271756323 42.043867005346236 pid4379
37.42308395609035  1.7270094381472334 40.87710283238482 pid4299
37.83007303955438  2.583041788980786 42.99615661751595 pid437e
37.9545455629185  1.730498234642179 41.41554203220286 pid43b0
38.309004442858395  2.640029312111202 43.5890630670808 pid4361
38.625149133591485  2.120245759139783 42.865640651871054 pid430d
38.78029571514647  2.3967477885174353 43.57379129218134 pid43b2
38.79876785229982  0.48779720672863786 39.77436226575709 pid427d
38.80276859571757  1.3219039416703904 41.44657647905835 pid4214
38.8439746205694  1.0155215537363438 40.87501772804209 pid4366
38.89285681334904  1.9898926452803982 42.87264210390984 pid42ac
39.09889095227507  1.0958935230736375 41.290677998422346 pid4365
39.14726351921184  2.9004543410969443 44.948172201405725 pid42b8
39.28107113887462  0.934472400011148 41.15001593889692 pid42dd
39.35781772938034  2.916192306836055 45.190202343052455 pid4389
39.4265949914349  2.450321585356331 44.32723816214756 pid4227
39.55996162433184  2.781107004715918 45.122175633763675 pid4232
39.64586622113193  1.9983356629315194 43.64253754699497 pid422b
39.91706252410222  0.47239288117392686 40.861848286450076 pid4353
40.073622169861466  2.877996688886367 45.8296155476342 pid43a8
40.20247043610347  0.7671075909719078 41.73668561804728 pid4315
40.26794051883539  0.4461525625023351 41.16024564384006 pid4282
40.34897885400917  2.7846680012721454 45.91831485655346 pid4335
40.64889505653389  2.098949324120681 44.84679370477525 pid4376
40.78223078276261  2.1398186626812867 45.06186810812518 pid42af
40.9484839869039  2.732846011482842 46.414176009869585 pid4347
41.00949000482862  2.717034718518876 46.44355944186637 pid4229
41.18841024748938  0.6113435517130573 42.4110973509155 pid42ba
41.880825163126  2.959587297894753 47.799999758915504 pid42ff
42.144849184680325  1.9080356461020047 45.96092047688433 pid435e
42.440334363523114  1.0560445580399764 44.552423479603064 pid4263
42.45246032977753  1.4833687544745189 45.41919783872657 pid430a
42.45447823448192  1.5455358291175667 45.54554989271705 pid4288
42.563287537281134  2.1704213573004854 46.90413025188211 pid4218
42.59014631520549  1.5657663271490727 45.721678969503635 pid42e5
42.66584145918234  2.407365371038486 47.480572201259314 pid4269
42.73853984967112  1.4257703214658104 45.59008049260274 pid4319
44.058129970560756  1.7177494508754019 47.49362887231156 pid42ca
44.094928619256976  2.530785221265469 49.15649906178791 pid42f5
44.168052150767814  1.387141006688351 46.94233416414451 pid4302
44.20255689581687  0.46212837295352205 45.12681364172391 pid4262
44.2078998089656  1.4130107845488311 47.03392137806326 pid4254
44.388937423523785  2.1809881466145 48.750913716752784 pid43bb
44.74847148866286  2.037768761623605 48.824009011910064 pid4311
44.75942272035785  0.8871474841568325 46.533717688671516 pid428f
44.99232988449202  1.2918918122390401 47.5761135089701 pid437d
46.60020163642713  2.305686529724306 51.21157469587574 pid4318
46.68025424157888  2.1032004953525516 50.886655232283985 pid4275
47.23269917692162  1.5680801018441723 50.36885938060996 pid4373
47.23702716946316  2.2543957999779574 51.745818769419074 pid432f
47.27933124705576  1.0054659561051147 49.29026315926599 pid4246
47.28659808854274  2.1773707028939246 51.64133949433059 pid4253
47.6345046902105  2.816095919042032 53.26669652829456 pid4325
47.67658702563803  1.4772814701450336 50.631149965928095 pid439a
48.697787480097396  2.999457051273477 54.69670158264435 pid43ac
48.80140461163492  1.9516112895255628 52.70462719068605 pid42dc
48.81038979245152  0.8848088472586981 50.58000748696891 pid431b
49.05300402761617  1.100255034757236 51.25351409713064 pid421e
49.180999296437776  2.3537951074800225 53.88858951139782 pid43c1
49.380414816747894  1.3063180826684442 51.99305098208478 pid434b
49.4066608431818  0.8337681842462925 51.07419721167438 pid4272
49.8055031086008  0.949823050372093 51.70514920934499 pid42a7
49.84257367022607  1.9214818154346318 53.68553730109534 pid425d
50.636287094899245  1.3588461168160852 53.353979328531416 pid4322
50.77150274630189  0.8581933857774569 52.48788951785681 pid439b
50.787652023925226  0.7459421778882844 52.279536379701796 pid4348
51.099731892971754  2.000660016687838 55.10105192634743 pid4375
51.136515967111315  1.1878654761416363 53.512246919394585 pid4212
51.21676231560123  2.373833152509272 55.96442862061977 pid426c
51.328563840950906  0.4153232138114408 52.15921026857379 pid439e
51.50783509302737  1.2170231662209927 53.941881425469354 pid42d7
51.62803693680943  1.0477402468331802 53.72351743047579 pid43b3
52.13534934346685  1.6037392563656723 55.34282785619819 pid4339
52.27032167064747  2.6798017272086745 57.629925125064815 pid43a2
52.29741232171804  0.7340873941847519 53.765587110087544 pid4328
52.363599446134465  0.6009254376691736 53.56545032147281 pid4387
52.517627428637894  2.935310790473231 58.38824900958436 pid42a2
52.646883108128996  0.7032769928552542 54.053437093839506 pid43bf
52.75124319899589  2.778556825107306 58.3083568492105 pid439d
53.303134858577  2.8715116272079437 59.04615811299289 pid423c
53.576365131241175  0.7956304195554935 55.16762597035216 pid4323
53.791905939511885  1.38236151664655 56.55662897280499 pid4286
54.16079431619537  0.8411674226238226 55.84312916144302 pid42c1
54.24242369684673  1.5977915642025349 57.4380068252518 pid4350
54.417504623134015  1.2231465945580862 56.86379781225018 pid42e4
54.465956703717275  1.095672067419057 56.657300838555386 pid43aa
54.55603114324693  0.8709249380332448 56.29788101931342 pid4280
54.997212565964446  0.5737481987693644 56.14470896350318 pid4367
55.16403537924207  2.6190685504589433 60.40217248015996 pid4370
55.519273766308686  2.68042810228168 60.88012997087205 pid42ea
55.98270422876915  2.061446130174045 60.10559648911724 pid42d5
56.14323679816656  1.9018951964133661 59.947027190993296 pid42d4
56.218977890842545  2.3766893052300615 60.97235650130267 pid4327
56.738815828815284  0.7546054569504284 58.24802674271614 pid4340
56.77043062445725  1.3554315867187912 59.48129379789483 pid42d2
56.95378686416072  1.1571926894078932 59.268172242976505 pid4346
57.10986511193301  0.9113847732159469 58.932634658364904 pid421f
57.475215473912286  1.05372142178445 59.58265831748118 pid4371
57.95696362304663  0.5487090337756527 59.054381690597936 pid435d
58.03058791005896  2.578938582549341 63.188465075157644 pid4392
58.069856654524955  0.8106094323727066 59.69107551927037 pid429c
58.09947057461715  2.046170137353545 62.19181084932424 pid4294
58.23882984555598  2.470595179876133 63.18002020530825 pid4316
58.307128459024284  1.0801602037341156 60.46744886649252 pid438e
58.54367518620932  0.7861698020591548 60.11601479032763 pid42f1
59.082062724696236  1.3900184139513634 61.86209955259896 pid424b
59.09608819838971  1.7752780284726692 62.64664425533505 pid434c
60.286348594409866  2.1824986775145394 64.65134594943895 pid4355
60.36536636116631  2.388870276561275 65.14310691428886 pid424a
60.696195018268895  1.7042287061647876 64.10465243059846 pid425c
60.94333667856379  1.8509932728365714 64.64532322423693 pid432a
61.07487838233758  1.8896603343064777 64.85419905095054 pid425f
61.534951228972865  1.6996162915085256 64.93418381198991 pid4260
61.54492029895411  1.1899768262177175 63.92487395138954 pid4267
61.589169401369006  1.574179893560956 64.73752918849092 pid42c3
61.7816486354911  2.7126175807466657 67.20688379698443 pid42c9
61.80242842577014  2.270871622471085 66.34417167071231 pid438c
62.06937348899102  0.8927783630271657 63.85493021504535 pid43ad
62.14469304734669  2.191255065127989 66.52720317760267 pid438a
62.15152125237993  2.805733325914269 67.76298790420847 pid429f
62.25170513993873  2.397775092260968 67.04725532446066 pid431f
62.491069602947604  2.9940356783584643 68.47914095966453 pid4330
62.493970549619625  2.7026688902920104 67.89930833020365 pid430f
62.506589627459  2.860811454063327 68.22821253558566 pid4215
62.54680281710988  1.9383676236990106 66.4235380645079 pid4208
62.55368924876063  1.543882154416659 65.64145355759395 pid423a
62.86658158451708  2.149904741237704 67.16639106699249 pid4222
63.27867891974073  1.6958530488491892 66.6703850174391 pid42e9
63.67054742811098  2.3679465334190786 68.40644049494914 pid4334
63.67112165002759  0.7864870407200362 65.24409573146765 pid4313
63.89594311818504  1.6260392321213746 67.14802158242779 pid42fd
64.16095215832974  2.9893518718901753 70.13965590211009 pid4258
64.26644022373435  1.5403980120380458 67.34723624781044 pid42e8
64.69478648477218  0.4988043006964385 65.69239508616506 pid42a6
64.7222392429951  1.2386666433458737 67.19957252968685 pid4305
65.00315850976945  2.468628431603116 69.94041537297568 pid4289
65.35062988317164  1.3597388103998733 68.07010750397139 pid4301
65.35682369864475  2.9522468783088054 71.26131745526236 pid4337
65.57999796958808  1.36071505803129 68.30142808565066 pid42b3
66.03820736742982  2.526098772026606 71.09040491148303 pid4372
66.22517240014655  1.1109947262560054 68.44716185265855 pid42a1
66.49818320592954  2.342346873313589 71.18287695255671 pid432c
66.59948381512713  0.7338311268729019 68.06714606887293 pid4226
66.70617775924747  0.7334505967650352 68.17307895277754 pid43b1
66.82255699884307  2.3250612874087264 71.47267957366053 pid43c0
66.84642649297707  2.4116490457386313 71.66972458445434 pid4237
67.0218692343636  1.655952591664573 70.33377441769275 pid43bc
67.23076650064205  2.6343701820776007 72.49950686479725 pid42cf
67.44192828568167  0.7521244168538399 68.94617711938935 pid427e
68.09070358503972  1.519220997534568 71.12914558010885 pid42a4
68.5191224986194  2.9082887358192795 74.33569997025795 pid438b
68.76786356992788  0.5369423922827994 69.84174835449348 pid4205
68.92692573079387  1.3536991140407957 71.63432395887546 pid43be
69.2500927813612  2.480987257328043 74.2120672960173 pid42c2
69.37095695772912  2.1682206381860336 73.70739823410119 pid42f7
69.40137490073536  2.1046954615161955 73.61076582376775 pid42ef
69.52388860339885  2.3223438270963506 74.16857625759155 pid431d
69.70719418643387  2.9878650932212536 75.68292437287637 pid438f
69.97893320637414  1.8869756293707591 73.75288446511566 pid4332
70.4221555966788  1.1906089596971792 72.80337351607317 pid42f9
70.45042391989755  1.1241466563887919 72.69871723267514 pid429e
71.09308973561016  2.5409855958803327 76.17506092737082 pid4383
71.19687383348109  0.42880955723291014 72.05449294794691 pid4265
71.46428033432068  2.2656716426241794 75.99562361956903 pid433c
71.47274170658028  1.6364039833256028 74.74554967323148 pid423b
71.58565706792265  2.3471696667966664 76.27999640151599 pid4277
71.68047722413235  2.3581270581986153 76.39673134052958 pid427a
71.91782294804065  2.2867303597530615 76.49128366754678 pid4300
72.30730638408265  2.03910031171394 76.38550700751053 pid42db
72.33017301112149  1.7079661533587247 75.74610531783894 pid4297
72.53951120549792  0.4943911855527297 73.52829357660337 pid43a5
72.64342971193187  2.0490233844265693 76.74147648078501 pid4357
72.88374672359512  2.7602175598457492 78.40418184328662 pid43a3
73.35198441242487  1.1586616463317623 75.6693077050884 pid42eb
74.14625974371945  1.643558596426931 77.43337693657331 pid42e6
74.32298536857215  0.6293204717337598 75.58162631203967 pid42fb
74.56833954227164  1.5456345343496154 77.65960861097088 pid4399
75.39078687206352  1.742988350040406 78.87676357214433 pid424d
76.23722035608772  1.6976978807245184 79.63261611753676 pid4236
76.56473195899109  1.844020104295311 80.25277216758171 pid4256
76.61241882852222  1.0331330037725746 78.67868483606738 pid426d
77.06699840354086  1.9863653719793701 81.0397291474996 pid4250
77.0967077440041  1.6850600693194702 80.46682788264305 pid42b7
77.11249270037955  1.0934443547240313 79.29938140982762 pid4349
77.18083777844834  0.4195555535353732 78.01994888551909 pid439c
77.33162840662841  1.84547125581939 81.02257091826719 pid4210
77.4028780469521  0.8860554707030032 79.17498898835811 pid4255
77.52855535696463  2.8315527645239853 83.1916608860126 pid4251
77.54577179383162  1.8535617761674423 81.2528953461665 pid433d
77.91202733222049  2.4099468963450774 82.73192112491064 pid433b
78.14467706460547  1.1678441207352526 80.48036530607598 pid436c
78.38596923742706  2.779181128764016 83.9443314949551 pid4276
78.56511817683553  2.2426587133951372 83.0504356036258 pid436b
79.01275895686673  1.7856841248204143 82.58412720650756 pid422c
79.17083554696931  2.3656817080936485 83.90219896315661 pid4321
79.17448387983418  2.6426789536307678 84.45984178709573 pid43b4
79.5894657753703  2.3295705279889036 84.24860683134811 pid4281
79.87991506408531  1.1755575610863807 82.23103018625807 pid42ae
80.55912631036489  0.9357867714877929 82.43069985334047 pid431a
80.60096952090092  1.3312579859109133 83.26348549272275 pid42e2
80.79241930477446  0.8000630555855204 82.39254541594549 pid4363
80.85596552098131  2.7562283789108895 86.3684222788031 pid421c
81.12769652777965  2.80776462177618 86.743225771332 pid4238
81.16839312849973  0.6510756463009992 82.47054442110174 pid43a7
81.73736801319993  0.8589653410391418 83.45529869527822 pid4213
82.00811770875873  2.975760028476946 87.95963776571263 pid42e3
82.32402972609462  0.6298906444549223 83.58381101500447 pid4249
82.35759978908659  0.8800605612600091 84.11772091160661 pid43b8
82.47782043716653  2.709547434468444 87.89691530610341 pid42c0
82.53072751481876  1.0863389720307315 84.70340545888023 pid4278
83.15778598574063  0.5567535326904622 84.27129305112156 pid436a
83.18047378046184  0.46824568340687217 84.11696514727558 pid4270
83.4651524634868  0.673611392586507 84.81237524865982 pid421d
83.63015955473266  1.9328996266590077 87.49595880805067 pid4266
83.9054025308053  0.673363628080258 85.25212978696582 pid42b5
84.15607381637858  1.0083438307435615 86.1727614778657 pid42f2
84.4474305378466  2.547091091673927 89.54161272119445 pid4207
84.5503906538842  2.3796693301426606 89.30972931416952 pid42a8
84.6513682252209  1.5675383414559412 87.7864449081328 pid4235
84.8498957125584  1.1821880018119926 87.2142717161824 pid4290
85.31912410224707  2.34298187489215 90.00508785203138 pid43c2
85.44021968343216  0.5171066724490709 86.47443302833031 pid42b6
85.5158461820207  2.1776859237134985 89.87121802944769 pid4388
85.7637105038399  0.7748349892050617 87.31338048225003 pid42f4
85.78314927377095  2.4690283917268547 90.72120605722465 pid43af
86.18204103905298  1.773084504969443 89.72821004899185 pid4329
86.20517669564518  1.2068622499083614 88.6189011954619 pid434e
86.35118331472961  2.7880822646220924 91.92734784397379 pid42f0
86.53142817936367  0.9658099866332968 88.46304815263026 pid420b
86.59331045523219  1.3356837747689128 89.26467800477 pid433f
86.79433094072617  1.0750345511950241 88.94440004311622 pid42b4
86.80824508415246  2.6425046007019173 92.0932542855563 pid427c
87.38206076169119  1.7299613398381535 90.8419834413675 pid4259
87.77905629811923  1.274607257922489 90.32827081396421 pid425e
88.03959514589145  1.2091947043164288 90.45798455452432 pid43ab
88.09855567462441  2.6890715710658073 93.47669881675603 pid4331
88.14455783926365  0.5041942640478977 89.15294636735945 pid426f
88.34227782817517  2.569382106663769 93.4810420415027 pid4219
89.04237635782238  2.4821711799923887 94.00671871780716 pid428d
89.1440120958876  1.4653435676848727 92.07469923125736 pid4283
89.17933394085642  1.8720124285654047 92.92335879798723 pid4271
89.30905319101626  2.2410622459310243 93.79117768287831 pid4351
89.40278839044448  1.7220251428651623 92.84683867617481 pid4342
89.57950365326555  2.619714578742626 94.8189328107508 pid422d
89.90005490966465  2.1484050550479905 94.19686501976062 pid438d
90.13493792094579  1.3516753575781575 92.8382886361021 pid4233
90.5828953121332  1.0974755799651004 92.7778464720634 pid4359
90.81238437745644  2.8904562155756275 96.59329680860769 pid43c5
90.82257859098407  0.5717409493710984 91.96606048972626 pid43bd
91.04221248951104  2.1087554643747914 95.25972341826062 pid43b7
91.23481902604226  2.1817952973323607 95.59840962070697 pid431c
91.2588781898517  1.799337410528362 94.85755301090842 pid4393
91.71772670689047  2.500821012039734 96.71936873096995 pid437b
91.9294529166631  2.474711158498911 96.87887523366092 pid42b0
92.57781416226774  0.825912790383883 94.2296397430355 pid4279
92.83834466120447  2.4344848922045754 97.70731444561362 pid435a
93.42670213773519  2.0811950535378236 97.58909224481084 pid43a0
93.8453425294116  2.201759119144852 98.2488607677013 pid42d3
94.23461796806443  2.7086060235385463 99.65183001514151 pid427b
94.38195709705617  0.640324173944032 95.66260544494423 pid42c8
94.54502365716642  2.148658490455977 98.84234063807838 pid4252
94.74837308859188  1.4758984657148022 97.70017002002147 pid42cc
94.87125778331604  1.670275129916916 98.21180804314987 pid4243
95.11822394341031  2.125862317431081 99.36994857827247 pid4247
95.37403983530663  2.3813266918120415 100.13669321893072 pid422a
95.3957101903244  0.7959447717951642 96.98759973391472 pid4225
95.73469793246838  1.22975060837222 98.19419914921282 pid422e
95.85285570055713  2.9008122655751256 101.65448023170738 pid4209
96.51776369920833  2.0162392926610004 100.55024228453033 pid42b2
96.51888750862547  2.747207851166182 102.01330321095783 pid42be
96.88959300010488  2.8015511776707127 102.4926953554463 pid429d
97.03745819212457  2.7262441591008297 102.48994651032623 pid430c
97.54373523444309  0.6921817731044533 98.928098780652 pid4356
98.19580009331429  0.7179005462170838 99.63160118574845 pid423f
98.25561303924964  2.9641321846768824 104.18387740860341 pid42f8
98.38423201983106  2.3949913911346785 103.17421480210042 pid42da
98.5694831051589  1.6167294110345312 101.80294192722796 pid4398
98.61661501066594  1.4030612381389713 101.42273748694389 pid4352
99.6567148994692  2.9495622803795776 105.55583946022836 pid4284
