0.2685421385985043  2.6348259565025653 5.538194051603635 pid440c
0.4082667794891415  1.3842981251972297 3.176863029883601 pid444f
0.41408621470105933  1.6323201835064056 3.6787265817138706 pid4536
0.5117939157665563  2.545717530966654 5.603228977699864 pid44d0
0.7521989008334562  2.2032341636850075 5.158667228203472 pid4479
0.7978067407663159  2.467770616872185 5.733347974510686 pid450a
0.9277463000741171  0.7575078522566858 2.4427620045874887 pid4569
0.9806990818527872  1.5923024701598392 4.1653040221724655 pid452a
1.2073095123557254  0.6654531535014334 2.538215819358592 pid4455
1.3061417293447564  1.6733233595923918 4.65278844852954 pid43e0
1.5788341662206884  0.5727476206273774 2.724329407475443 pid4547
2.0380447702063376  0.40913218041889676 2.856309131044131 pid4501
2.446906673198479  2.695429639740751 7.83776595267998 pid4509
2.7878625846492477  2.5869571227066688 7.961776830062585 pid457e
3.088444789979916  2.7160125079579647 8.520469805895846 pid43c9
3.681747560786419  0.4671552534411215 4.6160580676686624 pid4459
3.839074294727085  1.5269271360162042 6.892928566759494 pid43d4
3.8700894475863667  2.104956928806811 8.08000330519999 pid4574
4.515105637062977  2.769849494830113 10.054804626723204 pid44fd
5.0631637125133295  1.5539364921802568 8.171036696873843 pid4476
5.224095291557084  1.615580000339543 8.45525529223617 pid44e9
5.43708291816225  1.5363021472699403 8.509687212702131 pid43e6
5.877265317978164  1.6957231363426248 9.268711590663415 pid4467
6.031389672357035  0.4140033353915552 6.859396343140145 pid44a0
6.070779378295876  2.693875105835089 11.458529589966055 pid444b
6.5087614406809  2.6805662003901634 11.869893841461227 pid44c2
6.678758655802353  1.2141376713651426 9.10703399853264 pid4543
6.727069677801445  1.9399962766262182 10.607062231053881 pid44e6
6.96535092091195  2.2093102755895266 11.383971472091003 pid448d
7.2016174707983165  1.2221103048958022 9.645838080589922 pid4571
7.249081067540287  0.5825318797479597 8.414144827036207 pid4483
7.401477245141441  2.0348773823619863 11.471232009865414 pid4576
7.447772755692195  0.7634949998679947 8.974762755428184 pid441e
8.229800017443301  0.7104294873902981 9.650658992223898 pid44ff
8.28039160956039  2.8713560945769854 14.02310379871436 pid450c
8.286128643116452  2.037806927185006 12.361742497486464 pid44e0
8.487116959151809  0.5217147165033515 9.530546392158513 pid43d1
8.59633155163908  2.6579633837186445 13.912258319076368 pid4542
8.880807615885244  0.4532567229333945 9.787321061752033 pid4437
8.898738042424759  1.8994509856051152 12.697640013634988 pid440d
9.046128602258785  2.567027267541714 14.180183137342212 pid43f2
9.423718659340341  1.4559054663717137 12.33552959208377 pid43f7
9.558622336228929  1.7576663520193883 13.073955040267705 pid4412
9.64461311485082  0.7929262403953239 11.230465595641467 pid451b
9.740666618351867  0.8051985967993536 11.351063811950574 pid4587
9.743166284104888  0.5052105869214091 10.753587457947706 pid4403
9.851721435103888  1.5674861182865611 12.98669367167701 pid448c
9.944838150447676  1.9208923153818782 13.786622781211433 pid4581
10.646460398349888  0.5612707635352658 11.769001925420419 pid44ea
11.04256395545844  1.1751159064283463 13.392795768315134 pid4485
11.257218804752899  2.877789321370754 17.012797447494407 pid44ec
11.437319620588859  2.638989456803398 16.715298534195654 pid4441
11.441497585641603  0.9821920413883398 13.405881668418282 pid442f
11.628244518418363  2.3784202467181124 16.38508501185459 pid4519
12.588053968392089  0.4195546064912744 13.427163181374638 pid44c4
12.625699979999027  1.5765648188804637 15.778829617759953 pid44c9
12.780027296407692  0.6655751864654051 14.111177669338502 pid4478
12.870003756690817  2.96230032324022 18.794604403171256 pid442b
13.138507262977706  1.675198062637271 16.488903388252247 pid44bf
13.54268279584403  0.9558923218318485 15.454467439507727 pid44ad
13.644181447293235  1.7136234047679442 17.071428256829122 pid454d
13.784845028621184  1.097448799141735 15.979742626904654 pid43e3
13.916159716200527  2.1287587467649782 18.173677209730485 pid4559
14.271372365792711  1.9790789044888322 18.229530174770375 pid4511
14.983457146935253  0.6419114939541115 16.267280134843475 pid4429
15.490791019906158  2.218746223381403 19.928283466668965 pid4486
16.40918627644339  2.376506026991852 21.162198330427092 pid457d
16.471053046412486  2.304891855580037 21.08083675757256 pid4577
16.491870919004747  0.9165462102778003 18.324963339560348 pid4537
16.49852464352889  0.8832603450467267 18.265045333622343 pid43d2
16.70922211801039  0.5540714934923603 17.817365104995112 pid450f
17.243368413432613  2.286805499312201 21.816979412057016 pid455a
17.591809772726553  0.6738438105594801 18.939497393845514 pid44d2
17.636507977472583  0.5008479391639392 18.638203855800462 pid4523
17.771240407153456  0.5743978113690426 18.92003602989154 pid43d5
18.065723299452507  1.536099701880889 21.137922703214286 pid453a
18.405883606807784  2.4564860357038656 23.318855678215513 pid4565
18.525906603887766  1.5269795539466502 21.579865711781068 pid4534
18.59465008443184  0.8439624981616711 20.282575080755183 pid44a1
19.013649128887554  0.8382891351980343 20.69022739928362 pid453b
19.152814729854974  0.4599155347960765 20.072645799447127 pid4515
19.196061799660356  0.7671443295335085 20.730350458727372 pid4567
19.560776716839502  0.9851873564260832 21.53115142969167 pid4518
19.764345163979304  1.5976986793185661 22.959742522616438 pid44b8
19.904403939795657  1.7971082932603326 23.498620526316323 pid4514
19.986438927372863  0.9156601539180043 21.81775923520887 pid451e
20.505166790471463  2.828217197785845 26.161601186043153 pid4586
20.507002271653462  0.4409237232640739 21.38884971818161 pid44b6
20.74100228919342  2.3136401831469375 25.368282655487295 pid452f
21.876806301127083  0.8356960482163966 23.548198397559876 pid43c8
21.933515542521796  2.0077837213534275 25.94908298522865 pid4527
21.94953429332659  1.1893837171528303 24.32830172763225 pid4497
22.589029695127838  1.4203935888036612 25.42981687273516 pid43f9
22.779990217602265  1.3105936776275402 25.401177572857346 pid4422
23.216592983617858  0.9364624813096502 25.08951794623716 pid43f0
23.840852911023937  1.7711456255511289 27.383144162126193 pid44bd
24.079461356862996  0.4741180180809338 25.027697393024862 pid443f
24.423083735294004  2.3724423052756927 29.167968345845388 pid43da
24.491267477976876  2.0605649227440237 28.612397323464926 pid445d
24.523705992108713  2.357367263800024 29.23844051970876 pid4533
24.556898717769915  2.276317725558312 29.10953416888654 pid4417
24.692594343944695  2.626853524568936 29.946301393082567 pid451c
25.126485222243954  1.2875870648122625 27.70165935186848 pid4443
25.35782278600742  0.8320173014550494 27.02185738891752 pid4490
25.383822922422063  0.6371846443866049 26.65819221119527 pid4554
25.452247878215672  2.284177217732251 30.020602313680175 pid4499
25.56530655938949  0.6237272700872758 26.812761099564042 pid4508
25.918523632541614  2.318911026013256 30.556345684568125 pid44ac
25.979563202787926  0.945631621111097 27.87082644501012 pid447f
26.115149851632115  2.4033209016405577 30.92179165491323 pid452b
26.6549482401909  2.1304877421839334 30.915923724558766 pid4473
26.781543628420955  2.2546887696925535 31.29092116780606 pid43fb
26.955410823442538  1.1166861120952163 29.18878304763297 pid43cf
27.187537990943657  1.5530841525860706 30.293706296115797 pid453c
27.383988685499638  2.9366333974354726 33.25725548037058 pid453f
27.421950340127268  1.8700634030862124 31.162077146299694 pid448a
27.595837495587748  0.8392795172487901 29.27439653008533 pid43eb
27.97572500209894  2.770777493536874 33.517279989172685 pid457a
28.055564223729977  1.3484757256831248 30.752515675096227 pid4503
28.22211228741651  1.227939766002681 30.677991819421873 pid4453
28.240169729867027  1.996894947380457 32.23395962462794 pid452d
28.344800812452075  1.6760896637424936 31.69698013993706 pid446e
28.484352875975294  0.7416521783258612 29.967657232627015 pid4468
28.67698186710076  2.18709932628095 33.05118051966266 pid44d5
29.313382945949595  0.5127511391207911 30.338885224191177 pid44b2
29.68263377796212  0.4389215829602739 30.56047694388267 pid44be
29.74330196652034  1.3742006302141259 32.491703226948594 pid446d
29.867266615603448  0.4334634326736817 30.73419348095081 pid454b
29.881303441848427  2.058913639694389 33.99913072123721 pid446f
30.10700715079594  1.1151817976875704 32.33737074617108 pid4551
30.12415127608986  2.699812942874814 35.52377716183949 pid43cb
30.16595963347195  2.3555240894033083 34.87700781227856 pid4564
30.18233270779672  1.9921524637882788 34.16663763537328 pid44b4
30.383959378679968  1.8678611757874717 34.11968173025491 pid44ae
30.41880403322392  1.6692532585818634 33.75731055038765 pid4575
30.64227125666019  1.249917864666031 33.14210698599225 pid456c
30.89691371323746  1.3951522910469203 33.6872182953313 pid43fa
31.792110471055157  0.5845635584950972 32.96123758804535 pid44e8
31.919848707738385  1.581693705971066 35.08323611968052 pid4583
32.183812410568756  1.1090279093682067 34.401868229305165 pid43e9
32.253216556221034  2.245723322935223 36.74466320209148 pid4510
32.511947510170025  0.9971818689221927 34.50631124801441 pid456f
32.804054744288344  2.9614861542449535 38.727027052778254 pid4456
32.804836043793074  2.6664862707938277 38.13780858538073 pid4401
32.85679107893393  2.926542970240358 38.70987701941465 pid4530
33.049447249232124  1.1251881363400236 35.299823521912174 pid442a
33.05039826420588  2.9267847716468696 38.90396780749962 pid441c
33.53426630112936  1.4264895312191461 36.38724536356765 pid4558
33.668505484043784  1.8896841010156726 37.44787368607513 pid4550
34.117534018623864  2.357903264793971 38.83334054821181 pid441f
34.63446417557917  2.9244523757636505 40.48336892710647 pid4435
34.67271380352095  0.6943024577943944 36.061318719109735 pid43ed
34.81590706945864  2.9755898053351544 40.76708668012895 pid4584
34.886055404046814  2.972833238710641 40.8317218814681 pid445b
35.20096551150791  0.47967847520038204 36.16032246190868 pid444a
35.24884423183982  0.7835795071360614 36.81600324611194 pid43ef
35.33164828522373  1.7731009473865749 38.87785017999688 pid4578
36.03271762776622  2.2702037299669953 40.573125087700205 pid450b
36.079305009064  1.907376593903237 39.894058196870475 pid43d3
36.3142341300122  0.537037373052494 37.38830887611719 pid4410
37.09012800029979  1.6940679331653041 40.4782638666304 pid447c
37.09535261676466  2.4416748029507724 41.9787022226662 pid44e5
37.462595602376716  1.7481953995608372 40.95898640149839 pid456d
37.51347027114703  1.9130136061339802 41.33949748341499 pid43d8
37.827973492495694  1.554063664385375 40.93610082126644 pid44df
37.93161785729951  2.0432109571369215 42.01803977157335 pid4548
38.000930470292246  2.3258750156875094 42.65268050166726 pid44d1
38.30669187755396  1.880143562334184 42.066979002222325 pid4447
38.69199574958366  1.8527502707480514 42.39749629107976 pid456e
39.02006103309033  2.362083517236225 43.74422806756278 pid44c3
39.578866801758764  1.5602031603255737 42.69927312240991 pid456a
39.752483631372435  1.5242036921865303 42.80089101574549 pid44e1
39.937487197372334  2.54455479101559 45.02659677940351 pid4442
40.09944224832677  2.0445604034641573 44.18856305525508 pid43d0
40.292249215769516  1.2196185952242802 42.731486406218075 pid4535
40.6724809205211  2.0611141596367237 44.79470923979455 pid44b5
40.75653608543012  2.81703480535703 46.39060569614418 pid450d
40.766655667230914  0.6843710759487245 42.135397819128364 pid4541
40.96322992398812  2.6814146312095697 46.326059186407264 pid44a8
41.086143177035616  0.4310743048062172 41.94829178664805 pid443a
42.12279220603137  0.9735278506142808 44.069847907259934 pid4424
42.15263692643123  2.505163194568948 47.16296331556912 pid44cc
42.22996098124816  1.891594382662829 46.013149746573816 pid4491
42.46762244893046  2.8962624674185764 48.26014738376762 pid4427
42.46811458802784  2.3367618239746215 47.141638235977084 pid4413
42.60557746179955  1.1588997116461963 44.92337688509194 pid4444
42.91759081061137  1.098223746412672 45.114038303436715 pid4445
43.08744987584292  2.912226942060991 48.9119037599649 pid443c
43.26737023529653  1.4158826178098076 46.099135470916146 pid441d
43.55417126479387  2.389216883998233 48.33260503279034 pid43cc
43.77613123545595  2.363171972923994 48.502475181303936 pid4458
43.8445945515867  2.10726634281202 48.059127237210745 pid43e5
44.07295091283196  0.4893090785393107 45.051569069910585 pid44f5
44.18019020933707  1.0016351113544366 46.18346043204594 pid4404
44.4189208371393  2.168646833513967 48.75621450416723 pid4470
44.674786429435976  0.6404672327893637 45.9557208950147 pid4426
45.02942207088354  2.597190206211998 50.22380248330754 pid44ba
45.08054537498536  2.3556054180923156 49.79175621117 pid4471
45.19557824698156  1.1332790600234857 47.462136367028535 pid4552
45.56952459260373  2.787630212164439 51.1447850169326 pid444d
45.885801285338246  2.984932915437448 51.85566711621314 pid4498
46.009941860582856  1.2098287521200835 48.42959936482302 pid441b
46.40504571929657  2.7406032935501554 51.88625230639688 pid4506
46.53299995477149  1.877476016407754 50.287951987587 pid4406
47.048931631382494  0.5262563509948729 48.10144433337224 pid4504
47.55480049393488  2.407876591757373 52.37055367744962 pid440a
47.580300786699084  2.4656007279112275 52.51150224252154 pid4405
47.59187586702415  1.1904304995252333 49.97273686607462 pid440f
47.6673564574411  2.187183794378419 52.04172404619794 pid4525
47.81136119793017  1.2494669750403087 50.31029514801079 pid43df
47.92970402735291  0.7514754603813754 49.43265494811566 pid44fb
47.98861909192884  1.775685966699096 51.53999102532703 pid4469
48.41400292805488  2.563562277498916 53.54112748305271 pid4566
48.450731260723416  2.375970152311466 53.20267156534635 pid43d7
48.50467764932274  0.8696969326201635 50.24407151456306 pid4419
48.80944688288894  1.8856098660902605 52.58066661506946 pid44a5
48.96183102329591  0.8463670451916421 50.65456511367919 pid4448
49.114971315393184  0.7518861631378162 50.618743641668814 pid4517
49.22555721526256  1.720303306223582 52.666163827709724 pid43e4
49.30718531010802  0.7359933739696636 50.779172058047344 pid4545
49.60691734183563  2.5986096506530187 54.80413664314167 pid43f8
49.90599345315846  2.1255355615021196 54.157064576162696 pid43f1
49.97906345456274  2.2278554349121147 54.43477432438697 pid43dc
50.223415375594485  1.539815448347944 53.30304627229037 pid43c6
50.460796386842475  1.3578701462401566 53.17653667932279 pid4474
51.09875731286897  2.3555779102609984 55.809913133390964 pid448b
51.289499104252265  2.8395374388984926 56.96857398204925 pid4463
51.753600647687534  0.9111701646992194 53.57594097708597 pid44f4
51.8215415143593  2.8682785113700437 57.55809853709939 pid44e2
51.97477190802613  2.4562066540822047 56.88718521619054 pid4451
52.07117178898363  0.5021123603492891 53.07539650968221 pid4432
52.93772299675974  1.1795896155790382 55.29690222791781 pid4496
52.941342518611926  1.2123794697281671 55.36610145806826 pid4446
52.96516445472106  2.0696293735802915 57.104423201881644 pid43fc
53.170073730294035  2.6610879189870227 58.49224956826808 pid44f8
53.24303931651146  0.8386550274212561 54.92034937135397 pid44a7
53.259350910984196  2.3618887661746855 57.98312844333357 pid43f4
53.358788486803235  2.6744146167036362 58.70761772021051 pid450e
53.683912400818244  0.8566084821429583 55.39712936510416 pid4436
54.09415636941803  0.48154101389833825 55.057238397214704 pid4484
54.18897148064862  1.5410967744566055 57.27116502956183 pid4505
55.142161100694565  2.786069365830534 60.714299832355636 pid443d
55.18935246448506  1.952146607369425 59.09364567922391 pid4531
55.18963463535148  1.8256299286481918 58.84089449264786 pid447b
55.30270027916766  2.734339504144337 60.771379287456334 pid454f
55.63356650141067  2.4225220027405134 60.4786105068917 pid449e
56.30900094297839  1.0173468357639393 58.34369461450627 pid44d4
56.366097968992655  1.4558191101140827 59.27773618922082 pid44dd
56.48021809899255  0.863790830415556 58.207799759823665 pid43f5
56.78457865057961  1.4806893763725486 59.74595740332471 pid4461
57.22873285964809  1.620453981113919 60.46964082187593 pid4500
57.40663966861867  1.7867748979978963 60.98018946461447 pid4585
57.4349100887665  2.8276067329768235 63.09012355472015 pid43d9
57.46708789924847  2.3107790968515167 62.0886460929515 pid44eb
57.485804158403354  0.9473156590288866 59.38043547646113 pid4457
57.54647893337644  1.9263107873163228 61.399100508009084 pid44ca
57.548030969646234  1.158436964862045 59.86490489937032 pid44d3
57.63818450413819  1.7704782279943556 61.1791409601269 pid44fa
57.87753188919409  1.8026219318145054 61.4827757528231 pid4524
58.31382352112377  1.6693894630059058 61.652602447135585 pid4414
58.52723456573135  2.5939600540307546 63.71515467379286 pid43db
58.736542229011945  1.6841838206432707 62.104909870298485 pid4494
58.92299453333633  2.6010741358425484 64.12514280502143 pid44e3
59.02192219553897  1.454375951660174 61.93067409885932 pid4440
59.02903692973044  1.9752022786934664 62.97944148711737 pid449b
59.21850457908307  2.0737914911616318 63.36608756140633 pid43f6
59.3024012935947  2.1055535737909463 63.51350844117659 pid447e
59.51127151190351  2.732267258512097 64.9758060289277 pid451d
59.79388686547276  0.42708877633986786 60.648064418152494 pid4449
60.077203346832974  0.8023860930978755 61.68197553302873 pid4546
60.101076511154396  1.5257071313651065 63.15249077388461 pid43e1
60.2812531488301  1.0914708131484687 62.46419477512704 pid4532
60.57210303290983  2.0263477778479864 64.6247985886058 pid4553
60.623188463848535  1.3364007662939987 63.29598999643653 pid4480
60.68334585483451  0.4726294713924319 61.628604797619374 pid4579
60.84512828159126  1.1215523578316768 63.088232997254615 pid4493
61.04236039185459  1.563497396900018 64.16935518565462 pid4433
61.14705343017405  0.919881268972036 62.98681596811812 pid4477
61.16511684235893  1.6514847126899816 64.4680862677389 pid44fe
61.36732383386452  2.201403453245839 65.7701307403562 pid443e
61.96557830092823  0.7891982661019925 63.54397483313221 pid447d
62.07369987143267  1.3859192438305716 64.84553835909382 pid4430
62.13724151733588  0.48330692254888413 63.10385536243365 pid4423
62.169202511550296  0.7849701182252631 63.73914274800082 pid43ee
62.884348746390316  2.8539035562020767 68.59215585879447 pid44d9
63.47564717648632  1.556543598057833 66.58873437260199 pid4570
63.575185500665356  1.1738959526821908 65.92297740602973 pid4555
63.58073857019485  0.6686424234685864 64.91802341713202 pid4492
63.59832034469868  0.9475971259665605 65.4935145966318 pid44e7
64.08431173079185  0.42259533414384076 64.92950239907954 pid44cd
64.13934210805097  0.8769909544652326 65.89332401698144 pid4462
64.40408937275689  2.4720635129636688 69.34821639868423 pid446a
64.51069977121925  1.1190103551638084 66.74872048154687 pid4539
64.51938062177402  0.9343600693586475 66.38810076049131 pid44db
64.89928902381875  0.7187155052045127 66.33672003422778 pid455b
65.54928084926075  1.6044403568991923 68.75816156305913 pid4580
65.7102677860802  2.1786026082363548 70.0674730025529 pid4561
65.77298250209323  0.7531843080224117 67.27935111813805 pid44a4
65.82643421502297  0.6007155965031035 67.02786540802917 pid44f7
65.91711418498112  2.720577162790922 71.35826851056297 pid44dc
66.0260044702493  1.8366366679724195 69.69927780619415 pid4557
66.2818085996716  2.6411400190834207 71.56408863783845 pid4439
67.12625769143891  1.2200330865711746 69.56632386458126 pid44ed
67.19413697097511  2.8037954837565557 72.80172793848823 pid44bc
67.20899272107748  1.849663121641981 70.90831896436144 pid448e
67.45551310134084  2.2052660849219943 71.86604527118483 pid43fd
67.83026523782813  0.9469119775718501 69.72408919297183 pid445e
68.5067574137234  1.166990990809713 70.84073939534284 pid44c1
68.72814680742052  1.4476801683692746 71.62350714415906 pid440b
68.91305135476486  2.0875466468634896 73.08814464849183 pid44b7
69.11792177112223  2.775817806781316 74.66955738468486 pid4489
69.15189284044804  0.7806747242117636 70.71324228887157 pid44ab
69.32160295072174  0.9503036293567693 71.22221020943527 pid441a
70.03268648517957  1.0716802574583153 72.1760470000962 pid44cf
70.54579423596145  1.8491492614002447 74.24409275876194 pid43de
70.7207440696897  1.2590972713634616 73.23893861241662 pid455f
70.81623389015178  1.7816383002935567 74.3795104907389 pid4568
71.09480020485651  2.131751261488988 75.35830272783448 pid452e
71.30195147076638  1.3731815888018164 74.04831464837001 pid457b
71.34548633357987  0.7372232344914589 72.81993280256279 pid4454
71.70130118513252  2.462147122557781 76.62559543024808 pid4538
71.95185538328667  1.6465391909736038 75.24493376523388 pid4466
72.2932642786602  2.017457256452815 76.32817879156583 pid4549
72.65329170416813  2.1611844970184717 76.97566069820508 pid448f
72.77860796657843  2.557806955202901 77.89422187698423 pid44b3
72.94250481718602  1.4480172597032892 75.8385393365926 pid44de
72.99448098942612  1.6933763688996222 76.38123372722536 pid4464
73.04926431986813  0.5794484142764886 74.20816114842111 pid43ca
73.61720819064324  1.9156370749658844 77.44848234057501 pid44d7
73.64469240374599  2.5377755177015744 78.72024343914914 pid455c
73.80195709498452  2.836946200255326 79.47584949549517 pid4507
73.87742826408628  2.346591737753747 78.57061173959377 pid43e8
73.88803392752357  1.2641036902126594 76.41624130794888 pid4526
74.00257665224684  1.8237081017688497 77.64999285578455 pid4481
74.29372219785124  1.385862992899054 77.06544818364935 pid454a
74.54548286286224  1.3954874111426612 77.33645768514756 pid44af
74.78256003439854  0.824133392408125 76.43082681921479 pid4438
75.20910381035631  1.9262732013187174 79.06165021299374 pid43e2
75.27124569587613  1.17119815940694 77.61364201469002 pid4431
76.13290250257973  2.583523515980438 81.2999495345406 pid44a6
76.33369975240387  2.643626643443127 81.62095303929013 pid4411
76.50154019994537  1.3890507231788352 79.27964164630303 pid4540
76.50556837133358  0.7895131364729598 78.0845946442795 pid44c5
76.7673953832111  2.4636638614195854 81.69472310605026 pid456b
77.00379493931325  2.8590300334002747 82.7218550061138 pid44ee
77.14360681527192  0.5408668955494174 78.22534060637076 pid4452
77.38042251458374  2.515121193242804 82.41066490106935 pid4407
77.49339508944  2.6364180540398645 82.76623119751973 pid4556
78.22171661298628  1.2507403111783129 80.72319723534291 pid43ff
78.6585248501685  0.686007267438111 80.03053938504473 pid4400
78.71378624137593  2.3038989926695255 83.32158422671498 pid4529
78.78486883723991  1.1145068502568072 81.01388253775353 pid44da
78.78692645632859  1.8181137744003117 82.4231540051292 pid43cd
78.97772466103913  1.2613900715495465 81.50050480413823 pid44f3
79.0780535164556  2.1535152397477866 83.38508399595116 pid44d6
79.257217761268  0.8495874030429975 80.95639256735399 pid4434
79.34246150150194  1.72833707353417 82.79913564857029 pid44ce
79.39721049728288  1.1953645118520073 81.7879395209869 pid4562
79.64611806162195  1.992215521636587 83.63054910489512 pid43ce
79.90970906469788  1.1583215075596167 82.22635207981712 pid43dd
80.09211935458445  1.7465045579457477 83.58512847047595 pid4488
80.1886433443721  1.8768126909155582 83.94226872620321 pid457f
80.81400723170809  1.2761311511782902 83.36626953406467 pid442d
81.20403520233941  0.594271560140796 82.392578322621 pid4416
81.2792470972058  1.031722853998256 83.3426928052023 pid4482
81.45797463669842  1.0582825758835535 83.57453978846553 pid4544
81.52136560361038  2.353815292168245 86.22899618794686 pid4420
81.73531964946578  2.1792287567151982 86.09377716289617 pid4402
82.47442002589645  2.187793510570774 86.85000704703799 pid4450
82.8149694476833  2.95253766451767 88.72004477671864 pid43ec
83.02240363046884  2.285823900547036 87.59405143156292 pid449a
83.08047629219728  2.1831386131724226 87.44675351854212 pid449d
83.42976428457418  2.316976028877915 88.06371634233001 pid4522
83.92336060028526  1.5015353515182186 86.9264313033217 pid4582
84.11329953503923  2.684897410810219 89.48309435665968 pid4428
84.11645770547771  0.7615329637699166 85.63952363301755 pid457c
84.34258567493762  2.19776673235668 88.73811913965099 pid4516
85.24871207424741  2.2796261475922783 89.80796436943197 pid4513
85.2612519526945  1.391084984774995 88.04342192224448 pid4465
85.38229652269901  0.640531416436943 86.6633593555729 pid444c
85.51116022593081  1.6475891335184776 88.80633849296777 pid455d
85.97413414206133  2.904006468106586 91.7821470782745 pid44f2
86.22527356007826  1.5914593860867252 89.40819233225172 pid4495
86.46224997472927  0.8196167782150259 88.10148353115933 pid440e
87.40935933777385  1.8752847203696867 91.15992877851322 pid449f
87.48269905299252  1.047298257285207 89.57729556756293 pid4528
88.14015280811638  0.4235228757405095 88.9871985595974 pid444e
88.39499561788165  2.6620641514581704 93.71912392079798 pid4573
88.66210915798686  2.6614834017761893 93.98507596153924 pid4418
89.23441097125134  1.436641588749981 92.10769414875129 pid4425
89.27509847565983  2.1160629883418585 93.50722445234355 pid4421
89.27735323755815  0.9803441055230645 91.23804144860428 pid44b9
89.29090697061127  2.159439974872688 93.60978692035665 pid44d8
89.29721036044863  2.1380811780347275 93.57337271651808 pid44a3
89.41019076219831  2.22960748497246 93.86940573214324 pid44e4
89.65629327689764  2.5008784265834767 94.6580501300646 pid4487
89.93776902924596  0.5804294556288778 91.09862794050372 pid43e7
90.55147576859169  2.527790590388339 95.60705694936837 pid453e
90.65421138309966  2.4111527215412893 95.47651682618225 pid445f
90.66935303178005  1.3699803515782123 93.40931373493648 pid4408
90.8682218340075  1.530367170240706 93.92895617448892 pid44c6
90.96638702845138  0.7642541009896727 92.49489523043073 pid4560
91.14035737412655  1.686130741914555 94.51261885795566 pid442e
91.22072715287388  2.8873359253657433 96.99539900360537 pid454e
91.71644771206057  2.2150832715287714 96.14661425511811 pid44f9
91.74986712998033  1.8121786231219263 95.37422437622418 pid454c
91.95845968324134  0.45135895763971023 92.86117759852077 pid443b
92.29313831632328  1.9863922035834207 96.26592272349012 pid4512
92.39804811667128  2.508494069457297 97.41503625558587 pid4460
92.67321770077331  2.37075833494712 97.41473437066755 pid442c
92.81070733633823  2.7022886517851323 98.21528463990849 pid44f6
92.99358385863628  1.197129606789367 95.38784307221502 pid44f0
93.01109749905461  1.5646528105815474 96.14040312021771 pid44aa
93.66763153414898  1.5678616137119956 96.80335476157298 pid44c8
93.95204625736059  0.5573280814796455 95.06670242031988 pid44bb
94.10593540787058  2.0832234091270485 98.27238222612468 pid4409
94.33443887543307  0.9742685731068605 96.28297602164679 pid4475
94.38727901049845  2.3336797038983734 99.0546384182952 pid4521
94.9840830813215  1.0935170950569866 97.17111727143548 pid44c7
95.13925953577859  2.552283466943088 100.24382646966477 pid455e
95.36484302037455  1.6110641911458066 98.58697140266617 pid43fe
95.47028206793054  1.1615829895756278 97.7934480470818 pid447a
95.51043277999801  2.763271873484056 101.03697652696613 pid445a
95.56749117234186  2.704693406629659 100.97687798560118 pid453d
95.69454006612173  0.5078698980598236 96.71027986224138 pid44b1
95.76871468847852  1.7779883859542833 99.32469146038709 pid4502
96.0834953211063  2.9410963694292316 101.96568805996476 pid43f3
96.24025226930202  2.9597002620981523 102.15965279349832 pid452c
96.2984875354413  2.3595025519945994 101.0174926394305 pid449c
96.30918556976725  2.5825826764614352 101.47435092269012 pid43d6
96.61971658410555  2.7679381391460804 102.15559286239771 pid451a
96.70528081268075  0.48283950296540523 97.67095981861156 pid446b
97.33648340904993  1.4625061770111607 100.26149576307225 pid445c
97.4854145220911  0.46424843205421445 98.41391138619953 pid4472
97.55590658239099  1.6010492665265863 100.75800511544416 pid44f1
97.61443670397992  2.359929148423563 102.33429500082704 pid4563
97.83805126197286  1.6167630730833573 101.07157740813958 pid44a2
97.86828684704707  2.5613516962412484 102.99099023952957 pid44ef
97.96905031963242  1.0261118119309967 100.0212739434944 pid446c
98.13994014025226  1.908373037787669 101.9566862158276 pid44fc
98.36473801304571  2.957983293179148 104.280704599404 pid4415
98.45594227127516  2.9230330805672646 104.30200843240969 pid44a9
98.79652944908864  2.8381889915626726 104.47290743221399 pid4520
98.81208349089586  2.5889494496295824 103.98998239015502 pid451f
98.91484287219788  2.9152439970947093 104.74533086638729 pid44b0
99.06571161900888  0.5377823491054298 100.14127631721973 pid43ea
99.27965782391982  0.5523153724203625 100.38428856876054 pid43c7
99.44286190225802  0.525670666018461 100.49420323429494 pid4572
99.94229136685573  0.8291354276981949 101.60056222225212 pid44c0
99.96581356271618  1.7251638881479074 103.416141339012 pid44cb
