0.14075821475093564  1.7628777039203367 3.666513622591609 pid4720
0.9976017171373308  2.66084612341361 6.319293963964551 pid46b5
1.4025928531897103  2.8420186277669024 7.086630108723515 pid45f7
1.8624129674300272  2.857004673740756 7.5764223149115395 pid4735
2.0431707327589588  0.5375818170170705 3.1183343667931 pid462d
2.082317230351416  2.950321133248407 7.98295949684823 pid465d
2.2313174298901006  1.7722417836798439 5.775800997249789 pid46c4
2.2440884221127666  0.7528579298190565 3.7498042817508797 pid4715
2.7314966822614806  2.9647927549071005 8.661082192075682 pid468d
2.747324221762537  2.643952866234115 8.035229954230768 pid45e0
2.937084682172697  2.003113497946191 6.943311678065079 pid4596
2.971462904508204  2.2077584845428198 7.386979873593844 pid4600
3.221493994511815  1.4224134820695302 6.066320958650875 pid4692
3.975678214317735  1.669182207778582 7.3140426298748995 pid46f7
4.088310227647796  0.8208570678446432 5.7300243633370815 pid45f6
4.220449998238984  0.6720636747208124 5.5645773476806095 pid466a
4.255239381452625  1.8248292046604826 7.90489779077359 pid4677
4.314782081213508  1.6797319156206862 7.6742459124548805 pid4742
4.413255644793934  1.7801826033768338 7.973620851547602 pid4683
4.67576504388858  0.6901191790250134 6.056003401938607 pid460e
4.730195556939265  2.086776428869666 8.903748414678596 pid4650
5.061605824900395  0.4542030422969448 5.970011909494285 pid45b2
5.192966618697204  2.2183360404941563 9.629638699685517 pid459d
5.304269844361054  0.9319943361257856 7.1682585166126245 pid45b8
5.631650138631816  0.7684041367019288 7.168458412035673 pid46bc
5.638210611436922  1.729153286364959 9.09651718416684 pid4668
5.739976628122978  1.329175656592938 8.398327941308853 pid469e
5.740496380546123  1.5510399162600867 8.842576213066296 pid45a3
5.9264028103999555  1.7733048810497651 9.473012572499485 pid45ba
5.976428744652562  0.6172508446958292 7.21093043404422 pid45e6
6.429300123445358  1.0739564106017707 8.577212944648899 pid461a
6.47195641515439  1.908853922353893 10.289664259862175 pid472a
6.5521853986024725  1.1030655875971922 8.758316573796858 pid4616
6.613604131301276  2.676069588688201 11.965743308677677 pid4590
6.67121346016134  0.9762322225384517 8.623677905238242 pid46d3
7.194403746295275  2.602931752142313 12.400267250579901 pid4680
7.440091632655688  2.9380938540112034 13.316279340678093 pid461f
7.501618157701251  1.4174307133618211 10.336479584424893 pid4736
7.507026988013332  1.0712148008805875 9.649456589774507 pid4623
7.77943210937122  0.7801501821539985 9.339732473679216 pid463c
8.226728073449896  2.8713549873450517 13.969438048139999 pid463e
8.408870003690405  1.2638461429952907 10.936562289680985 pid4747
8.436545517303895  2.4825069474859642 13.401559412275823 pid4676
8.505691669812688  1.4307263084839175 11.367144286780523 pid46d4
8.778234456360213  1.929917679921033 12.638069816202279 pid46b9
9.145654140461145  2.2616830572217705 13.669020254904687 pid45cb
9.473482597513572  1.207625614152568 11.888733825818708 pid46e5
9.551300236376347  2.1676582884988367 13.88661681337402 pid461c
9.694245286070636  1.5093622096023944 12.712969705275425 pid46ec
9.707645067477067  0.4559041201899082 10.619453307856883 pid46a0
9.726123330629521  0.5493814158485331 10.824886162326587 pid4615
10.285959846710313  0.9749305749255386 12.23582099656139 pid45a4
10.3373997282321  1.0999533468633984 12.537306421958897 pid4653
10.613823069731708  2.737220549116008 16.088264167963725 pid46ae
10.709401086334713  2.6518495056777076 16.013100097690128 pid468f
11.045844241061143  1.3811827734249227 13.80820978791099 pid4705
11.49154976000072  2.5791073149970742 16.649764389994868 pid46de
11.730541861347088  2.182153026621494 16.094847914590076 pid4716
11.775859184781156  1.5909593782324891 14.957777941246135 pid4722
11.969032797885603  1.4559270212131028 14.88088684031181 pid45a0
12.241439638591988  2.364801339639733 16.971042317871454 pid458d
12.416978784185062  2.192614759041775 16.80220830226861 pid46ac
12.554662864387945  2.5777865851225945 17.710236034633134 pid4689
12.89434093154359  1.899592002183061 16.693524935909714 pid4693
12.923885020796344  2.955969297016399 18.835823614829142 pid4714
12.984995414068756  0.7047381258153391 14.394471665699434 pid459b
13.033233846162162  1.7481481478377576 16.529530141837675 pid4664
13.287060895120895  1.7061834563998985 16.699427807920692 pid4651
13.989770949490566  0.4126541624459818 14.81507927438253 pid45de
14.087019862871596  2.58829239932754 19.263604661526678 pid4731
14.136067153007536  2.105939800469622 18.34794675394678 pid4612
14.2677076047382  0.9293344683693993 16.126376541477 pid45ee
14.283406166514002  1.8675614652542998 18.0185290970226 pid45bd
14.522904344460175  1.5283544961259552 17.579613336712086 pid4708
14.609347534286787  2.9635276950281315 20.53640292434305 pid45d5
14.915987963201927  1.3931999471925414 17.70238785758701 pid469b
15.10797428062548  0.8741740187878065 16.856322318201094 pid4618
15.3598977028365  0.42430253214705227 16.208502767130604 pid472c
15.596602038412078  0.5748810024282376 16.746364043268553 pid4638
15.63397064334071  2.6980803731124463 21.030131389565604 pid46dc
16.166489219551394  1.5491369687009287 19.26476315695325 pid46ff
16.324017341697484  2.1952315032880403 20.714480348273565 pid46f6
16.80483972950745  2.4851842629298844 21.775208255367218 pid45eb
17.339188431803542  0.41621502570817565 18.171618483219895 pid472e
17.901283150258074  0.8698995044730502 19.641082159204174 pid46fb
17.9141399328836  0.6115728722764391 19.137285677436477 pid46b8
17.94693030946004  2.8654115971031664 23.677753503666374 pid46a2
18.01365375284043  1.9498971370509368 21.913448026942305 pid4620
18.166962147141152  2.6956862841958094 23.558334715532773 pid45f9
18.278174133810264  1.8048181587103063 21.887810451230877 pid46c2
18.364675901560112  0.8740952408287754 20.112866383217664 pid4610
18.379101182915246  2.858874177485829 24.096849537886904 pid4728
18.611082624965324  1.6321395643340009 21.875361753633324 pid468c
18.874532370933096  2.154453844043614 23.183440059020324 pid45cd
19.182567324001532  1.3712422836796117 21.925051891360756 pid4588
19.19971305724245  1.4821566931531747 22.1640264435488 pid45f1
19.92326737014205  0.7642886624298926 21.451844695001835 pid46b1
19.993861518694565  0.5071922314640837 21.008245981622732 pid4679
20.093778984521727  0.7335354651048283 21.560849914731385 pid46e4
20.32575186480775  1.468949650269288 23.263651165346324 pid471b
20.783388407891923  2.0285135718168337 24.84041555152559 pid46a1
20.786458544513163  2.821149623723125 26.428757791959413 pid4688
20.843485397303773  2.0154235358446986 24.87433246899317 pid45a8
21.1167353846605  1.790544120910731 24.697823626481963 pid466c
21.142979900662485  2.7414548367169695 26.625889574096426 pid45c4
21.268474508887223  2.251456798049345 25.771388104985913 pid4733
21.4107633443832  2.9761039304586174 27.362971205300433 pid46cd
21.55277770292202  1.0990454912170393 23.7508686853561 pid462f
21.938423738140578  1.4884291003082724 24.915281938757122 pid4717
22.41485249637265  2.9196013252713215 28.25405514691529 pid46d7
22.42694131120242  1.475817253630587 25.378575818463595 pid45ef
22.452099796872325  2.3782818467326443 27.208663490337614 pid4669
22.830897400692763  1.137147368084588 25.105192136861938 pid4609
22.89051783505296  2.8210896863795885 28.532697207812138 pid4597
22.916668044702217  0.9424025410380941 24.801473126778404 pid4701
23.079528861920128  1.3337950652173243 25.74711899235478 pid46ab
23.111555261276585  2.1482304140004143 27.408016089277414 pid46d0
23.299850153443856  1.3767845019299272 26.05341915730371 pid45ea
23.367118035607238  1.2976285627464148 25.962375161100066 pid473f
23.407551620952482  0.4775669094797773 24.36268543991204 pid45f5
23.605432331424282  1.697097600095991 26.999627531616262 pid45e3
23.653243842592076  2.2132919521149415 28.07982774682196 pid46a5
23.680728299063457  1.882557208917107 27.445842716897673 pid46ad
23.699537403796167  1.9641914563231158 27.6279203164424 pid46a9
23.883211893891865  0.7885675580620432 25.46034701001595 pid4644
24.044731921067353  1.5476817468293502 27.140095414726055 pid4671
24.078112739786274  1.1885824783380667 26.455277696462407 pid45e7
24.195411949826916  2.893951133402627 29.98331421663217 pid45da
24.349653394299363  2.932236586890855 30.214126568081074 pid465b
24.419570265636857  1.2459959595905066 26.91156218481787 pid467c
24.655314525756733  2.187432727017558 29.03017997979185 pid463a
24.665973702896693  1.1801930657923094 27.026359834481312 pid4739
24.96459307878579  2.4492544398807596 29.863101958547308 pid4667
25.269170989847677  1.5874348391885182 28.444040668224712 pid4737
25.450746129012558  2.264869553159204 29.980485235330967 pid45a9
25.63824903157692  0.43764709820294256 26.513543227982804 pid460f
26.24994287180008  2.086145527943774 30.42223392768763 pid4660
26.281469107079058  2.415833966357784 31.113137039794626 pid45b1
26.3687861540561  1.701410559245383 29.771607272546866 pid46b3
26.477767137729092  2.2176599474147065 30.913087032558504 pid46d5
26.526220706936233  1.6311091520463856 29.788439011029006 pid46bf
26.809179772325454  2.91386277088136 32.636905314088175 pid4631
26.95393803674573  2.0901687143170675 31.134275465379865 pid45c6
27.028308225280583  0.45492786940252367 27.93816396408563 pid468e
27.18178603803374  2.4704412761175196 32.12266859026878 pid468a
27.238118750816042  2.423141763107666 32.08440227703137 pid464f
27.281508504291672  1.4027841708927884 30.08707684607725 pid46df
27.523383754479237  1.590376112281651 30.70413597904254 pid45a5
27.969543667694452  1.76105708932847 31.491657846351394 pid46b2
28.196573367660417  2.8085725202067877 33.813718408073996 pid4646
28.25795662860108  0.9749000047288678 30.207756638058815 pid4643
28.655592741457102  2.0421046862206116 32.73980211389833 pid4591
28.974935972002424  1.0733227026861822 31.12158137737479 pid45ae
29.210582268481545  0.7359026007118905 30.682387469905326 pid4721
29.414084780992887  1.3759236333429339 32.16593204767875 pid46cf
29.83966523748638  2.8253898854803405 35.49044500844706 pid45b9
30.96496649551551  1.4826726505114234 33.93031179653836 pid45be
31.099717137614512  2.436760639606418 35.97323841682735 pid45bb
31.120862762355138  2.0929698915950112 35.30680254554516 pid4630
31.225765086827984  2.8356437590748866 36.89705260497776 pid45bc
32.05512925758468  0.4343222518745188 32.92377376133372 pid45ce
32.134659952692026  2.962298527715332 38.05925700812269 pid4746
32.15012932107306  0.5853707693376387 33.32087085974834 pid46c1
32.262204743363  2.8678375140203354 37.997879771403674 pid4702
32.263496224025644  0.5939830194361984 33.45146226289804 pid4637
32.289651300771084  0.937492136872827 34.16463557451674 pid46ed
32.371160506767595  1.043769213972217 34.45869893471203 pid45cc
32.9625159177614  1.3751040915620614 35.712724100885524 pid4657
33.134668727026984  1.7217351714285103 36.578139069884 pid45f2
33.25270872219285  0.5813787272953249 34.4154661767835 pid4687
33.52368479026712  1.2220443011491091 35.967773392565334 pid4659
33.59547667567354  0.8020648243043378 35.199606324282215 pid458c
33.83195569213786  1.084765538384071 36.001486768906005 pid4626
33.922633493169776  2.4836003541871583 38.88983420154409 pid46aa
35.09056767090763  1.5221558263625745 38.13487932363278 pid466b
35.160283083333574  1.1763251199531126 37.5129333232398 pid4624
35.304131656367076  2.8429660723578274 40.990063801082734 pid4710
35.799400141627316  1.3968041387610715 38.593008419149456 pid4655
36.018442175828206  0.5487914317378326 37.11602503930387 pid46f5
36.024828304123666  0.5839180465830119 37.19266439728969 pid46dd
36.06905512782361  0.9602473546440803 37.989549837111774 pid4601
36.106293912101115  1.3025166561249684 38.71132722435105 pid471f
36.22973277542273  2.8156087324298835 41.8609502402825 pid4700
36.675905049094496  2.8693637320427245 42.414632513179946 pid45e1
37.04653778553235  0.4440783999071011 37.934694585346556 pid458a
37.1469125661112  1.3117139195700127 39.770340405251225 pid45d1
37.17248784048239  2.757792856503823 42.688073553490035 pid46f4
37.18313639024936  1.2247500035744672 39.632636397398294 pid4698
37.54589867010629  1.75478106040819 41.055460790922666 pid4694
37.61986239407972  1.3233855854360992 40.26663356495192 pid45d2
38.14643036078069  1.812262974101436 41.770956308983564 pid4730
38.20374263467025  2.767097100822092 43.73793683631443 pid45ad
38.20451380277361  2.7385661868275277 43.681646176428664 pid4592
38.23662870096406  1.1766601987726877 40.589949098509436 pid463f
38.338654482912595  1.7555239074389979 41.84970229779059 pid46a8
38.387246152321666  2.180841021798768 42.748928195919206 pid4675
38.92974121386026  2.9891770972495313 44.90809540835932 pid4641
39.015017453353565  1.0459804144172486 41.10697828218806 pid46e3
39.24429120193228  0.6329043384506418 40.510099878833564 pid458b
39.25246039658842  1.8084944133329763 42.86944922325437 pid46fe
39.91984005314031  1.883541981717788 43.68692401657589 pid468b
40.07608320431877  1.9368187482239798 43.94972070076673 pid45c2
40.724793621018186  1.241067728482233 43.20692907798265 pid45d6
40.90168158229703  0.6479544555726038 42.197590493442235 pid462c
41.16138137452792  0.5788886415358614 42.319158657599644 pid4729
41.713992036034064  2.4441698867443273 46.60233180952272 pid45d0
42.33298658219164  2.612199978444066 47.55738653907977 pid46f3
42.84210885432109  2.8015014160691396 48.44511168645937 pid4652
43.37764591108486  0.9599957261519204 45.2976373633887 pid4627
43.434534249409396  0.7129704799083049 44.860475209226 pid4684
44.02334214409449  2.3913743365093705 48.80609081711323 pid46af
44.1318487729379  2.442692516724446 49.01723380638679 pid45f8
44.15039787646421  0.8683663535477797 45.887130583559774 pid460c
44.181659907733106  0.46736896509356823 45.116397837920246 pid4723
45.15789999012259  2.062918562370443 49.28373711486347 pid461e
45.37484290503117  2.069797499569366 49.5144379041699 pid470b
45.87778526449772  1.4651444138474208 48.808074092192555 pid46cb
46.01471187744524  2.6591297321414964 51.33297134172823 pid45a1
46.39517944732982  1.6385068049164508 49.672193057162715 pid4605
46.48399008769516  0.45585698334934355 47.395704054393846 pid464b
46.88994736571406  1.6261609167151598 50.14226919914438 pid458f
47.26755048187464  1.9507784531009076 51.169107388076455 pid45e4
47.90523335350182  1.1159605711722391 50.137154495846296 pid4738
48.151172910702165  1.9973526713429122 52.14587825338799 pid4621
48.265142018340754  1.7775081135207444 51.820158245382245 pid46e1
48.30216506196285  2.772366869912969 53.84689880178879 pid45ab
48.38054701043889  2.2335412717235137 52.847629553885916 pid46da
48.444711106575944  2.1063696733266806 52.6574504532293 pid46fa
48.691559115813924  0.7478685833652168 50.18729628254436 pid469f
48.73356248243992  2.171934609796888 53.0774317020337 pid46bb
48.81035329164087  1.5691994092257877 51.94875211009245 pid45db
49.06595453087367  2.412287767641202 53.890530066156074 pid4674
49.27707020577895  2.0920016072404106 53.461073420259765 pid45b3
49.47897694765445  2.7224749343008443 54.92392681625614 pid4604
49.713260732381016  1.3419509176109963 52.39716256760301 pid464d
49.850161586952545  2.3400251162679315 54.53021181948841 pid4593
49.864730302028825  1.272321803033131 52.409373908095084 pid4670
49.920060212612086  1.6466659931492034 53.21339219891049 pid4725
49.95287761125227  1.4147496802237862 52.78237697169984 pid46be
50.17908698807542  1.3598493255419153 52.89878563915925 pid4636
51.17652052378834  0.9637992374898331 53.10411899876801 pid45b4
51.540420986915635  0.5097960437227032 52.56001307436104 pid466f
51.706288793099255  2.4836250113393556 56.67353881577797 pid467b
51.7594612433402  2.151462365984032 56.06238597530826 pid4656
52.029877686806294  0.556270188007604 53.142418062821505 pid4614
52.23744081802925  1.016996362097874 54.271433542225 pid470d
52.29042724560753  1.136303848007292 54.563034941622114 pid45a7
52.351184230126115  1.879356312593237 56.10989685531259 pid472d
52.51718476652193  2.356856594461407 57.230897955444746 pid4724
52.60512947555195  1.437819140266519 55.48076775608499 pid4672
52.88475618363867  2.492314049131061 57.86938428190079 pid45e8
53.67307809792064  2.5894302405120446 58.851938578944726 pid4629
54.07203615261798  1.7868940124883976 57.645824177594776 pid473e
54.18368267750673  2.124283982156325 58.43225064181938 pid4697
54.44627716175471  2.693224240395621 59.83272564254595 pid4648
54.57329516223074  0.7311246900858299 56.035544542402405 pid46a6
55.10675639271555  2.7528936834045563 60.61254375952467 pid4635
55.17118776855456  1.1352125106092656 57.44161278977309 pid470f
55.33525575129321  2.6654670693091527 60.666189889911514 pid4634
55.42598472063993  1.6573840459503932 58.74075281254072 pid4617
55.80561659960025  0.9545029416261962 57.71462248285264 pid4691
55.85289419117504  1.683023515632041 59.21894122243912 pid45a2
55.95595407340905  2.508388484581373 60.9727310425718 pid470c
56.01641077526367  0.48485580552260016 56.98612238630887 pid471c
56.145363252795676  1.1806757213645915 58.506714695524856 pid46e6
56.24215970031863  0.6724690590449893 57.58709781840861 pid4713
56.295181241306395  1.1421176296080984 58.57941650052259 pid45d8
56.31800494247273  1.603195638940032 59.5243962203528 pid45fe
56.404382904330284  1.5635767588970477 59.531536422124375 pid46f0
57.23503833619363  0.5686795324985255 58.37239740119068 pid4707
57.543710243461334  2.0883036658312792 61.72031757512389 pid46f1
57.67512252487001  0.5372461323748207 58.749614789619656 pid4658
57.74462097674097  1.6439643736483238 61.032549724037615 pid4690
58.006363918552275  2.5924272513895357 63.19121842133134 pid46d1
58.088059604979314  2.2959220090032515 62.67990362298582 pid46d8
58.32036145966115  1.7066025672780745 61.7335665942173 pid45e2
58.52987658241755  2.871790394671062 64.27345737175968 pid4628
58.56235648101082  1.844895722243264 62.252147925497354 pid4599
58.69062318292183  0.5542007558412609 59.799024694604356 pid4666
58.716754205433105  1.9275626108678363 62.57187942716878 pid4726
58.75545340616573  0.9029332418838419 60.561319889933415 pid45dc
58.75674115356407  1.0092993333154596 60.77533982019499 pid473b
58.89784622006945  2.5492901035666318 63.99642642720271 pid4719
58.90699388961108  1.5750127569642332 62.05701940353955 pid4712
59.990017437143585  1.97014441097757 63.93030625909873 pid46c5
60.01382735840149  2.300604679497786 64.61503671739706 pid467d
60.25508288570597  1.8031574637831111 63.86139781327219 pid4748
60.60880885181098  1.2102352721173326 63.029279396045645 pid46ba
60.89705963371371  1.1922442371537325 63.28154810802118 pid46fd
61.404385909780636  2.1371886928723964 65.67876329552543 pid469d
61.717696411337144  2.7398217079727725 67.19733982728269 pid4622
61.747710543092836  0.5056589401876216 62.75902842346808 pid45a6
62.07739411920805  0.9850557787925028 64.04750567679305 pid46ee
63.09678368996254  2.879198502550658 68.85518069506386 pid4619
63.33134968862175  2.158183570621362 67.64771682986448 pid4696
63.33404816723574  2.3556611720692766 68.0453705113743 pid45fc
63.50175277655722  2.0233897804012386 67.54853233735969 pid45b6
63.76302998266902  0.5957324621399879 64.954494906949 pid471d
63.888127037735174  2.389628062895962 68.66738316352709 pid46e7
63.89711253327782  1.304725079745516 66.50656269276885 pid46d6
64.06929908961186  1.4315811467971504 66.93246138320616 pid4681
64.21541427267431  2.7445498355790754 69.70451394383247 pid467e
64.26539855679925  0.5415790028490044 65.34855656249727 pid45fd
64.36580449903175  1.2124585252073543 66.79072154944646 pid45c5
64.40774583686176  2.1531992658346377 68.71414436853104 pid46e0
64.97501851730311  0.9661455179004714 66.90730955310406 pid46a4
65.13640302739756  2.130329595191174 69.3970622177799 pid4642
65.53665877107403  1.3197484333180587 68.17615563771015 pid45d4
65.76311584386944  1.3298636297845159 68.42284310343848 pid46b0
65.9329521039265  1.2825098807729753 68.49797186547245 pid4709
66.033110554575  1.7102760302433153 69.45366261506163 pid45df
66.12202111234478  2.8327168505029676 71.78745481335072 pid466d
66.89278748620201  2.7198212057630013 72.33242989772802 pid4611
67.21591451905357  1.2425047862101182 69.70092409147381 pid45dd
67.30311693186606  2.6332109128138312 72.56953875749372 pid46f9
67.38621473039063  1.3800484077455886 70.14631154588182 pid4699
67.52924364353346  2.99154933418273 73.51234231189892 pid4711
67.5876473158905  1.8405739524557077 71.2687952208019 pid46e2
67.66921953456043  2.180137584603617 72.02949470376765 pid4682
67.72467196688643  0.6678871970610225 69.06044636100847 pid46b7
67.72618089373475  1.6036246018986575 70.93343009753207 pid471a
68.03556703501431  1.3511115401507046 70.73779011531572 pid458e
68.4345717256159  2.1708586208376133 72.77628896729112 pid4639
68.59086121490823  1.4810114750208125 71.55288416494986 pid45b0
68.62786281269007  0.7046123520709884 70.03708751683205 pid4594
68.70171273543528  0.9979117212611414 70.69753617795756 pid460d
68.9022207552431  0.6341747004935582 70.17057015623023 pid4706
68.91031279654557  2.2303487537385744 73.37101030402272 pid46e9
69.11934021283042  2.918381395437139 74.9561030037047 pid4703
69.12187923207924  1.7622766960749727 72.64643262422918 pid45d3
69.15463218634724  2.5621528026782343 74.27893779170371 pid470e
69.26243471794714  2.243723441989528 73.7498816019262 pid463d
69.68837332047389  0.4916653908496552 70.6717041021732 pid45bf
69.88552605028073  1.6316770120593853 73.1488800743995 pid469a
70.03729386262685  1.396827540866906 72.83094894436067 pid4645
70.1508977762934  0.4656509241764861 71.08219962464638 pid4647
70.35750328859086  2.003471183077254 74.36444565474537 pid4662
70.45574460003705  2.026589481487232 74.5089235630115 pid473a
70.71267463849831  2.43464675013303 75.58196813876437 pid45f0
70.81576520867794  2.525579929880618 75.86692506843919 pid46c6
71.00483386677746  1.3309076867829321 73.66664924034332 pid45cf
71.16767930506313  1.5405406795559125 74.24876066417495 pid46b6
71.35913376734511  1.972281638103158 75.30369704355142 pid470a
71.66767077967762  2.6874490250206065 77.04256882971883 pid473d
71.75745528485017  2.6620363267197567 77.08152793828968 pid45ac
71.76024579255407  2.2881515053952013 76.33654880334447 pid460b
72.14646446628194  2.8470552658167083 77.84057499791535 pid46a3
72.254708588864  0.8841986626838324 74.02310591423166 pid4665
72.70816837306127  1.690634757476452 76.08943788801417 pid4607
73.20484282114111  2.516578164916978 78.23799915097507 pid4745
73.22470898809166  1.4555718696586495 76.13585272740896 pid46c7
73.35006645670353  0.41176850154823247 74.17360345979999 pid4608
73.85509769085027  1.6755234592514356 77.20614460935315 pid45f4
73.91166731164846  2.8639621893747007 79.63959169039786 pid4603
74.74310290969218  2.207020404657926 79.15714371900803 pid4686
74.77531651365244  2.03899844997196 78.85331341359637 pid4602
74.90173731097353  1.9139916129099546 78.72972053679344 pid466e
75.1953810069568  1.7884783869250298 78.77233778080685 pid4741
75.35062363252175  0.4946582900499552 76.33994021262166 pid4633
75.40526596507078  0.8473245590725083 77.0999150832158 pid4625
75.41174616825515  2.4520103965622733 80.3157669613797 pid4695
75.844808048363  1.9951919292738851 79.83519190691078 pid460a
76.11546771916589  1.3758187524597991 78.86710522408549 pid4718
76.31238593057135  0.6409006141579711 77.5941871588873 pid46fc
76.70584431655553  0.7782081424837693 78.26226060152307 pid45ed
77.02963213313132  1.957843639244282 80.94531941161988 pid46e8
77.4495809704094  0.8333924812520811 79.11636593291357 pid45e9
77.45852055023911  1.0466380872956245 79.55179672483037 pid4589
77.83327450153243  0.5026672783963376 78.8386090583251 pid4732
78.51568930939644  2.0479635952155393 82.61161649982752 pid46b4
79.02542604396046  2.6907273555901576 84.40688075514078 pid462a
79.09177744184939  0.9656747383167195 81.02312691848283 pid46c9
79.15226522261138  1.4780893977704443 82.10844401815227 pid46d2
79.31976183236138  1.1134812750415477 81.54672438244448 pid4598
79.37578603916057  1.1351976097136687 81.64618125858792 pid465e
79.38755410564833  1.3754225500473587 82.13839920574306 pid464a
79.44615807948107  2.764899519256189 84.97595711799345 pid4749
79.49101313287592  2.3555002110619507 84.20201355499982 pid461b
79.79813423272519  1.2580074813701292 82.31414919546545 pid465c
80.43835273594088  0.8562238065048613 82.15080034895061 pid464e
80.5609967061525  1.6516411893601357 83.86427908487276 pid4727
80.87307438980382  2.1118689397258796 85.09681226925558 pid45b5
80.96312563279986  2.3357532411846273 85.63463211516911 pid45d9
81.037137281944  0.4750666522100075 81.98727058636402 pid46cc
81.31715270973064  0.82605830467729 82.96926931908521 pid472b
81.53567140929239  2.1011830744129707 85.73803755811834 pid4649
82.01611092902505  1.0538175730155006 84.12374607505605 pid471e
82.52619212987796  0.9352513536867085 84.39669483725137 pid464c
82.67901388095764  1.8845488643675372 86.44811160969272 pid46f8
82.94292074677469  2.853411000186267 88.64974274714723 pid46c3
83.11337489139046  0.5250262556901523 84.16342740277076 pid469c
83.19853760751677  2.84947382384146 88.89748525519968 pid4595
83.26297935216314  1.702851920599513 86.66868319336217 pid465a
84.00369724567604  2.168571385974546 88.34084001762513 pid45c8
84.04671370752888  0.44117508266556493 84.92906387286001 pid4654
84.13327376779756  0.6349164005621046 85.40310656892177 pid4613
84.3995116890979  2.7379702595375965 89.8754522081731 pid45ec
84.44821236615533  1.5245189804456296 87.49725032704659 pid46eb
84.75027321472527  2.1640657080085495 89.07840463074237 pid4678
85.27557601227403  2.3930933917352704 90.06176279574457 pid46ce
85.2940591320437  0.63871316376165 86.571485459567 pid472f
85.51606319912788  0.6239635215740635 86.76399024227601 pid45c3
85.56243347208373  1.063895795818774 87.69022506372127 pid45f3
85.67043875957158  2.901271731574794 91.47298222272117 pid45c7
85.77068511813745  1.088817757690185 87.94832063351782 pid4640
86.4087864955706  0.6379141502088487 87.6846147959883 pid46d9
86.91908093929983  1.0348293640809993 88.98873966746183 pid45fb
87.02263491679744  1.9069711838699708 90.83657728453738 pid467a
87.3705070065408  0.6645453224710858 88.69959765148297 pid45fa
87.7124767862894  0.4040902376179911 88.52065726152539 pid46ca
88.26677326569597  1.8338670171601668 91.9345073000163 pid459a
88.42237557897944  1.7338651285497897 91.89010583607902 pid4740
88.45009094816142  2.9966995955481357 94.44349013925769 pid4663
88.54390588122017  0.58039427445349 89.70469443012715 pid4734
89.0524345910116  2.7182238194521786 94.48888222991596 pid4744
89.33305196510074  1.4198829172514205 92.17281779960358 pid4606
89.39147067759437  1.3462600201214263 92.08399071783722 pid4704
89.47920492081678  1.498386251722263 92.47597742426132 pid463b
89.57154584152077  1.8177647332762716 93.20707530807331 pid46a7
89.96310791145098  2.6779777057714145 95.3190633229938 pid45ca
90.03892673430185  2.0412219033930934 94.12137054108804 pid462e
90.65952281051814  1.7566751394720774 94.1728730894623 pid467f
90.98646778657542  2.5445010207921364 96.0754698281597 pid45af
92.13427123802371  2.619575851490502 97.37342294100472 pid46c8
92.16670977740046  2.325773907452803 96.81825759230607 pid4685
92.28270825963953  1.4483013297798824 95.1793109191993 pid45b7
92.38481079812867  0.7795849938203707 93.94398078576941 pid45ff
92.92193719321996  1.8490854460228596 96.62010808526568 pid4743
93.56434001849168  2.736093883261129 99.03652778501393 pid45e5
93.72231251104166  1.9726668549824433 97.66764622100655 pid46f2
93.87803046421583  1.2353315997179388 96.3486936636517 pid473c
93.87883660551401  1.1737165441170503 96.22626969374811 pid46c0
93.90054607101645  2.5394985053822228 98.97954308178089 pid45aa
93.90686689527413  2.8408259630464925 99.58851882136712 pid45c1
94.05376237580913  1.5700045742079944 97.19377152422511 pid4632
94.81846048863439  1.7059077880213835 98.23027606467716 pid45c9
94.91938632756701  1.7192903564375688 98.35796704044215 pid459e
94.92676317740731  1.8573769411310042 98.64151705966931 pid46db
95.0642098158158  2.26021461410485 99.5846390440255 pid46ea
95.09091125289243  0.5202780554912185 96.13146736387486 pid46bd
95.5678285801786  2.2330656246492153 100.03395982947703 pid462b
95.77816916476016  0.6947474875125894 97.16766413978533 pid465f
95.93004608162356  2.3269578366777464 100.58396175497906 pid45c0
96.31270318070537  0.6911072327938208 97.694917646293 pid459c
96.44820744179701  1.8013957997741765 100.05099904134536 pid4673
97.37004548949004  1.9813574690960087 101.33276042768206 pid459f
98.07126695847246  1.299537368903248 100.67034169627895 pid461d
99.09204358144798  2.614781336302625 104.32160625405324 pid46ef
99.20575245693016  2.6691415709032453 104.54403559873664 pid45d7
99.97987291711584  1.9250897104747207 103.83005233806529 pid4661
